game_name,game_id,category_name,category_id,level_id,date,user_id,run_id,time
Urban Cards,m1mxyr36,Urban Cards,mkel6rjd,ywex2ry9,2021-02-17T00:00:00,kj9yk4nx,y660xwqy,1512
Urban Cards,m1mxyr36,Urban Cards,mkel6rjd,ywex2ry9,2021-02-24T00:00:00,kj9yk4nx,y660xwqy,1512
Urban Cards,m1mxyr36,Urban Cards,mkel6rjd,ywex2ry9,2021-03-03T00:00:00,kj9yk4nx,y660xwqy,1512
Urban Cards,m1mxyr36,Urban Cards,mkel6rjd,ywex2ry9,2021-03-10T00:00:00,kj9yk4nx,y660xwqy,1512
Urban Cards,m1mxyr36,Urban Cards,mkel6rjd,ywex2ry9,2021-03-17T00:00:00,kj9yk4nx,y660xwqy,1512
Urban Cards,m1mxyr36,Urban Cards,mkel6rjd,ywex2ry9,2021-03-24T00:00:00,kj9yk4nx,y660xwqy,1512
Urban Cards,m1mxyr36,Urban Cards,mkel6rjd,ywex2ry9,2021-03-31T00:00:00,kj9yk4nx,y660xwqy,1512
Urban Cards,m1mxyr36,Urban Cards,mkel6rjd,ywex2ry9,2021-04-07T00:00:00,kj9yk4nx,y660xwqy,1512
Urban Cards,m1mxyr36,Urban Cards,mkel6rjd,ywex2ry9,2021-04-14T00:00:00,kj9yk4nx,y660xwqy,1512
Urban Cards,m1mxyr36,Urban Cards,mkel6rjd,ywex2ry9,2021-04-21T00:00:00,kj9yk4nx,y660xwqy,1512
Urban Cards,m1mxyr36,Urban Cards,mkel6rjd,ywex2ry9,2021-04-28T00:00:00,kj9yk4nx,y660xwqy,1512
Urban Cards,m1mxyr36,Urban Cards,mkel6rjd,ywex2ry9,2021-05-05T00:00:00,kj9yk4nx,y660xwqy,1512
Urban Cards,m1mxyr36,Urban Cards,mkel6rjd,ywex2ry9,2021-05-12T00:00:00,kj9yk4nx,y660xwqy,1512
Urban Cards,m1mxyr36,Urban Cards,mkel6rjd,ywex2ry9,2021-05-19T00:00:00,kj9yk4nx,y660xwqy,1512
Urban Cards,m1mxyr36,Urban Cards,mkel6rjd,ywex2ry9,2021-05-26T00:00:00,kj9yk4nx,y660xwqy,1512
Urban Cards,m1mxyr36,Urban Cards,mkel6rjd,ywex2ry9,2021-06-02T00:00:00,kj9yk4nx,y660xwqy,1512
Urban Cards,m1mxyr36,Urban Cards,mkel6rjd,ywex2ry9,2021-06-09T00:00:00,kj9yk4nx,y660xwqy,1512
Urban Cards,m1mxyr36,Urban Cards,mkel6rjd,ywex2ry9,2021-06-16T00:00:00,kj9yk4nx,y660xwqy,1512
Urban Cards,m1mxyr36,Urban Cards,mkel6rjd,ywex2ry9,2021-06-23T00:00:00,kj9yk4nx,y660xwqy,1512
Urban Cards,m1mxyr36,Urban Cards,mkel6rjd,ywex2ry9,2021-06-30T00:00:00,kj9yk4nx,y660xwqy,1512
Urban Cards,m1mxyr36,Urban Cards,mkel6rjd,ywex2ry9,2021-07-07T00:00:00,kj9yk4nx,y660xwqy,1512
Urban Cards,m1mxyr36,Urban Cards,mkel6rjd,ywex2ry9,2021-07-14T00:00:00,kj9yk4nx,y660xwqy,1512
Urban Cards,m1mxyr36,Urban Cards,mkel6rjd,ywex2ry9,2021-07-21T00:00:00,kj9yk4nx,y660xwqy,1512
Urban Cards,m1mxyr36,Urban Cards,mkel6rjd,ywex2ry9,2021-07-28T00:00:00,kj9yk4nx,y660xwqy,1512
Urban Cards,m1mxyr36,Urban Cards,mkel6rjd,ywex2ry9,2021-08-04T00:00:00,kj9yk4nx,y660xwqy,1512
Urban Cards,m1mxyr36,Urban Cards,mkel6rjd,ywex2ry9,2021-08-11T00:00:00,kj9yk4nx,y660xwqy,1512
Urban Cards,m1mxyr36,Urban Cards,mkel6rjd,ywex2ry9,2021-08-18T00:00:00,kj9yk4nx,y660xwqy,1512
Urban Cards,m1mxyr36,Urban Cards,mkel6rjd,ywex2ry9,2021-08-25T00:00:00,kj9yk4nx,y660xwqy,1512
Urban Cards,m1mxyr36,Urban Cards,mkel6rjd,ywex2ry9,2021-09-01T00:00:00,kj9yk4nx,y660xwqy,1512
Urban Cards,m1mxyr36,Urban Cards,mkel6rjd,ywex2ry9,2021-09-08T00:00:00,kj9yk4nx,y660xwqy,1512
Urban Cards,m1mxyr36,Urban Cards,mkel6rjd,ywex2ry9,2021-09-15T00:00:00,kj9yk4nx,y660xwqy,1512
Urban Cards,m1mxyr36,Urban Cards,mkel6rjd,ywex2ry9,2021-09-22T00:00:00,kj9yk4nx,y660xwqy,1512
Urban Cards,m1mxyr36,Urban Cards,mkel6rjd,ywex2ry9,2021-09-29T00:00:00,kj9yk4nx,y660xwqy,1512
Urban Cards,m1mxyr36,Urban Cards,mkel6rjd,ywex2ry9,2021-10-06T00:00:00,kj9yk4nx,y660xwqy,1512
Urban Cards,m1mxyr36,Urban Cards,mkel6rjd,ywex2ry9,2021-10-13T00:00:00,kj9yk4nx,y660xwqy,1512
Urban Cards,m1mxyr36,Urban Cards,mkel6rjd,ywex2ry9,2021-10-20T00:00:00,kj9yk4nx,y660xwqy,1512
Urban Cards,m1mxyr36,Urban Cards,mkel6rjd,ywex2ry9,2021-10-27T00:00:00,kj9yk4nx,y660xwqy,1512
Urban Cards,m1mxyr36,Urban Cards,mkel6rjd,ywex2ry9,2021-11-03T00:00:00,kj9yk4nx,y660xwqy,1512
Urban Cards,m1mxyr36,Urban Cards,mkel6rjd,ywex2ry9,2021-11-10T00:00:00,kj9yk4nx,y660xwqy,1512
Urban Cards,m1mxyr36,Urban Cards,mkel6rjd,ywex2ry9,2021-11-17T00:00:00,kj9yk4nx,y660xwqy,1512
Urban Cards,m1mxyr36,Urban Cards,mkel6rjd,ywex2ry9,2021-11-24T00:00:00,kj9yk4nx,y660xwqy,1512
Urban Cards,m1mxyr36,Urban Cards,mkel6rjd,ywex2ry9,2021-12-01T00:00:00,kj9yk4nx,y660xwqy,1512
Urban Cards,m1mxyr36,Urban Cards,mkel6rjd,ywex2ry9,2021-12-08T00:00:00,kj9yk4nx,y660xwqy,1512
Urban Cards,m1mxyr36,Urban Cards,mkel6rjd,ywex2ry9,2021-12-15T00:00:00,kj9yk4nx,y660xwqy,1512
Urban Cards,m1mxyr36,Urban Cards,mkel6rjd,ywex2ry9,2021-12-22T00:00:00,kj9yk4nx,y660xwqy,1512
Urban Cards,m1mxyr36,Urban Cards,mkel6rjd,ywex2ry9,2021-12-29T00:00:00,kj9yk4nx,y660xwqy,1512
Urban Cards,m1mxyr36,Urban Cards,mkel6rjd,ywex2ry9,2022-01-05T00:00:00,kj9yk4nx,y660xwqy,1512
Urban Cards,m1mxyr36,Urban Cards,mkel6rjd,ywex2ry9,2022-01-12T00:00:00,kj9yk4nx,y660xwqy,1512
Urban Cards,m1mxyr36,Urban Cards,mkel6rjd,ywex2ry9,2022-01-19T00:00:00,kj9yk4nx,y660xwqy,1512
Urban Cards,m1mxyr36,Urban Cards,mkel6rjd,ywex2ry9,2022-01-26T00:00:00,kj9yk4nx,y660xwqy,1512
Urban Cards,m1mxyr36,Urban Cards,mkel6rjd,ywex2ry9,2022-02-02T00:00:00,kj9yk4nx,y660xwqy,1512
Urban Cards,m1mxyr36,Urban Cards,mkel6rjd,ywex2ry9,2022-02-09T00:00:00,kj9yk4nx,y660xwqy,1512
Urban Cards,m1mxyr36,Urban Cards,mkel6rjd,ywex2ry9,2022-02-16T00:00:00,kj9yk4nx,y660xwqy,1512
Urban Cards,m1mxyr36,Urban Cards,mkel6rjd,ywex2ry9,2022-02-23T00:00:00,kj9yk4nx,y660xwqy,1512
Urban Cards,m1mxyr36,Urban Cards,mkel6rjd,ywex2ry9,2022-03-02T00:00:00,kj9yk4nx,y660xwqy,1512
Urban Cards,m1mxyr36,Urban Cards,mkel6rjd,ywex2ry9,2022-03-09T00:00:00,kj9yk4nx,y660xwqy,1512
Urban Cards,m1mxyr36,Urban Cards,mkel6rjd,ywex2ry9,2022-03-16T00:00:00,kj9yk4nx,y660xwqy,1512
Urban Cards,m1mxyr36,Urban Cards,mkel6rjd,ywex2ry9,2022-03-23T00:00:00,kj9yk4nx,y660xwqy,1512
Urban Cards,m1mxyr36,Urban Cards,mkel6rjd,ywex2ry9,2022-03-30T00:00:00,kj9yk4nx,y660xwqy,1512
Urban Cards,m1mxyr36,Urban Cards,mkel6rjd,ywex2ry9,2022-04-06T00:00:00,kj9yk4nx,y660xwqy,1512
Urban Cards,m1mxyr36,Urban Cards,mkel6rjd,ywex2ry9,2022-04-13T00:00:00,kj9yk4nx,y660xwqy,1512
Urban Cards,m1mxyr36,Urban Cards,mkel6rjd,ywex2ry9,2022-04-20T00:00:00,kj9yk4nx,y660xwqy,1512
Urban Cards,m1mxyr36,Urban Cards,mkel6rjd,ywex2ry9,2022-04-27T00:00:00,kj9yk4nx,y660xwqy,1512
Urban Cards,m1mxyr36,Urban Cards,mkel6rjd,ywex2ry9,2022-05-04T00:00:00,kj9yk4nx,y660xwqy,1512
Urban Cards,m1mxyr36,Urban Cards,mkel6rjd,ywex2ry9,2022-05-11T00:00:00,kj9yk4nx,y660xwqy,1512
Urban Cards,m1mxyr36,Urban Cards,mkel6rjd,ywex2ry9,2022-05-18T00:00:00,kj9yk4nx,y660xwqy,1512
Urban Cards,m1mxyr36,Urban Cards,mkel6rjd,ywex2ry9,2022-05-25T00:00:00,kj9yk4nx,y660xwqy,1512
Urban Cards,m1mxyr36,Urban Cards,mkel6rjd,ywex2ry9,2022-06-01T00:00:00,kj9yk4nx,y660xwqy,1512
Urban Cards,m1mxyr36,Urban Cards,mkel6rjd,ywex2ry9,2022-06-08T00:00:00,kj9yk4nx,y660xwqy,1512
Urban Cards,m1mxyr36,Urban Cards,mkel6rjd,ywex2ry9,2022-06-15T00:00:00,kj9yk4nx,y660xwqy,1512
Urban Cards,m1mxyr36,Urban Cards,mkel6rjd,ywex2ry9,2022-06-22T00:00:00,kj9yk4nx,y660xwqy,1512
Urban Cards,m1mxyr36,Urban Cards,mkel6rjd,ywex2ry9,2022-06-29T00:00:00,kj9yk4nx,y660xwqy,1512
Urban Cards,m1mxyr36,Urban Cards,mkel6rjd,ywex2ry9,2022-07-06T00:00:00,kj9yk4nx,y660xwqy,1512
Urban Cards,m1mxyr36,Urban Cards,mkel6rjd,ywex2ry9,2022-07-13T00:00:00,kj9yk4nx,y660xwqy,1512
Urban Cards,m1mxyr36,Urban Cards,mkel6rjd,ywex2ry9,2022-07-20T00:00:00,kj9yk4nx,y660xwqy,1512
Urban Cards,m1mxyr36,Urban Cards,mkel6rjd,ywex2ry9,2022-07-27T00:00:00,kj9yk4nx,y660xwqy,1512
Urban Cards,m1mxyr36,Urban Cards,mkel6rjd,ywex2ry9,2022-08-03T00:00:00,kj9yk4nx,y660xwqy,1512
Urban Cards,m1mxyr36,Urban Cards,mkel6rjd,ywex2ry9,2022-08-10T00:00:00,kj9yk4nx,y660xwqy,1512
Urban Cards,m1mxyr36,Urban Cards,mkel6rjd,ywex2ry9,2022-08-17T00:00:00,kj9yk4nx,y660xwqy,1512
Urban Cards,m1mxyr36,Urban Cards,mkel6rjd,ywex2ry9,2022-08-24T00:00:00,kj9yk4nx,y660xwqy,1512
Urban Cards,m1mxyr36,Urban Cards,mkel6rjd,ywex2ry9,2022-08-31T00:00:00,kj9yk4nx,y660xwqy,1512
Urban Cards,m1mxyr36,Urban Cards,mkel6rjd,ywex2ry9,2022-09-07T00:00:00,kj9yk4nx,y660xwqy,1512
Urban Cards,m1mxyr36,Urban Cards,mkel6rjd,ywex2ry9,2022-09-14T00:00:00,kj9yk4nx,y660xwqy,1512
Urban Cards,m1mxyr36,Urban Cards,mkel6rjd,ywex2ry9,2022-09-21T00:00:00,kj9yk4nx,y660xwqy,1512
Urban Cards,m1mxyr36,Urban Cards,mkel6rjd,ywex2ry9,2022-09-28T00:00:00,kj9yk4nx,y660xwqy,1512
Urban Cards,m1mxyr36,Urban Cards,mkel6rjd,ywex2ry9,2022-10-05T00:00:00,kj9yk4nx,y660xwqy,1512
Urban Cards,m1mxyr36,Urban Cards,mkel6rjd,ywex2ry9,2022-10-12T00:00:00,kj9yk4nx,y660xwqy,1512
Urban Cards,m1mxyr36,Urban Cards,mkel6rjd,ywex2ry9,2022-10-19T00:00:00,kj9yk4nx,y660xwqy,1512
Urban Cards,m1mxyr36,Urban Cards,mkel6rjd,ywex2ry9,2022-10-26T00:00:00,kj9yk4nx,y660xwqy,1512
Urban Cards,m1mxyr36,Urban Cards,mkel6rjd,ywex2ry9,2022-11-02T00:00:00,kj9yk4nx,y660xwqy,1512
Urban Cards,m1mxyr36,Urban Cards,mkel6rjd,ywex2ry9,2022-11-09T00:00:00,kj9yk4nx,y660xwqy,1512
Urban Cards,m1mxyr36,Urban Cards,mkel6rjd,ywex2ry9,2022-11-16T00:00:00,kj9yk4nx,y660xwqy,1512
Urban Cards,m1mxyr36,Urban Cards,mkel6rjd,ywex2ry9,2022-11-23T00:00:00,kj9yk4nx,y660xwqy,1512
Urban Cards,m1mxyr36,Urban Cards,mkel6rjd,ywex2ry9,2022-11-30T00:00:00,kj9yk4nx,y660xwqy,1512
Urban Cards,m1mxyr36,Urban Cards,mkel6rjd,ywex2ry9,2022-12-07T00:00:00,kj9yk4nx,y660xwqy,1512
Urban Cards,m1mxyr36,Urban Cards,mkel6rjd,ywex2ry9,2022-12-14T00:00:00,kj9yk4nx,y660xwqy,1512
Urban Cards,m1mxyr36,Urban Cards,mkel6rjd,ywex2ry9,2022-12-21T00:00:00,kj9yk4nx,y660xwqy,1512
Urban Cards,m1mxyr36,Urban Cards,mkel6rjd,ywex2ry9,2022-12-28T00:00:00,kj9yk4nx,y660xwqy,1512
Urban Cards,m1mxyr36,Urban Cards,mkel6rjd,o9xr1809,2021-02-17T00:00:00,kj9yk4nx,me930x8z,1711
Urban Cards,m1mxyr36,Urban Cards,mkel6rjd,o9xr1809,2021-02-24T00:00:00,kj9yk4nx,me930x8z,1711
Urban Cards,m1mxyr36,Urban Cards,mkel6rjd,o9xr1809,2021-03-03T00:00:00,kj9yk4nx,me930x8z,1711
Urban Cards,m1mxyr36,Urban Cards,mkel6rjd,o9xr1809,2021-03-10T00:00:00,kj9yk4nx,me930x8z,1711
Urban Cards,m1mxyr36,Urban Cards,mkel6rjd,o9xr1809,2021-03-17T00:00:00,kj9yk4nx,me930x8z,1711
Urban Cards,m1mxyr36,Urban Cards,mkel6rjd,o9xr1809,2021-03-24T00:00:00,kj9yk4nx,me930x8z,1711
Urban Cards,m1mxyr36,Urban Cards,mkel6rjd,o9xr1809,2021-03-31T00:00:00,kj9yk4nx,me930x8z,1711
Urban Cards,m1mxyr36,Urban Cards,mkel6rjd,o9xr1809,2021-04-07T00:00:00,kj9yk4nx,me930x8z,1711
Urban Cards,m1mxyr36,Urban Cards,mkel6rjd,o9xr1809,2021-04-14T00:00:00,kj9yk4nx,me930x8z,1711
Urban Cards,m1mxyr36,Urban Cards,mkel6rjd,o9xr1809,2021-04-21T00:00:00,kj9yk4nx,me930x8z,1711
Urban Cards,m1mxyr36,Urban Cards,mkel6rjd,o9xr1809,2021-04-28T00:00:00,kj9yk4nx,me930x8z,1711
Urban Cards,m1mxyr36,Urban Cards,mkel6rjd,o9xr1809,2021-05-05T00:00:00,kj9yk4nx,me930x8z,1711
Urban Cards,m1mxyr36,Urban Cards,mkel6rjd,o9xr1809,2021-05-12T00:00:00,kj9yk4nx,me930x8z,1711
Urban Cards,m1mxyr36,Urban Cards,mkel6rjd,o9xr1809,2021-05-19T00:00:00,kj9yk4nx,me930x8z,1711
Urban Cards,m1mxyr36,Urban Cards,mkel6rjd,o9xr1809,2021-05-26T00:00:00,kj9yk4nx,me930x8z,1711
Urban Cards,m1mxyr36,Urban Cards,mkel6rjd,o9xr1809,2021-06-02T00:00:00,kj9yk4nx,me930x8z,1711
Urban Cards,m1mxyr36,Urban Cards,mkel6rjd,o9xr1809,2021-06-09T00:00:00,kj9yk4nx,me930x8z,1711
Urban Cards,m1mxyr36,Urban Cards,mkel6rjd,o9xr1809,2021-06-16T00:00:00,kj9yk4nx,me930x8z,1711
Urban Cards,m1mxyr36,Urban Cards,mkel6rjd,o9xr1809,2021-06-23T00:00:00,kj9yk4nx,me930x8z,1711
Urban Cards,m1mxyr36,Urban Cards,mkel6rjd,o9xr1809,2021-06-30T00:00:00,kj9yk4nx,me930x8z,1711
Urban Cards,m1mxyr36,Urban Cards,mkel6rjd,o9xr1809,2021-07-07T00:00:00,kj9yk4nx,me930x8z,1711
Urban Cards,m1mxyr36,Urban Cards,mkel6rjd,o9xr1809,2021-07-14T00:00:00,kj9yk4nx,me930x8z,1711
Urban Cards,m1mxyr36,Urban Cards,mkel6rjd,o9xr1809,2021-07-21T00:00:00,kj9yk4nx,me930x8z,1711
Urban Cards,m1mxyr36,Urban Cards,mkel6rjd,o9xr1809,2021-07-28T00:00:00,kj9yk4nx,me930x8z,1711
Urban Cards,m1mxyr36,Urban Cards,mkel6rjd,o9xr1809,2021-08-04T00:00:00,kj9yk4nx,me930x8z,1711
Urban Cards,m1mxyr36,Urban Cards,mkel6rjd,o9xr1809,2021-08-11T00:00:00,kj9yk4nx,me930x8z,1711
Urban Cards,m1mxyr36,Urban Cards,mkel6rjd,o9xr1809,2021-08-18T00:00:00,kj9yk4nx,me930x8z,1711
Urban Cards,m1mxyr36,Urban Cards,mkel6rjd,o9xr1809,2021-08-25T00:00:00,kj9yk4nx,me930x8z,1711
Urban Cards,m1mxyr36,Urban Cards,mkel6rjd,o9xr1809,2021-09-01T00:00:00,kj9yk4nx,me930x8z,1711
Urban Cards,m1mxyr36,Urban Cards,mkel6rjd,o9xr1809,2021-09-08T00:00:00,kj9yk4nx,me930x8z,1711
Urban Cards,m1mxyr36,Urban Cards,mkel6rjd,o9xr1809,2021-09-15T00:00:00,kj9yk4nx,me930x8z,1711
Urban Cards,m1mxyr36,Urban Cards,mkel6rjd,o9xr1809,2021-09-22T00:00:00,kj9yk4nx,me930x8z,1711
Urban Cards,m1mxyr36,Urban Cards,mkel6rjd,o9xr1809,2021-09-29T00:00:00,kj9yk4nx,me930x8z,1711
Urban Cards,m1mxyr36,Urban Cards,mkel6rjd,o9xr1809,2021-10-06T00:00:00,kj9yk4nx,me930x8z,1711
Urban Cards,m1mxyr36,Urban Cards,mkel6rjd,o9xr1809,2021-10-13T00:00:00,kj9yk4nx,me930x8z,1711
Urban Cards,m1mxyr36,Urban Cards,mkel6rjd,o9xr1809,2021-10-20T00:00:00,kj9yk4nx,me930x8z,1711
Urban Cards,m1mxyr36,Urban Cards,mkel6rjd,o9xr1809,2021-10-27T00:00:00,kj9yk4nx,me930x8z,1711
Urban Cards,m1mxyr36,Urban Cards,mkel6rjd,o9xr1809,2021-11-03T00:00:00,kj9yk4nx,me930x8z,1711
Urban Cards,m1mxyr36,Urban Cards,mkel6rjd,o9xr1809,2021-11-10T00:00:00,kj9yk4nx,me930x8z,1711
Urban Cards,m1mxyr36,Urban Cards,mkel6rjd,o9xr1809,2021-11-17T00:00:00,kj9yk4nx,me930x8z,1711
Urban Cards,m1mxyr36,Urban Cards,mkel6rjd,o9xr1809,2021-11-24T00:00:00,kj9yk4nx,me930x8z,1711
Urban Cards,m1mxyr36,Urban Cards,mkel6rjd,o9xr1809,2021-12-01T00:00:00,kj9yk4nx,me930x8z,1711
Urban Cards,m1mxyr36,Urban Cards,mkel6rjd,o9xr1809,2021-12-08T00:00:00,kj9yk4nx,me930x8z,1711
Urban Cards,m1mxyr36,Urban Cards,mkel6rjd,o9xr1809,2021-12-15T00:00:00,kj9yk4nx,me930x8z,1711
Urban Cards,m1mxyr36,Urban Cards,mkel6rjd,o9xr1809,2021-12-22T00:00:00,kj9yk4nx,me930x8z,1711
Urban Cards,m1mxyr36,Urban Cards,mkel6rjd,o9xr1809,2021-12-29T00:00:00,kj9yk4nx,me930x8z,1711
Urban Cards,m1mxyr36,Urban Cards,mkel6rjd,o9xr1809,2022-01-05T00:00:00,kj9yk4nx,me930x8z,1711
Urban Cards,m1mxyr36,Urban Cards,mkel6rjd,o9xr1809,2022-01-12T00:00:00,kj9yk4nx,me930x8z,1711
Urban Cards,m1mxyr36,Urban Cards,mkel6rjd,o9xr1809,2022-01-19T00:00:00,kj9yk4nx,me930x8z,1711
Urban Cards,m1mxyr36,Urban Cards,mkel6rjd,o9xr1809,2022-01-26T00:00:00,kj9yk4nx,me930x8z,1711
Urban Cards,m1mxyr36,Urban Cards,mkel6rjd,o9xr1809,2022-02-02T00:00:00,kj9yk4nx,me930x8z,1711
Urban Cards,m1mxyr36,Urban Cards,mkel6rjd,o9xr1809,2022-02-09T00:00:00,kj9yk4nx,me930x8z,1711
Urban Cards,m1mxyr36,Urban Cards,mkel6rjd,o9xr1809,2022-02-16T00:00:00,kj9yk4nx,me930x8z,1711
Urban Cards,m1mxyr36,Urban Cards,mkel6rjd,o9xr1809,2022-02-23T00:00:00,kj9yk4nx,me930x8z,1711
Urban Cards,m1mxyr36,Urban Cards,mkel6rjd,o9xr1809,2022-03-02T00:00:00,kj9yk4nx,me930x8z,1711
Urban Cards,m1mxyr36,Urban Cards,mkel6rjd,o9xr1809,2022-03-09T00:00:00,kj9yk4nx,me930x8z,1711
Urban Cards,m1mxyr36,Urban Cards,mkel6rjd,o9xr1809,2022-03-16T00:00:00,kj9yk4nx,me930x8z,1711
Urban Cards,m1mxyr36,Urban Cards,mkel6rjd,o9xr1809,2022-03-23T00:00:00,kj9yk4nx,me930x8z,1711
Urban Cards,m1mxyr36,Urban Cards,mkel6rjd,o9xr1809,2022-03-30T00:00:00,kj9yk4nx,me930x8z,1711
Urban Cards,m1mxyr36,Urban Cards,mkel6rjd,o9xr1809,2022-04-06T00:00:00,kj9yk4nx,me930x8z,1711
Urban Cards,m1mxyr36,Urban Cards,mkel6rjd,o9xr1809,2022-04-13T00:00:00,kj9yk4nx,me930x8z,1711
Urban Cards,m1mxyr36,Urban Cards,mkel6rjd,o9xr1809,2022-04-20T00:00:00,kj9yk4nx,me930x8z,1711
Urban Cards,m1mxyr36,Urban Cards,mkel6rjd,o9xr1809,2022-04-27T00:00:00,kj9yk4nx,me930x8z,1711
Urban Cards,m1mxyr36,Urban Cards,mkel6rjd,o9xr1809,2022-05-04T00:00:00,kj9yk4nx,me930x8z,1711
Urban Cards,m1mxyr36,Urban Cards,mkel6rjd,o9xr1809,2022-05-11T00:00:00,kj9yk4nx,me930x8z,1711
Urban Cards,m1mxyr36,Urban Cards,mkel6rjd,o9xr1809,2022-05-18T00:00:00,kj9yk4nx,me930x8z,1711
Urban Cards,m1mxyr36,Urban Cards,mkel6rjd,o9xr1809,2022-05-25T00:00:00,kj9yk4nx,me930x8z,1711
Urban Cards,m1mxyr36,Urban Cards,mkel6rjd,o9xr1809,2022-06-01T00:00:00,kj9yk4nx,me930x8z,1711
Urban Cards,m1mxyr36,Urban Cards,mkel6rjd,o9xr1809,2022-06-08T00:00:00,kj9yk4nx,me930x8z,1711
Urban Cards,m1mxyr36,Urban Cards,mkel6rjd,o9xr1809,2022-06-15T00:00:00,kj9yk4nx,me930x8z,1711
Urban Cards,m1mxyr36,Urban Cards,mkel6rjd,o9xr1809,2022-06-22T00:00:00,kj9yk4nx,me930x8z,1711
Urban Cards,m1mxyr36,Urban Cards,mkel6rjd,o9xr1809,2022-06-29T00:00:00,kj9yk4nx,me930x8z,1711
Urban Cards,m1mxyr36,Urban Cards,mkel6rjd,o9xr1809,2022-07-06T00:00:00,kj9yk4nx,me930x8z,1711
Urban Cards,m1mxyr36,Urban Cards,mkel6rjd,o9xr1809,2022-07-13T00:00:00,kj9yk4nx,me930x8z,1711
Urban Cards,m1mxyr36,Urban Cards,mkel6rjd,o9xr1809,2022-07-20T00:00:00,kj9yk4nx,me930x8z,1711
Urban Cards,m1mxyr36,Urban Cards,mkel6rjd,o9xr1809,2022-07-27T00:00:00,kj9yk4nx,me930x8z,1711
Urban Cards,m1mxyr36,Urban Cards,mkel6rjd,o9xr1809,2022-08-03T00:00:00,kj9yk4nx,me930x8z,1711
Urban Cards,m1mxyr36,Urban Cards,mkel6rjd,o9xr1809,2022-08-10T00:00:00,kj9yk4nx,me930x8z,1711
Urban Cards,m1mxyr36,Urban Cards,mkel6rjd,o9xr1809,2022-08-17T00:00:00,kj9yk4nx,me930x8z,1711
Urban Cards,m1mxyr36,Urban Cards,mkel6rjd,o9xr1809,2022-08-24T00:00:00,kj9yk4nx,me930x8z,1711
Urban Cards,m1mxyr36,Urban Cards,mkel6rjd,o9xr1809,2022-08-31T00:00:00,kj9yk4nx,me930x8z,1711
Urban Cards,m1mxyr36,Urban Cards,mkel6rjd,o9xr1809,2022-09-07T00:00:00,kj9yk4nx,me930x8z,1711
Urban Cards,m1mxyr36,Urban Cards,mkel6rjd,o9xr1809,2022-09-14T00:00:00,kj9yk4nx,me930x8z,1711
Urban Cards,m1mxyr36,Urban Cards,mkel6rjd,o9xr1809,2022-09-21T00:00:00,kj9yk4nx,me930x8z,1711
Urban Cards,m1mxyr36,Urban Cards,mkel6rjd,o9xr1809,2022-09-28T00:00:00,kj9yk4nx,me930x8z,1711
Urban Cards,m1mxyr36,Urban Cards,mkel6rjd,o9xr1809,2022-10-05T00:00:00,kj9yk4nx,me930x8z,1711
Urban Cards,m1mxyr36,Urban Cards,mkel6rjd,o9xr1809,2022-10-12T00:00:00,kj9yk4nx,me930x8z,1711
Urban Cards,m1mxyr36,Urban Cards,mkel6rjd,o9xr1809,2022-10-19T00:00:00,kj9yk4nx,me930x8z,1711
Urban Cards,m1mxyr36,Urban Cards,mkel6rjd,o9xr1809,2022-10-26T00:00:00,kj9yk4nx,me930x8z,1711
Urban Cards,m1mxyr36,Urban Cards,mkel6rjd,o9xr1809,2022-11-02T00:00:00,kj9yk4nx,me930x8z,1711
Urban Cards,m1mxyr36,Urban Cards,mkel6rjd,o9xr1809,2022-11-09T00:00:00,kj9yk4nx,me930x8z,1711
Urban Cards,m1mxyr36,Urban Cards,mkel6rjd,o9xr1809,2022-11-16T00:00:00,kj9yk4nx,me930x8z,1711
Urban Cards,m1mxyr36,Urban Cards,mkel6rjd,o9xr1809,2022-11-23T00:00:00,kj9yk4nx,me930x8z,1711
Urban Cards,m1mxyr36,Urban Cards,mkel6rjd,o9xr1809,2022-11-30T00:00:00,kj9yk4nx,me930x8z,1711
Urban Cards,m1mxyr36,Urban Cards,mkel6rjd,o9xr1809,2022-12-07T00:00:00,kj9yk4nx,me930x8z,1711
Urban Cards,m1mxyr36,Urban Cards,mkel6rjd,o9xr1809,2022-12-14T00:00:00,kj9yk4nx,me930x8z,1711
Urban Cards,m1mxyr36,Urban Cards,mkel6rjd,o9xr1809,2022-12-21T00:00:00,kj9yk4nx,me930x8z,1711
Urban Cards,m1mxyr36,Urban Cards,mkel6rjd,o9xr1809,2022-12-28T00:00:00,kj9yk4nx,me930x8z,1711
Urban Cards,m1mxyr36,Urban Cards,mkel6rjd,495xk30d,2021-02-17T00:00:00,kj9yk4nx,zp39p4rm,1648
Urban Cards,m1mxyr36,Urban Cards,mkel6rjd,495xk30d,2021-02-24T00:00:00,kj9yk4nx,zp39p4rm,1648
Urban Cards,m1mxyr36,Urban Cards,mkel6rjd,495xk30d,2021-03-03T00:00:00,kj9yk4nx,zp39p4rm,1648
Urban Cards,m1mxyr36,Urban Cards,mkel6rjd,495xk30d,2021-03-10T00:00:00,kj9yk4nx,zp39p4rm,1648
Urban Cards,m1mxyr36,Urban Cards,mkel6rjd,495xk30d,2021-03-17T00:00:00,kj9yk4nx,zp39p4rm,1648
Urban Cards,m1mxyr36,Urban Cards,mkel6rjd,495xk30d,2021-03-24T00:00:00,kj9yk4nx,zp39p4rm,1648
Urban Cards,m1mxyr36,Urban Cards,mkel6rjd,495xk30d,2021-03-31T00:00:00,kj9yk4nx,zp39p4rm,1648
Urban Cards,m1mxyr36,Urban Cards,mkel6rjd,495xk30d,2021-04-07T00:00:00,kj9yk4nx,zp39p4rm,1648
Urban Cards,m1mxyr36,Urban Cards,mkel6rjd,495xk30d,2021-04-14T00:00:00,kj9yk4nx,zp39p4rm,1648
Urban Cards,m1mxyr36,Urban Cards,mkel6rjd,495xk30d,2021-04-21T00:00:00,kj9yk4nx,zp39p4rm,1648
Urban Cards,m1mxyr36,Urban Cards,mkel6rjd,495xk30d,2021-04-28T00:00:00,kj9yk4nx,zp39p4rm,1648
Urban Cards,m1mxyr36,Urban Cards,mkel6rjd,495xk30d,2021-05-05T00:00:00,kj9yk4nx,zp39p4rm,1648
Urban Cards,m1mxyr36,Urban Cards,mkel6rjd,495xk30d,2021-05-12T00:00:00,kj9yk4nx,zp39p4rm,1648
Urban Cards,m1mxyr36,Urban Cards,mkel6rjd,495xk30d,2021-05-19T00:00:00,kj9yk4nx,zp39p4rm,1648
Urban Cards,m1mxyr36,Urban Cards,mkel6rjd,495xk30d,2021-05-26T00:00:00,kj9yk4nx,zp39p4rm,1648
Urban Cards,m1mxyr36,Urban Cards,mkel6rjd,495xk30d,2021-06-02T00:00:00,kj9yk4nx,zp39p4rm,1648
Urban Cards,m1mxyr36,Urban Cards,mkel6rjd,495xk30d,2021-06-09T00:00:00,kj9yk4nx,zp39p4rm,1648
Urban Cards,m1mxyr36,Urban Cards,mkel6rjd,495xk30d,2021-06-16T00:00:00,kj9yk4nx,zp39p4rm,1648
Urban Cards,m1mxyr36,Urban Cards,mkel6rjd,495xk30d,2021-06-23T00:00:00,kj9yk4nx,zp39p4rm,1648
Urban Cards,m1mxyr36,Urban Cards,mkel6rjd,495xk30d,2021-06-30T00:00:00,kj9yk4nx,zp39p4rm,1648
Urban Cards,m1mxyr36,Urban Cards,mkel6rjd,495xk30d,2021-07-07T00:00:00,kj9yk4nx,zp39p4rm,1648
Urban Cards,m1mxyr36,Urban Cards,mkel6rjd,495xk30d,2021-07-14T00:00:00,kj9yk4nx,zp39p4rm,1648
Urban Cards,m1mxyr36,Urban Cards,mkel6rjd,495xk30d,2021-07-21T00:00:00,kj9yk4nx,zp39p4rm,1648
Urban Cards,m1mxyr36,Urban Cards,mkel6rjd,495xk30d,2021-07-28T00:00:00,kj9yk4nx,zp39p4rm,1648
Urban Cards,m1mxyr36,Urban Cards,mkel6rjd,495xk30d,2021-08-04T00:00:00,kj9yk4nx,zp39p4rm,1648
Urban Cards,m1mxyr36,Urban Cards,mkel6rjd,495xk30d,2021-08-11T00:00:00,kj9yk4nx,zp39p4rm,1648
Urban Cards,m1mxyr36,Urban Cards,mkel6rjd,495xk30d,2021-08-18T00:00:00,kj9yk4nx,zp39p4rm,1648
Urban Cards,m1mxyr36,Urban Cards,mkel6rjd,495xk30d,2021-08-25T00:00:00,kj9yk4nx,zp39p4rm,1648
Urban Cards,m1mxyr36,Urban Cards,mkel6rjd,495xk30d,2021-09-01T00:00:00,kj9yk4nx,zp39p4rm,1648
Urban Cards,m1mxyr36,Urban Cards,mkel6rjd,495xk30d,2021-09-08T00:00:00,kj9yk4nx,zp39p4rm,1648
Urban Cards,m1mxyr36,Urban Cards,mkel6rjd,495xk30d,2021-09-15T00:00:00,kj9yk4nx,zp39p4rm,1648
Urban Cards,m1mxyr36,Urban Cards,mkel6rjd,495xk30d,2021-09-22T00:00:00,kj9yk4nx,zp39p4rm,1648
Urban Cards,m1mxyr36,Urban Cards,mkel6rjd,495xk30d,2021-09-29T00:00:00,kj9yk4nx,zp39p4rm,1648
Urban Cards,m1mxyr36,Urban Cards,mkel6rjd,495xk30d,2021-10-06T00:00:00,kj9yk4nx,zp39p4rm,1648
Urban Cards,m1mxyr36,Urban Cards,mkel6rjd,495xk30d,2021-10-13T00:00:00,kj9yk4nx,zp39p4rm,1648
Urban Cards,m1mxyr36,Urban Cards,mkel6rjd,495xk30d,2021-10-20T00:00:00,kj9yk4nx,zp39p4rm,1648
Urban Cards,m1mxyr36,Urban Cards,mkel6rjd,495xk30d,2021-10-27T00:00:00,kj9yk4nx,zp39p4rm,1648
Urban Cards,m1mxyr36,Urban Cards,mkel6rjd,495xk30d,2021-11-03T00:00:00,kj9yk4nx,zp39p4rm,1648
Urban Cards,m1mxyr36,Urban Cards,mkel6rjd,495xk30d,2021-11-10T00:00:00,kj9yk4nx,zp39p4rm,1648
Urban Cards,m1mxyr36,Urban Cards,mkel6rjd,495xk30d,2021-11-17T00:00:00,kj9yk4nx,zp39p4rm,1648
Urban Cards,m1mxyr36,Urban Cards,mkel6rjd,495xk30d,2021-11-24T00:00:00,kj9yk4nx,zp39p4rm,1648
Urban Cards,m1mxyr36,Urban Cards,mkel6rjd,495xk30d,2021-12-01T00:00:00,kj9yk4nx,zp39p4rm,1648
Urban Cards,m1mxyr36,Urban Cards,mkel6rjd,495xk30d,2021-12-08T00:00:00,kj9yk4nx,zp39p4rm,1648
Urban Cards,m1mxyr36,Urban Cards,mkel6rjd,495xk30d,2021-12-15T00:00:00,kj9yk4nx,zp39p4rm,1648
Urban Cards,m1mxyr36,Urban Cards,mkel6rjd,495xk30d,2021-12-22T00:00:00,kj9yk4nx,zp39p4rm,1648
Urban Cards,m1mxyr36,Urban Cards,mkel6rjd,495xk30d,2021-12-29T00:00:00,kj9yk4nx,zp39p4rm,1648
Urban Cards,m1mxyr36,Urban Cards,mkel6rjd,495xk30d,2022-01-05T00:00:00,kj9yk4nx,zp39p4rm,1648
Urban Cards,m1mxyr36,Urban Cards,mkel6rjd,495xk30d,2022-01-12T00:00:00,kj9yk4nx,zp39p4rm,1648
Urban Cards,m1mxyr36,Urban Cards,mkel6rjd,495xk30d,2022-01-19T00:00:00,kj9yk4nx,zp39p4rm,1648
Urban Cards,m1mxyr36,Urban Cards,mkel6rjd,495xk30d,2022-01-26T00:00:00,kj9yk4nx,zp39p4rm,1648
Urban Cards,m1mxyr36,Urban Cards,mkel6rjd,495xk30d,2022-02-02T00:00:00,kj9yk4nx,zp39p4rm,1648
Urban Cards,m1mxyr36,Urban Cards,mkel6rjd,495xk30d,2022-02-09T00:00:00,kj9yk4nx,zp39p4rm,1648
Urban Cards,m1mxyr36,Urban Cards,mkel6rjd,495xk30d,2022-02-16T00:00:00,kj9yk4nx,zp39p4rm,1648
Urban Cards,m1mxyr36,Urban Cards,mkel6rjd,495xk30d,2022-02-23T00:00:00,kj9yk4nx,zp39p4rm,1648
Urban Cards,m1mxyr36,Urban Cards,mkel6rjd,495xk30d,2022-03-02T00:00:00,kj9yk4nx,zp39p4rm,1648
Urban Cards,m1mxyr36,Urban Cards,mkel6rjd,495xk30d,2022-03-09T00:00:00,kj9yk4nx,zp39p4rm,1648
Urban Cards,m1mxyr36,Urban Cards,mkel6rjd,495xk30d,2022-03-16T00:00:00,kj9yk4nx,zp39p4rm,1648
Urban Cards,m1mxyr36,Urban Cards,mkel6rjd,495xk30d,2022-03-23T00:00:00,kj9yk4nx,zp39p4rm,1648
Urban Cards,m1mxyr36,Urban Cards,mkel6rjd,495xk30d,2022-03-30T00:00:00,kj9yk4nx,zp39p4rm,1648
Urban Cards,m1mxyr36,Urban Cards,mkel6rjd,495xk30d,2022-04-06T00:00:00,kj9yk4nx,zp39p4rm,1648
Urban Cards,m1mxyr36,Urban Cards,mkel6rjd,495xk30d,2022-04-13T00:00:00,kj9yk4nx,zp39p4rm,1648
Urban Cards,m1mxyr36,Urban Cards,mkel6rjd,495xk30d,2022-04-20T00:00:00,kj9yk4nx,zp39p4rm,1648
Urban Cards,m1mxyr36,Urban Cards,mkel6rjd,495xk30d,2022-04-27T00:00:00,kj9yk4nx,zp39p4rm,1648
Urban Cards,m1mxyr36,Urban Cards,mkel6rjd,495xk30d,2022-05-04T00:00:00,kj9yk4nx,zp39p4rm,1648
Urban Cards,m1mxyr36,Urban Cards,mkel6rjd,495xk30d,2022-05-11T00:00:00,kj9yk4nx,zp39p4rm,1648
Urban Cards,m1mxyr36,Urban Cards,mkel6rjd,495xk30d,2022-05-18T00:00:00,kj9yk4nx,zp39p4rm,1648
Urban Cards,m1mxyr36,Urban Cards,mkel6rjd,495xk30d,2022-05-25T00:00:00,kj9yk4nx,zp39p4rm,1648
Urban Cards,m1mxyr36,Urban Cards,mkel6rjd,495xk30d,2022-06-01T00:00:00,kj9yk4nx,zp39p4rm,1648
Urban Cards,m1mxyr36,Urban Cards,mkel6rjd,495xk30d,2022-06-08T00:00:00,kj9yk4nx,zp39p4rm,1648
Urban Cards,m1mxyr36,Urban Cards,mkel6rjd,495xk30d,2022-06-15T00:00:00,kj9yk4nx,zp39p4rm,1648
Urban Cards,m1mxyr36,Urban Cards,mkel6rjd,495xk30d,2022-06-22T00:00:00,kj9yk4nx,zp39p4rm,1648
Urban Cards,m1mxyr36,Urban Cards,mkel6rjd,495xk30d,2022-06-29T00:00:00,kj9yk4nx,zp39p4rm,1648
Urban Cards,m1mxyr36,Urban Cards,mkel6rjd,495xk30d,2022-07-06T00:00:00,kj9yk4nx,zp39p4rm,1648
Urban Cards,m1mxyr36,Urban Cards,mkel6rjd,495xk30d,2022-07-13T00:00:00,kj9yk4nx,zp39p4rm,1648
Urban Cards,m1mxyr36,Urban Cards,mkel6rjd,495xk30d,2022-07-20T00:00:00,kj9yk4nx,zp39p4rm,1648
Urban Cards,m1mxyr36,Urban Cards,mkel6rjd,495xk30d,2022-07-27T00:00:00,kj9yk4nx,zp39p4rm,1648
Urban Cards,m1mxyr36,Urban Cards,mkel6rjd,495xk30d,2022-08-03T00:00:00,kj9yk4nx,zp39p4rm,1648
Urban Cards,m1mxyr36,Urban Cards,mkel6rjd,495xk30d,2022-08-10T00:00:00,kj9yk4nx,zp39p4rm,1648
Urban Cards,m1mxyr36,Urban Cards,mkel6rjd,495xk30d,2022-08-17T00:00:00,kj9yk4nx,zp39p4rm,1648
Urban Cards,m1mxyr36,Urban Cards,mkel6rjd,495xk30d,2022-08-24T00:00:00,kj9yk4nx,zp39p4rm,1648
Urban Cards,m1mxyr36,Urban Cards,mkel6rjd,495xk30d,2022-08-31T00:00:00,kj9yk4nx,zp39p4rm,1648
Urban Cards,m1mxyr36,Urban Cards,mkel6rjd,495xk30d,2022-09-07T00:00:00,kj9yk4nx,zp39p4rm,1648
Urban Cards,m1mxyr36,Urban Cards,mkel6rjd,495xk30d,2022-09-14T00:00:00,kj9yk4nx,zp39p4rm,1648
Urban Cards,m1mxyr36,Urban Cards,mkel6rjd,495xk30d,2022-09-21T00:00:00,kj9yk4nx,zp39p4rm,1648
Urban Cards,m1mxyr36,Urban Cards,mkel6rjd,495xk30d,2022-09-28T00:00:00,kj9yk4nx,zp39p4rm,1648
Urban Cards,m1mxyr36,Urban Cards,mkel6rjd,495xk30d,2022-10-05T00:00:00,kj9yk4nx,zp39p4rm,1648
Urban Cards,m1mxyr36,Urban Cards,mkel6rjd,495xk30d,2022-10-12T00:00:00,kj9yk4nx,zp39p4rm,1648
Urban Cards,m1mxyr36,Urban Cards,mkel6rjd,495xk30d,2022-10-19T00:00:00,kj9yk4nx,zp39p4rm,1648
Urban Cards,m1mxyr36,Urban Cards,mkel6rjd,495xk30d,2022-10-26T00:00:00,kj9yk4nx,zp39p4rm,1648
Urban Cards,m1mxyr36,Urban Cards,mkel6rjd,495xk30d,2022-11-02T00:00:00,kj9yk4nx,zp39p4rm,1648
Urban Cards,m1mxyr36,Urban Cards,mkel6rjd,495xk30d,2022-11-09T00:00:00,kj9yk4nx,zp39p4rm,1648
Urban Cards,m1mxyr36,Urban Cards,mkel6rjd,495xk30d,2022-11-16T00:00:00,kj9yk4nx,zp39p4rm,1648
Urban Cards,m1mxyr36,Urban Cards,mkel6rjd,495xk30d,2022-11-23T00:00:00,kj9yk4nx,zp39p4rm,1648
Urban Cards,m1mxyr36,Urban Cards,mkel6rjd,495xk30d,2022-11-30T00:00:00,kj9yk4nx,zp39p4rm,1648
Urban Cards,m1mxyr36,Urban Cards,mkel6rjd,495xk30d,2022-12-07T00:00:00,kj9yk4nx,zp39p4rm,1648
Urban Cards,m1mxyr36,Urban Cards,mkel6rjd,495xk30d,2022-12-14T00:00:00,kj9yk4nx,zp39p4rm,1648
Urban Cards,m1mxyr36,Urban Cards,mkel6rjd,495xk30d,2022-12-21T00:00:00,kj9yk4nx,zp39p4rm,1648
Urban Cards,m1mxyr36,Urban Cards,mkel6rjd,495xk30d,2022-12-28T00:00:00,kj9yk4nx,zp39p4rm,1648
Urban Cards,m1mxyr36,Urban Cards,mkel6rjd,rdq4zpk9,2021-02-17T00:00:00,kj9yk4nx,zgxpq10m,1632
Urban Cards,m1mxyr36,Urban Cards,mkel6rjd,rdq4zpk9,2021-02-24T00:00:00,kj9yk4nx,zgxpq10m,1632
Urban Cards,m1mxyr36,Urban Cards,mkel6rjd,rdq4zpk9,2021-03-03T00:00:00,kj9yk4nx,zgxpq10m,1632
Urban Cards,m1mxyr36,Urban Cards,mkel6rjd,rdq4zpk9,2021-03-10T00:00:00,kj9yk4nx,zgxpq10m,1632
Urban Cards,m1mxyr36,Urban Cards,mkel6rjd,rdq4zpk9,2021-03-17T00:00:00,kj9yk4nx,zgxpq10m,1632
Urban Cards,m1mxyr36,Urban Cards,mkel6rjd,rdq4zpk9,2021-03-24T00:00:00,kj9yk4nx,zgxpq10m,1632
Urban Cards,m1mxyr36,Urban Cards,mkel6rjd,rdq4zpk9,2021-03-31T00:00:00,kj9yk4nx,zgxpq10m,1632
Urban Cards,m1mxyr36,Urban Cards,mkel6rjd,rdq4zpk9,2021-04-07T00:00:00,kj9yk4nx,zgxpq10m,1632
Urban Cards,m1mxyr36,Urban Cards,mkel6rjd,rdq4zpk9,2021-04-14T00:00:00,kj9yk4nx,zgxpq10m,1632
Urban Cards,m1mxyr36,Urban Cards,mkel6rjd,rdq4zpk9,2021-04-21T00:00:00,kj9yk4nx,zgxpq10m,1632
Urban Cards,m1mxyr36,Urban Cards,mkel6rjd,rdq4zpk9,2021-04-28T00:00:00,kj9yk4nx,zgxpq10m,1632
Urban Cards,m1mxyr36,Urban Cards,mkel6rjd,rdq4zpk9,2021-05-05T00:00:00,kj9yk4nx,zgxpq10m,1632
Urban Cards,m1mxyr36,Urban Cards,mkel6rjd,rdq4zpk9,2021-05-12T00:00:00,kj9yk4nx,zgxpq10m,1632
Urban Cards,m1mxyr36,Urban Cards,mkel6rjd,rdq4zpk9,2021-05-19T00:00:00,kj9yk4nx,zgxpq10m,1632
Urban Cards,m1mxyr36,Urban Cards,mkel6rjd,rdq4zpk9,2021-05-26T00:00:00,kj9yk4nx,zgxpq10m,1632
Urban Cards,m1mxyr36,Urban Cards,mkel6rjd,rdq4zpk9,2021-06-02T00:00:00,kj9yk4nx,zgxpq10m,1632
Urban Cards,m1mxyr36,Urban Cards,mkel6rjd,rdq4zpk9,2021-06-09T00:00:00,kj9yk4nx,zgxpq10m,1632
Urban Cards,m1mxyr36,Urban Cards,mkel6rjd,rdq4zpk9,2021-06-16T00:00:00,kj9yk4nx,zgxpq10m,1632
Urban Cards,m1mxyr36,Urban Cards,mkel6rjd,rdq4zpk9,2021-06-23T00:00:00,kj9yk4nx,zgxpq10m,1632
Urban Cards,m1mxyr36,Urban Cards,mkel6rjd,rdq4zpk9,2021-06-30T00:00:00,kj9yk4nx,zgxpq10m,1632
Urban Cards,m1mxyr36,Urban Cards,mkel6rjd,rdq4zpk9,2021-07-07T00:00:00,kj9yk4nx,zgxpq10m,1632
Urban Cards,m1mxyr36,Urban Cards,mkel6rjd,rdq4zpk9,2021-07-14T00:00:00,kj9yk4nx,zgxpq10m,1632
Urban Cards,m1mxyr36,Urban Cards,mkel6rjd,rdq4zpk9,2021-07-21T00:00:00,kj9yk4nx,zgxpq10m,1632
Urban Cards,m1mxyr36,Urban Cards,mkel6rjd,rdq4zpk9,2021-07-28T00:00:00,kj9yk4nx,zgxpq10m,1632
Urban Cards,m1mxyr36,Urban Cards,mkel6rjd,rdq4zpk9,2021-08-04T00:00:00,kj9yk4nx,zgxpq10m,1632
Urban Cards,m1mxyr36,Urban Cards,mkel6rjd,rdq4zpk9,2021-08-11T00:00:00,kj9yk4nx,zgxpq10m,1632
Urban Cards,m1mxyr36,Urban Cards,mkel6rjd,rdq4zpk9,2021-08-18T00:00:00,kj9yk4nx,zgxpq10m,1632
Urban Cards,m1mxyr36,Urban Cards,mkel6rjd,rdq4zpk9,2021-08-25T00:00:00,kj9yk4nx,zgxpq10m,1632
Urban Cards,m1mxyr36,Urban Cards,mkel6rjd,rdq4zpk9,2021-09-01T00:00:00,kj9yk4nx,zgxpq10m,1632
Urban Cards,m1mxyr36,Urban Cards,mkel6rjd,rdq4zpk9,2021-09-08T00:00:00,kj9yk4nx,zgxpq10m,1632
Urban Cards,m1mxyr36,Urban Cards,mkel6rjd,rdq4zpk9,2021-09-15T00:00:00,kj9yk4nx,zgxpq10m,1632
Urban Cards,m1mxyr36,Urban Cards,mkel6rjd,rdq4zpk9,2021-09-22T00:00:00,kj9yk4nx,zgxpq10m,1632
Urban Cards,m1mxyr36,Urban Cards,mkel6rjd,rdq4zpk9,2021-09-29T00:00:00,kj9yk4nx,zgxpq10m,1632
Urban Cards,m1mxyr36,Urban Cards,mkel6rjd,rdq4zpk9,2021-10-06T00:00:00,kj9yk4nx,zgxpq10m,1632
Urban Cards,m1mxyr36,Urban Cards,mkel6rjd,rdq4zpk9,2021-10-13T00:00:00,kj9yk4nx,zgxpq10m,1632
Urban Cards,m1mxyr36,Urban Cards,mkel6rjd,rdq4zpk9,2021-10-20T00:00:00,kj9yk4nx,zgxpq10m,1632
Urban Cards,m1mxyr36,Urban Cards,mkel6rjd,rdq4zpk9,2021-10-27T00:00:00,kj9yk4nx,zgxpq10m,1632
Urban Cards,m1mxyr36,Urban Cards,mkel6rjd,rdq4zpk9,2021-11-03T00:00:00,kj9yk4nx,zgxpq10m,1632
Urban Cards,m1mxyr36,Urban Cards,mkel6rjd,rdq4zpk9,2021-11-10T00:00:00,kj9yk4nx,zgxpq10m,1632
Urban Cards,m1mxyr36,Urban Cards,mkel6rjd,rdq4zpk9,2021-11-17T00:00:00,kj9yk4nx,zgxpq10m,1632
Urban Cards,m1mxyr36,Urban Cards,mkel6rjd,rdq4zpk9,2021-11-24T00:00:00,kj9yk4nx,zgxpq10m,1632
Urban Cards,m1mxyr36,Urban Cards,mkel6rjd,rdq4zpk9,2021-12-01T00:00:00,kj9yk4nx,zgxpq10m,1632
Urban Cards,m1mxyr36,Urban Cards,mkel6rjd,rdq4zpk9,2021-12-08T00:00:00,kj9yk4nx,zgxpq10m,1632
Urban Cards,m1mxyr36,Urban Cards,mkel6rjd,rdq4zpk9,2021-12-15T00:00:00,kj9yk4nx,zgxpq10m,1632
Urban Cards,m1mxyr36,Urban Cards,mkel6rjd,rdq4zpk9,2021-12-22T00:00:00,kj9yk4nx,zgxpq10m,1632
Urban Cards,m1mxyr36,Urban Cards,mkel6rjd,rdq4zpk9,2021-12-29T00:00:00,kj9yk4nx,zgxpq10m,1632
Urban Cards,m1mxyr36,Urban Cards,mkel6rjd,rdq4zpk9,2022-01-05T00:00:00,kj9yk4nx,zgxpq10m,1632
Urban Cards,m1mxyr36,Urban Cards,mkel6rjd,rdq4zpk9,2022-01-12T00:00:00,kj9yk4nx,zgxpq10m,1632
Urban Cards,m1mxyr36,Urban Cards,mkel6rjd,rdq4zpk9,2022-01-19T00:00:00,kj9yk4nx,zgxpq10m,1632
Urban Cards,m1mxyr36,Urban Cards,mkel6rjd,rdq4zpk9,2022-01-26T00:00:00,kj9yk4nx,zgxpq10m,1632
Urban Cards,m1mxyr36,Urban Cards,mkel6rjd,rdq4zpk9,2022-02-02T00:00:00,kj9yk4nx,zgxpq10m,1632
Urban Cards,m1mxyr36,Urban Cards,mkel6rjd,rdq4zpk9,2022-02-09T00:00:00,kj9yk4nx,zgxpq10m,1632
Urban Cards,m1mxyr36,Urban Cards,mkel6rjd,rdq4zpk9,2022-02-16T00:00:00,kj9yk4nx,zgxpq10m,1632
Urban Cards,m1mxyr36,Urban Cards,mkel6rjd,rdq4zpk9,2022-02-23T00:00:00,kj9yk4nx,zgxpq10m,1632
Urban Cards,m1mxyr36,Urban Cards,mkel6rjd,rdq4zpk9,2022-03-02T00:00:00,kj9yk4nx,zgxpq10m,1632
Urban Cards,m1mxyr36,Urban Cards,mkel6rjd,rdq4zpk9,2022-03-09T00:00:00,kj9yk4nx,zgxpq10m,1632
Urban Cards,m1mxyr36,Urban Cards,mkel6rjd,rdq4zpk9,2022-03-16T00:00:00,kj9yk4nx,zgxpq10m,1632
Urban Cards,m1mxyr36,Urban Cards,mkel6rjd,rdq4zpk9,2022-03-23T00:00:00,kj9yk4nx,zgxpq10m,1632
Urban Cards,m1mxyr36,Urban Cards,mkel6rjd,rdq4zpk9,2022-03-30T00:00:00,kj9yk4nx,zgxpq10m,1632
Urban Cards,m1mxyr36,Urban Cards,mkel6rjd,rdq4zpk9,2022-04-06T00:00:00,kj9yk4nx,zgxpq10m,1632
Urban Cards,m1mxyr36,Urban Cards,mkel6rjd,rdq4zpk9,2022-04-13T00:00:00,kj9yk4nx,zgxpq10m,1632
Urban Cards,m1mxyr36,Urban Cards,mkel6rjd,rdq4zpk9,2022-04-20T00:00:00,kj9yk4nx,zgxpq10m,1632
Urban Cards,m1mxyr36,Urban Cards,mkel6rjd,rdq4zpk9,2022-04-27T00:00:00,kj9yk4nx,zgxpq10m,1632
Urban Cards,m1mxyr36,Urban Cards,mkel6rjd,rdq4zpk9,2022-05-04T00:00:00,kj9yk4nx,zgxpq10m,1632
Urban Cards,m1mxyr36,Urban Cards,mkel6rjd,rdq4zpk9,2022-05-11T00:00:00,kj9yk4nx,zgxpq10m,1632
Urban Cards,m1mxyr36,Urban Cards,mkel6rjd,rdq4zpk9,2022-05-18T00:00:00,kj9yk4nx,zgxpq10m,1632
Urban Cards,m1mxyr36,Urban Cards,mkel6rjd,rdq4zpk9,2022-05-25T00:00:00,kj9yk4nx,zgxpq10m,1632
Urban Cards,m1mxyr36,Urban Cards,mkel6rjd,rdq4zpk9,2022-06-01T00:00:00,kj9yk4nx,zgxpq10m,1632
Urban Cards,m1mxyr36,Urban Cards,mkel6rjd,rdq4zpk9,2022-06-08T00:00:00,kj9yk4nx,zgxpq10m,1632
Urban Cards,m1mxyr36,Urban Cards,mkel6rjd,rdq4zpk9,2022-06-15T00:00:00,kj9yk4nx,zgxpq10m,1632
Urban Cards,m1mxyr36,Urban Cards,mkel6rjd,rdq4zpk9,2022-06-22T00:00:00,kj9yk4nx,zgxpq10m,1632
Urban Cards,m1mxyr36,Urban Cards,mkel6rjd,rdq4zpk9,2022-06-29T00:00:00,kj9yk4nx,zgxpq10m,1632
Urban Cards,m1mxyr36,Urban Cards,mkel6rjd,rdq4zpk9,2022-07-06T00:00:00,kj9yk4nx,zgxpq10m,1632
Urban Cards,m1mxyr36,Urban Cards,mkel6rjd,rdq4zpk9,2022-07-13T00:00:00,kj9yk4nx,zgxpq10m,1632
Urban Cards,m1mxyr36,Urban Cards,mkel6rjd,rdq4zpk9,2022-07-20T00:00:00,kj9yk4nx,zgxpq10m,1632
Urban Cards,m1mxyr36,Urban Cards,mkel6rjd,rdq4zpk9,2022-07-27T00:00:00,kj9yk4nx,zgxpq10m,1632
Urban Cards,m1mxyr36,Urban Cards,mkel6rjd,rdq4zpk9,2022-08-03T00:00:00,kj9yk4nx,zgxpq10m,1632
Urban Cards,m1mxyr36,Urban Cards,mkel6rjd,rdq4zpk9,2022-08-10T00:00:00,kj9yk4nx,zgxpq10m,1632
Urban Cards,m1mxyr36,Urban Cards,mkel6rjd,rdq4zpk9,2022-08-17T00:00:00,kj9yk4nx,zgxpq10m,1632
Urban Cards,m1mxyr36,Urban Cards,mkel6rjd,rdq4zpk9,2022-08-24T00:00:00,kj9yk4nx,zgxpq10m,1632
Urban Cards,m1mxyr36,Urban Cards,mkel6rjd,rdq4zpk9,2022-08-31T00:00:00,kj9yk4nx,zgxpq10m,1632
Urban Cards,m1mxyr36,Urban Cards,mkel6rjd,rdq4zpk9,2022-09-07T00:00:00,kj9yk4nx,zgxpq10m,1632
Urban Cards,m1mxyr36,Urban Cards,mkel6rjd,rdq4zpk9,2022-09-14T00:00:00,kj9yk4nx,zgxpq10m,1632
Urban Cards,m1mxyr36,Urban Cards,mkel6rjd,rdq4zpk9,2022-09-21T00:00:00,kj9yk4nx,zgxpq10m,1632
Urban Cards,m1mxyr36,Urban Cards,mkel6rjd,rdq4zpk9,2022-09-28T00:00:00,kj9yk4nx,zgxpq10m,1632
Urban Cards,m1mxyr36,Urban Cards,mkel6rjd,rdq4zpk9,2022-10-05T00:00:00,kj9yk4nx,zgxpq10m,1632
Urban Cards,m1mxyr36,Urban Cards,mkel6rjd,rdq4zpk9,2022-10-12T00:00:00,kj9yk4nx,zgxpq10m,1632
Urban Cards,m1mxyr36,Urban Cards,mkel6rjd,rdq4zpk9,2022-10-19T00:00:00,kj9yk4nx,zgxpq10m,1632
Urban Cards,m1mxyr36,Urban Cards,mkel6rjd,rdq4zpk9,2022-10-26T00:00:00,kj9yk4nx,zgxpq10m,1632
Urban Cards,m1mxyr36,Urban Cards,mkel6rjd,rdq4zpk9,2022-11-02T00:00:00,kj9yk4nx,zgxpq10m,1632
Urban Cards,m1mxyr36,Urban Cards,mkel6rjd,rdq4zpk9,2022-11-09T00:00:00,kj9yk4nx,zgxpq10m,1632
Urban Cards,m1mxyr36,Urban Cards,mkel6rjd,rdq4zpk9,2022-11-16T00:00:00,kj9yk4nx,zgxpq10m,1632
Urban Cards,m1mxyr36,Urban Cards,mkel6rjd,rdq4zpk9,2022-11-23T00:00:00,kj9yk4nx,zgxpq10m,1632
Urban Cards,m1mxyr36,Urban Cards,mkel6rjd,rdq4zpk9,2022-11-30T00:00:00,kj9yk4nx,zgxpq10m,1632
Urban Cards,m1mxyr36,Urban Cards,mkel6rjd,rdq4zpk9,2022-12-07T00:00:00,kj9yk4nx,zgxpq10m,1632
Urban Cards,m1mxyr36,Urban Cards,mkel6rjd,rdq4zpk9,2022-12-14T00:00:00,kj9yk4nx,zgxpq10m,1632
Urban Cards,m1mxyr36,Urban Cards,mkel6rjd,rdq4zpk9,2022-12-21T00:00:00,kj9yk4nx,zgxpq10m,1632
Urban Cards,m1mxyr36,Urban Cards,mkel6rjd,rdq4zpk9,2022-12-28T00:00:00,kj9yk4nx,zgxpq10m,1632
Urban Cards,m1mxyr36,Urban Cards,mkel6rjd,kwj47xnw,2021-02-17T00:00:00,kj9yk4nx,zgxp8knm,1905
Urban Cards,m1mxyr36,Urban Cards,mkel6rjd,kwj47xnw,2021-02-24T00:00:00,kj9yk4nx,zgxp8knm,1905
Urban Cards,m1mxyr36,Urban Cards,mkel6rjd,kwj47xnw,2021-03-03T00:00:00,kj9yk4nx,zgxp8knm,1905
Urban Cards,m1mxyr36,Urban Cards,mkel6rjd,kwj47xnw,2021-03-10T00:00:00,kj9yk4nx,zgxp8knm,1905
Urban Cards,m1mxyr36,Urban Cards,mkel6rjd,kwj47xnw,2021-03-17T00:00:00,kj9yk4nx,zgxp8knm,1905
Urban Cards,m1mxyr36,Urban Cards,mkel6rjd,kwj47xnw,2021-03-24T00:00:00,kj9yk4nx,zgxp8knm,1905
Urban Cards,m1mxyr36,Urban Cards,mkel6rjd,kwj47xnw,2021-03-31T00:00:00,kj9yk4nx,zgxp8knm,1905
Urban Cards,m1mxyr36,Urban Cards,mkel6rjd,kwj47xnw,2021-04-07T00:00:00,kj9yk4nx,zgxp8knm,1905
Urban Cards,m1mxyr36,Urban Cards,mkel6rjd,kwj47xnw,2021-04-14T00:00:00,kj9yk4nx,zgxp8knm,1905
Urban Cards,m1mxyr36,Urban Cards,mkel6rjd,kwj47xnw,2021-04-21T00:00:00,kj9yk4nx,zgxp8knm,1905
Urban Cards,m1mxyr36,Urban Cards,mkel6rjd,kwj47xnw,2021-04-28T00:00:00,kj9yk4nx,zgxp8knm,1905
Urban Cards,m1mxyr36,Urban Cards,mkel6rjd,kwj47xnw,2021-05-05T00:00:00,kj9yk4nx,zgxp8knm,1905
Urban Cards,m1mxyr36,Urban Cards,mkel6rjd,kwj47xnw,2021-05-12T00:00:00,kj9yk4nx,zgxp8knm,1905
Urban Cards,m1mxyr36,Urban Cards,mkel6rjd,kwj47xnw,2021-05-19T00:00:00,kj9yk4nx,zgxp8knm,1905
Urban Cards,m1mxyr36,Urban Cards,mkel6rjd,kwj47xnw,2021-05-26T00:00:00,kj9yk4nx,zgxp8knm,1905
Urban Cards,m1mxyr36,Urban Cards,mkel6rjd,kwj47xnw,2021-06-02T00:00:00,kj9yk4nx,zgxp8knm,1905
Urban Cards,m1mxyr36,Urban Cards,mkel6rjd,kwj47xnw,2021-06-09T00:00:00,kj9yk4nx,zgxp8knm,1905
Urban Cards,m1mxyr36,Urban Cards,mkel6rjd,kwj47xnw,2021-06-16T00:00:00,kj9yk4nx,zgxp8knm,1905
Urban Cards,m1mxyr36,Urban Cards,mkel6rjd,kwj47xnw,2021-06-23T00:00:00,kj9yk4nx,zgxp8knm,1905
Urban Cards,m1mxyr36,Urban Cards,mkel6rjd,kwj47xnw,2021-06-30T00:00:00,kj9yk4nx,zgxp8knm,1905
Urban Cards,m1mxyr36,Urban Cards,mkel6rjd,kwj47xnw,2021-07-07T00:00:00,kj9yk4nx,zgxp8knm,1905
Urban Cards,m1mxyr36,Urban Cards,mkel6rjd,kwj47xnw,2021-07-14T00:00:00,kj9yk4nx,zgxp8knm,1905
Urban Cards,m1mxyr36,Urban Cards,mkel6rjd,kwj47xnw,2021-07-21T00:00:00,kj9yk4nx,zgxp8knm,1905
Urban Cards,m1mxyr36,Urban Cards,mkel6rjd,kwj47xnw,2021-07-28T00:00:00,kj9yk4nx,zgxp8knm,1905
Urban Cards,m1mxyr36,Urban Cards,mkel6rjd,kwj47xnw,2021-08-04T00:00:00,kj9yk4nx,zgxp8knm,1905
Urban Cards,m1mxyr36,Urban Cards,mkel6rjd,kwj47xnw,2021-08-11T00:00:00,kj9yk4nx,zgxp8knm,1905
Urban Cards,m1mxyr36,Urban Cards,mkel6rjd,kwj47xnw,2021-08-18T00:00:00,kj9yk4nx,zgxp8knm,1905
Urban Cards,m1mxyr36,Urban Cards,mkel6rjd,kwj47xnw,2021-08-25T00:00:00,kj9yk4nx,zgxp8knm,1905
Urban Cards,m1mxyr36,Urban Cards,mkel6rjd,kwj47xnw,2021-09-01T00:00:00,kj9yk4nx,zgxp8knm,1905
Urban Cards,m1mxyr36,Urban Cards,mkel6rjd,kwj47xnw,2021-09-08T00:00:00,kj9yk4nx,zgxp8knm,1905
Urban Cards,m1mxyr36,Urban Cards,mkel6rjd,kwj47xnw,2021-09-15T00:00:00,kj9yk4nx,zgxp8knm,1905
Urban Cards,m1mxyr36,Urban Cards,mkel6rjd,kwj47xnw,2021-09-22T00:00:00,kj9yk4nx,zgxp8knm,1905
Urban Cards,m1mxyr36,Urban Cards,mkel6rjd,kwj47xnw,2021-09-29T00:00:00,kj9yk4nx,zgxp8knm,1905
Urban Cards,m1mxyr36,Urban Cards,mkel6rjd,kwj47xnw,2021-10-06T00:00:00,kj9yk4nx,zgxp8knm,1905
Urban Cards,m1mxyr36,Urban Cards,mkel6rjd,kwj47xnw,2021-10-13T00:00:00,kj9yk4nx,zgxp8knm,1905
Urban Cards,m1mxyr36,Urban Cards,mkel6rjd,kwj47xnw,2021-10-20T00:00:00,kj9yk4nx,zgxp8knm,1905
Urban Cards,m1mxyr36,Urban Cards,mkel6rjd,kwj47xnw,2021-10-27T00:00:00,kj9yk4nx,zgxp8knm,1905
Urban Cards,m1mxyr36,Urban Cards,mkel6rjd,kwj47xnw,2021-11-03T00:00:00,kj9yk4nx,zgxp8knm,1905
Urban Cards,m1mxyr36,Urban Cards,mkel6rjd,kwj47xnw,2021-11-10T00:00:00,kj9yk4nx,zgxp8knm,1905
Urban Cards,m1mxyr36,Urban Cards,mkel6rjd,kwj47xnw,2021-11-17T00:00:00,kj9yk4nx,zgxp8knm,1905
Urban Cards,m1mxyr36,Urban Cards,mkel6rjd,kwj47xnw,2021-11-24T00:00:00,kj9yk4nx,zgxp8knm,1905
Urban Cards,m1mxyr36,Urban Cards,mkel6rjd,kwj47xnw,2021-12-01T00:00:00,kj9yk4nx,zgxp8knm,1905
Urban Cards,m1mxyr36,Urban Cards,mkel6rjd,kwj47xnw,2021-12-08T00:00:00,kj9yk4nx,zgxp8knm,1905
Urban Cards,m1mxyr36,Urban Cards,mkel6rjd,kwj47xnw,2021-12-15T00:00:00,kj9yk4nx,zgxp8knm,1905
Urban Cards,m1mxyr36,Urban Cards,mkel6rjd,kwj47xnw,2021-12-22T00:00:00,kj9yk4nx,zgxp8knm,1905
Urban Cards,m1mxyr36,Urban Cards,mkel6rjd,kwj47xnw,2021-12-29T00:00:00,kj9yk4nx,zgxp8knm,1905
Urban Cards,m1mxyr36,Urban Cards,mkel6rjd,kwj47xnw,2022-01-05T00:00:00,kj9yk4nx,zgxp8knm,1905
Urban Cards,m1mxyr36,Urban Cards,mkel6rjd,kwj47xnw,2022-01-12T00:00:00,kj9yk4nx,zgxp8knm,1905
Urban Cards,m1mxyr36,Urban Cards,mkel6rjd,kwj47xnw,2022-01-19T00:00:00,kj9yk4nx,zgxp8knm,1905
Urban Cards,m1mxyr36,Urban Cards,mkel6rjd,kwj47xnw,2022-01-26T00:00:00,kj9yk4nx,zgxp8knm,1905
Urban Cards,m1mxyr36,Urban Cards,mkel6rjd,kwj47xnw,2022-02-02T00:00:00,kj9yk4nx,zgxp8knm,1905
Urban Cards,m1mxyr36,Urban Cards,mkel6rjd,kwj47xnw,2022-02-09T00:00:00,kj9yk4nx,zgxp8knm,1905
Urban Cards,m1mxyr36,Urban Cards,mkel6rjd,kwj47xnw,2022-02-16T00:00:00,kj9yk4nx,zgxp8knm,1905
Urban Cards,m1mxyr36,Urban Cards,mkel6rjd,kwj47xnw,2022-02-23T00:00:00,kj9yk4nx,zgxp8knm,1905
Urban Cards,m1mxyr36,Urban Cards,mkel6rjd,kwj47xnw,2022-03-02T00:00:00,kj9yk4nx,zgxp8knm,1905
Urban Cards,m1mxyr36,Urban Cards,mkel6rjd,kwj47xnw,2022-03-09T00:00:00,kj9yk4nx,zgxp8knm,1905
Urban Cards,m1mxyr36,Urban Cards,mkel6rjd,kwj47xnw,2022-03-16T00:00:00,kj9yk4nx,zgxp8knm,1905
Urban Cards,m1mxyr36,Urban Cards,mkel6rjd,kwj47xnw,2022-03-23T00:00:00,kj9yk4nx,zgxp8knm,1905
Urban Cards,m1mxyr36,Urban Cards,mkel6rjd,kwj47xnw,2022-03-30T00:00:00,kj9yk4nx,zgxp8knm,1905
Urban Cards,m1mxyr36,Urban Cards,mkel6rjd,kwj47xnw,2022-04-06T00:00:00,kj9yk4nx,zgxp8knm,1905
Urban Cards,m1mxyr36,Urban Cards,mkel6rjd,kwj47xnw,2022-04-13T00:00:00,kj9yk4nx,zgxp8knm,1905
Urban Cards,m1mxyr36,Urban Cards,mkel6rjd,kwj47xnw,2022-04-20T00:00:00,kj9yk4nx,zgxp8knm,1905
Urban Cards,m1mxyr36,Urban Cards,mkel6rjd,kwj47xnw,2022-04-27T00:00:00,kj9yk4nx,zgxp8knm,1905
Urban Cards,m1mxyr36,Urban Cards,mkel6rjd,kwj47xnw,2022-05-04T00:00:00,kj9yk4nx,zgxp8knm,1905
Urban Cards,m1mxyr36,Urban Cards,mkel6rjd,kwj47xnw,2022-05-11T00:00:00,kj9yk4nx,zgxp8knm,1905
Urban Cards,m1mxyr36,Urban Cards,mkel6rjd,kwj47xnw,2022-05-18T00:00:00,kj9yk4nx,zgxp8knm,1905
Urban Cards,m1mxyr36,Urban Cards,mkel6rjd,kwj47xnw,2022-05-25T00:00:00,kj9yk4nx,zgxp8knm,1905
Urban Cards,m1mxyr36,Urban Cards,mkel6rjd,kwj47xnw,2022-06-01T00:00:00,kj9yk4nx,zgxp8knm,1905
Urban Cards,m1mxyr36,Urban Cards,mkel6rjd,kwj47xnw,2022-06-08T00:00:00,kj9yk4nx,zgxp8knm,1905
Urban Cards,m1mxyr36,Urban Cards,mkel6rjd,kwj47xnw,2022-06-15T00:00:00,kj9yk4nx,zgxp8knm,1905
Urban Cards,m1mxyr36,Urban Cards,mkel6rjd,kwj47xnw,2022-06-22T00:00:00,kj9yk4nx,zgxp8knm,1905
Urban Cards,m1mxyr36,Urban Cards,mkel6rjd,kwj47xnw,2022-06-29T00:00:00,kj9yk4nx,zgxp8knm,1905
Urban Cards,m1mxyr36,Urban Cards,mkel6rjd,kwj47xnw,2022-07-06T00:00:00,kj9yk4nx,zgxp8knm,1905
Urban Cards,m1mxyr36,Urban Cards,mkel6rjd,kwj47xnw,2022-07-13T00:00:00,kj9yk4nx,zgxp8knm,1905
Urban Cards,m1mxyr36,Urban Cards,mkel6rjd,kwj47xnw,2022-07-20T00:00:00,kj9yk4nx,zgxp8knm,1905
Urban Cards,m1mxyr36,Urban Cards,mkel6rjd,kwj47xnw,2022-07-27T00:00:00,kj9yk4nx,zgxp8knm,1905
Urban Cards,m1mxyr36,Urban Cards,mkel6rjd,kwj47xnw,2022-08-03T00:00:00,kj9yk4nx,zgxp8knm,1905
Urban Cards,m1mxyr36,Urban Cards,mkel6rjd,kwj47xnw,2022-08-10T00:00:00,kj9yk4nx,zgxp8knm,1905
Urban Cards,m1mxyr36,Urban Cards,mkel6rjd,kwj47xnw,2022-08-17T00:00:00,kj9yk4nx,zgxp8knm,1905
Urban Cards,m1mxyr36,Urban Cards,mkel6rjd,kwj47xnw,2022-08-24T00:00:00,kj9yk4nx,zgxp8knm,1905
Urban Cards,m1mxyr36,Urban Cards,mkel6rjd,kwj47xnw,2022-08-31T00:00:00,kj9yk4nx,zgxp8knm,1905
Urban Cards,m1mxyr36,Urban Cards,mkel6rjd,kwj47xnw,2022-09-07T00:00:00,kj9yk4nx,zgxp8knm,1905
Urban Cards,m1mxyr36,Urban Cards,mkel6rjd,kwj47xnw,2022-09-14T00:00:00,kj9yk4nx,zgxp8knm,1905
Urban Cards,m1mxyr36,Urban Cards,mkel6rjd,kwj47xnw,2022-09-21T00:00:00,kj9yk4nx,zgxp8knm,1905
Urban Cards,m1mxyr36,Urban Cards,mkel6rjd,kwj47xnw,2022-09-28T00:00:00,kj9yk4nx,zgxp8knm,1905
Urban Cards,m1mxyr36,Urban Cards,mkel6rjd,kwj47xnw,2022-10-05T00:00:00,kj9yk4nx,zgxp8knm,1905
Urban Cards,m1mxyr36,Urban Cards,mkel6rjd,kwj47xnw,2022-10-12T00:00:00,kj9yk4nx,zgxp8knm,1905
Urban Cards,m1mxyr36,Urban Cards,mkel6rjd,kwj47xnw,2022-10-19T00:00:00,kj9yk4nx,zgxp8knm,1905
Urban Cards,m1mxyr36,Urban Cards,mkel6rjd,kwj47xnw,2022-10-26T00:00:00,kj9yk4nx,zgxp8knm,1905
Urban Cards,m1mxyr36,Urban Cards,mkel6rjd,kwj47xnw,2022-11-02T00:00:00,kj9yk4nx,zgxp8knm,1905
Urban Cards,m1mxyr36,Urban Cards,mkel6rjd,kwj47xnw,2022-11-09T00:00:00,kj9yk4nx,zgxp8knm,1905
Urban Cards,m1mxyr36,Urban Cards,mkel6rjd,kwj47xnw,2022-11-16T00:00:00,kj9yk4nx,zgxp8knm,1905
Urban Cards,m1mxyr36,Urban Cards,mkel6rjd,kwj47xnw,2022-11-23T00:00:00,kj9yk4nx,zgxp8knm,1905
Urban Cards,m1mxyr36,Urban Cards,mkel6rjd,kwj47xnw,2022-11-30T00:00:00,kj9yk4nx,zgxp8knm,1905
Urban Cards,m1mxyr36,Urban Cards,mkel6rjd,kwj47xnw,2022-12-07T00:00:00,kj9yk4nx,zgxp8knm,1905
Urban Cards,m1mxyr36,Urban Cards,mkel6rjd,kwj47xnw,2022-12-14T00:00:00,kj9yk4nx,zgxp8knm,1905
Urban Cards,m1mxyr36,Urban Cards,mkel6rjd,kwj47xnw,2022-12-21T00:00:00,kj9yk4nx,zgxp8knm,1905
Urban Cards,m1mxyr36,Urban Cards,mkel6rjd,kwj47xnw,2022-12-28T00:00:00,kj9yk4nx,zgxp8knm,1905
Urban Cards,m1mxyr36,Urban Cards,mkel6rjd,owo47oo9,2021-02-17T00:00:00,kj9yk4nx,y2vej27z,1806
Urban Cards,m1mxyr36,Urban Cards,mkel6rjd,owo47oo9,2021-02-24T00:00:00,kj9yk4nx,y2vej27z,1806
Urban Cards,m1mxyr36,Urban Cards,mkel6rjd,owo47oo9,2021-03-03T00:00:00,kj9yk4nx,y2vej27z,1806
Urban Cards,m1mxyr36,Urban Cards,mkel6rjd,owo47oo9,2021-03-10T00:00:00,kj9yk4nx,y2vej27z,1806
Urban Cards,m1mxyr36,Urban Cards,mkel6rjd,owo47oo9,2021-03-17T00:00:00,kj9yk4nx,y2vej27z,1806
Urban Cards,m1mxyr36,Urban Cards,mkel6rjd,owo47oo9,2021-03-24T00:00:00,kj9yk4nx,y2vej27z,1806
Urban Cards,m1mxyr36,Urban Cards,mkel6rjd,owo47oo9,2021-03-31T00:00:00,kj9yk4nx,y2vej27z,1806
Urban Cards,m1mxyr36,Urban Cards,mkel6rjd,owo47oo9,2021-04-07T00:00:00,kj9yk4nx,y2vej27z,1806
Urban Cards,m1mxyr36,Urban Cards,mkel6rjd,owo47oo9,2021-04-14T00:00:00,kj9yk4nx,y2vej27z,1806
Urban Cards,m1mxyr36,Urban Cards,mkel6rjd,owo47oo9,2021-04-21T00:00:00,kj9yk4nx,y2vej27z,1806
Urban Cards,m1mxyr36,Urban Cards,mkel6rjd,owo47oo9,2021-04-28T00:00:00,kj9yk4nx,y2vej27z,1806
Urban Cards,m1mxyr36,Urban Cards,mkel6rjd,owo47oo9,2021-05-05T00:00:00,kj9yk4nx,y2vej27z,1806
Urban Cards,m1mxyr36,Urban Cards,mkel6rjd,owo47oo9,2021-05-12T00:00:00,kj9yk4nx,y2vej27z,1806
Urban Cards,m1mxyr36,Urban Cards,mkel6rjd,owo47oo9,2021-05-19T00:00:00,kj9yk4nx,y2vej27z,1806
Urban Cards,m1mxyr36,Urban Cards,mkel6rjd,owo47oo9,2021-05-26T00:00:00,kj9yk4nx,y2vej27z,1806
Urban Cards,m1mxyr36,Urban Cards,mkel6rjd,owo47oo9,2021-06-02T00:00:00,kj9yk4nx,y2vej27z,1806
Urban Cards,m1mxyr36,Urban Cards,mkel6rjd,owo47oo9,2021-06-09T00:00:00,kj9yk4nx,y2vej27z,1806
Urban Cards,m1mxyr36,Urban Cards,mkel6rjd,owo47oo9,2021-06-16T00:00:00,kj9yk4nx,y2vej27z,1806
Urban Cards,m1mxyr36,Urban Cards,mkel6rjd,owo47oo9,2021-06-23T00:00:00,kj9yk4nx,y2vej27z,1806
Urban Cards,m1mxyr36,Urban Cards,mkel6rjd,owo47oo9,2021-06-30T00:00:00,kj9yk4nx,y2vej27z,1806
Urban Cards,m1mxyr36,Urban Cards,mkel6rjd,owo47oo9,2021-07-07T00:00:00,kj9yk4nx,y2vej27z,1806
Urban Cards,m1mxyr36,Urban Cards,mkel6rjd,owo47oo9,2021-07-14T00:00:00,kj9yk4nx,y2vej27z,1806
Urban Cards,m1mxyr36,Urban Cards,mkel6rjd,owo47oo9,2021-07-21T00:00:00,kj9yk4nx,y2vej27z,1806
Urban Cards,m1mxyr36,Urban Cards,mkel6rjd,owo47oo9,2021-07-28T00:00:00,kj9yk4nx,y2vej27z,1806
Urban Cards,m1mxyr36,Urban Cards,mkel6rjd,owo47oo9,2021-08-04T00:00:00,kj9yk4nx,y2vej27z,1806
Urban Cards,m1mxyr36,Urban Cards,mkel6rjd,owo47oo9,2021-08-11T00:00:00,kj9yk4nx,y2vej27z,1806
Urban Cards,m1mxyr36,Urban Cards,mkel6rjd,owo47oo9,2021-08-18T00:00:00,kj9yk4nx,y2vej27z,1806
Urban Cards,m1mxyr36,Urban Cards,mkel6rjd,owo47oo9,2021-08-25T00:00:00,kj9yk4nx,y2vej27z,1806
Urban Cards,m1mxyr36,Urban Cards,mkel6rjd,owo47oo9,2021-09-01T00:00:00,kj9yk4nx,y2vej27z,1806
Urban Cards,m1mxyr36,Urban Cards,mkel6rjd,owo47oo9,2021-09-08T00:00:00,kj9yk4nx,y2vej27z,1806
Urban Cards,m1mxyr36,Urban Cards,mkel6rjd,owo47oo9,2021-09-15T00:00:00,kj9yk4nx,y2vej27z,1806
Urban Cards,m1mxyr36,Urban Cards,mkel6rjd,owo47oo9,2021-09-22T00:00:00,kj9yk4nx,y2vej27z,1806
Urban Cards,m1mxyr36,Urban Cards,mkel6rjd,owo47oo9,2021-09-29T00:00:00,kj9yk4nx,y2vej27z,1806
Urban Cards,m1mxyr36,Urban Cards,mkel6rjd,owo47oo9,2021-10-06T00:00:00,kj9yk4nx,y2vej27z,1806
Urban Cards,m1mxyr36,Urban Cards,mkel6rjd,owo47oo9,2021-10-13T00:00:00,kj9yk4nx,y2vej27z,1806
Urban Cards,m1mxyr36,Urban Cards,mkel6rjd,owo47oo9,2021-10-20T00:00:00,kj9yk4nx,y2vej27z,1806
Urban Cards,m1mxyr36,Urban Cards,mkel6rjd,owo47oo9,2021-10-27T00:00:00,kj9yk4nx,y2vej27z,1806
Urban Cards,m1mxyr36,Urban Cards,mkel6rjd,owo47oo9,2021-11-03T00:00:00,kj9yk4nx,y2vej27z,1806
Urban Cards,m1mxyr36,Urban Cards,mkel6rjd,owo47oo9,2021-11-10T00:00:00,kj9yk4nx,y2vej27z,1806
Urban Cards,m1mxyr36,Urban Cards,mkel6rjd,owo47oo9,2021-11-17T00:00:00,kj9yk4nx,y2vej27z,1806
Urban Cards,m1mxyr36,Urban Cards,mkel6rjd,owo47oo9,2021-11-24T00:00:00,kj9yk4nx,y2vej27z,1806
Urban Cards,m1mxyr36,Urban Cards,mkel6rjd,owo47oo9,2021-12-01T00:00:00,kj9yk4nx,y2vej27z,1806
Urban Cards,m1mxyr36,Urban Cards,mkel6rjd,owo47oo9,2021-12-08T00:00:00,kj9yk4nx,y2vej27z,1806
Urban Cards,m1mxyr36,Urban Cards,mkel6rjd,owo47oo9,2021-12-15T00:00:00,kj9yk4nx,y2vej27z,1806
Urban Cards,m1mxyr36,Urban Cards,mkel6rjd,owo47oo9,2021-12-22T00:00:00,kj9yk4nx,y2vej27z,1806
Urban Cards,m1mxyr36,Urban Cards,mkel6rjd,owo47oo9,2021-12-29T00:00:00,kj9yk4nx,y2vej27z,1806
Urban Cards,m1mxyr36,Urban Cards,mkel6rjd,owo47oo9,2022-01-05T00:00:00,kj9yk4nx,y2vej27z,1806
Urban Cards,m1mxyr36,Urban Cards,mkel6rjd,owo47oo9,2022-01-12T00:00:00,kj9yk4nx,y2vej27z,1806
Urban Cards,m1mxyr36,Urban Cards,mkel6rjd,owo47oo9,2022-01-19T00:00:00,kj9yk4nx,y2vej27z,1806
Urban Cards,m1mxyr36,Urban Cards,mkel6rjd,owo47oo9,2022-01-26T00:00:00,kj9yk4nx,y2vej27z,1806
Urban Cards,m1mxyr36,Urban Cards,mkel6rjd,owo47oo9,2022-02-02T00:00:00,kj9yk4nx,y2vej27z,1806
Urban Cards,m1mxyr36,Urban Cards,mkel6rjd,owo47oo9,2022-02-09T00:00:00,kj9yk4nx,y2vej27z,1806
Urban Cards,m1mxyr36,Urban Cards,mkel6rjd,owo47oo9,2022-02-16T00:00:00,kj9yk4nx,y2vej27z,1806
Urban Cards,m1mxyr36,Urban Cards,mkel6rjd,owo47oo9,2022-02-23T00:00:00,kj9yk4nx,y2vej27z,1806
Urban Cards,m1mxyr36,Urban Cards,mkel6rjd,owo47oo9,2022-03-02T00:00:00,kj9yk4nx,y2vej27z,1806
Urban Cards,m1mxyr36,Urban Cards,mkel6rjd,owo47oo9,2022-03-09T00:00:00,kj9yk4nx,y2vej27z,1806
Urban Cards,m1mxyr36,Urban Cards,mkel6rjd,owo47oo9,2022-03-16T00:00:00,kj9yk4nx,y2vej27z,1806
Urban Cards,m1mxyr36,Urban Cards,mkel6rjd,owo47oo9,2022-03-23T00:00:00,kj9yk4nx,y2vej27z,1806
Urban Cards,m1mxyr36,Urban Cards,mkel6rjd,owo47oo9,2022-03-30T00:00:00,kj9yk4nx,y2vej27z,1806
Urban Cards,m1mxyr36,Urban Cards,mkel6rjd,owo47oo9,2022-04-06T00:00:00,kj9yk4nx,y2vej27z,1806
Urban Cards,m1mxyr36,Urban Cards,mkel6rjd,owo47oo9,2022-04-13T00:00:00,kj9yk4nx,y2vej27z,1806
Urban Cards,m1mxyr36,Urban Cards,mkel6rjd,owo47oo9,2022-04-20T00:00:00,kj9yk4nx,y2vej27z,1806
Urban Cards,m1mxyr36,Urban Cards,mkel6rjd,owo47oo9,2022-04-27T00:00:00,kj9yk4nx,y2vej27z,1806
Urban Cards,m1mxyr36,Urban Cards,mkel6rjd,owo47oo9,2022-05-04T00:00:00,kj9yk4nx,y2vej27z,1806
Urban Cards,m1mxyr36,Urban Cards,mkel6rjd,owo47oo9,2022-05-11T00:00:00,kj9yk4nx,y2vej27z,1806
Urban Cards,m1mxyr36,Urban Cards,mkel6rjd,owo47oo9,2022-05-18T00:00:00,kj9yk4nx,y2vej27z,1806
Urban Cards,m1mxyr36,Urban Cards,mkel6rjd,owo47oo9,2022-05-25T00:00:00,kj9yk4nx,y2vej27z,1806
Urban Cards,m1mxyr36,Urban Cards,mkel6rjd,owo47oo9,2022-06-01T00:00:00,kj9yk4nx,y2vej27z,1806
Urban Cards,m1mxyr36,Urban Cards,mkel6rjd,owo47oo9,2022-06-08T00:00:00,kj9yk4nx,y2vej27z,1806
Urban Cards,m1mxyr36,Urban Cards,mkel6rjd,owo47oo9,2022-06-15T00:00:00,kj9yk4nx,y2vej27z,1806
Urban Cards,m1mxyr36,Urban Cards,mkel6rjd,owo47oo9,2022-06-22T00:00:00,kj9yk4nx,y2vej27z,1806
Urban Cards,m1mxyr36,Urban Cards,mkel6rjd,owo47oo9,2022-06-29T00:00:00,kj9yk4nx,y2vej27z,1806
Urban Cards,m1mxyr36,Urban Cards,mkel6rjd,owo47oo9,2022-07-06T00:00:00,kj9yk4nx,y2vej27z,1806
Urban Cards,m1mxyr36,Urban Cards,mkel6rjd,owo47oo9,2022-07-13T00:00:00,kj9yk4nx,y2vej27z,1806
Urban Cards,m1mxyr36,Urban Cards,mkel6rjd,owo47oo9,2022-07-20T00:00:00,kj9yk4nx,y2vej27z,1806
Urban Cards,m1mxyr36,Urban Cards,mkel6rjd,owo47oo9,2022-07-27T00:00:00,kj9yk4nx,y2vej27z,1806
Urban Cards,m1mxyr36,Urban Cards,mkel6rjd,owo47oo9,2022-08-03T00:00:00,kj9yk4nx,y2vej27z,1806
Urban Cards,m1mxyr36,Urban Cards,mkel6rjd,owo47oo9,2022-08-10T00:00:00,kj9yk4nx,y2vej27z,1806
Urban Cards,m1mxyr36,Urban Cards,mkel6rjd,owo47oo9,2022-08-17T00:00:00,kj9yk4nx,y2vej27z,1806
Urban Cards,m1mxyr36,Urban Cards,mkel6rjd,owo47oo9,2022-08-24T00:00:00,kj9yk4nx,y2vej27z,1806
Urban Cards,m1mxyr36,Urban Cards,mkel6rjd,owo47oo9,2022-08-31T00:00:00,kj9yk4nx,y2vej27z,1806
Urban Cards,m1mxyr36,Urban Cards,mkel6rjd,owo47oo9,2022-09-07T00:00:00,kj9yk4nx,y2vej27z,1806
Urban Cards,m1mxyr36,Urban Cards,mkel6rjd,owo47oo9,2022-09-14T00:00:00,kj9yk4nx,y2vej27z,1806
Urban Cards,m1mxyr36,Urban Cards,mkel6rjd,owo47oo9,2022-09-21T00:00:00,kj9yk4nx,y2vej27z,1806
Urban Cards,m1mxyr36,Urban Cards,mkel6rjd,owo47oo9,2022-09-28T00:00:00,kj9yk4nx,y2vej27z,1806
Urban Cards,m1mxyr36,Urban Cards,mkel6rjd,owo47oo9,2022-10-05T00:00:00,kj9yk4nx,y2vej27z,1806
Urban Cards,m1mxyr36,Urban Cards,mkel6rjd,owo47oo9,2022-10-12T00:00:00,kj9yk4nx,y2vej27z,1806
Urban Cards,m1mxyr36,Urban Cards,mkel6rjd,owo47oo9,2022-10-19T00:00:00,kj9yk4nx,y2vej27z,1806
Urban Cards,m1mxyr36,Urban Cards,mkel6rjd,owo47oo9,2022-10-26T00:00:00,kj9yk4nx,y2vej27z,1806
Urban Cards,m1mxyr36,Urban Cards,mkel6rjd,owo47oo9,2022-11-02T00:00:00,kj9yk4nx,y2vej27z,1806
Urban Cards,m1mxyr36,Urban Cards,mkel6rjd,owo47oo9,2022-11-09T00:00:00,kj9yk4nx,y2vej27z,1806
Urban Cards,m1mxyr36,Urban Cards,mkel6rjd,owo47oo9,2022-11-16T00:00:00,kj9yk4nx,y2vej27z,1806
Urban Cards,m1mxyr36,Urban Cards,mkel6rjd,owo47oo9,2022-11-23T00:00:00,kj9yk4nx,y2vej27z,1806
Urban Cards,m1mxyr36,Urban Cards,mkel6rjd,owo47oo9,2022-11-30T00:00:00,kj9yk4nx,y2vej27z,1806
Urban Cards,m1mxyr36,Urban Cards,mkel6rjd,owo47oo9,2022-12-07T00:00:00,kj9yk4nx,y2vej27z,1806
Urban Cards,m1mxyr36,Urban Cards,mkel6rjd,owo47oo9,2022-12-14T00:00:00,kj9yk4nx,y2vej27z,1806
Urban Cards,m1mxyr36,Urban Cards,mkel6rjd,owo47oo9,2022-12-21T00:00:00,kj9yk4nx,y2vej27z,1806
Urban Cards,m1mxyr36,Urban Cards,mkel6rjd,owo47oo9,2022-12-28T00:00:00,kj9yk4nx,y2vej27z,1806
