user,game_id,category_id,level_id,time,date,emulated
qj2z3pjk,8nd2wvd0,xn2y3zdo,None,3938,2017-09-04,True
qj2z3pjk,8nd2wvd0,p7kjqnd3,None,14038,2017-06-01,True
qj2z3pjk,n4d7pgd7,gq257ydo,None,8652,2017-02-14,True
qj2z3pjk,n4d7pgd7,wz27o0d0,None,3230,2016-04-11,True
qj2z3pjk,n4d7pgd7,9zdn1ekq,None,3319,2016-04-02,True
qj2z3pjk,29d37g6l,ndxjzj2q,None,3674,2017-02-02,True
qj2z3pjk,29d37g6l,w20pjzkn,None,14129,2015-12-07,True
qj2z3pjk,29d37g6l,gjdregk6,None,3519,2016-06-26,True
qj2z3pjk,29d37g6l,r02qpjdy,None,11831,2017-01-31,True
qj2z3pjk,ok6qj9dg,mndx752q,None,7636,2020-10-26,True
qj2z3pjk,ok6qj9dg,mndx752q,None,4851,2020-12-10,True
qj2z3pjk,ok6qj9dg,mndx752q,None,4181,2020-12-14,True
qj2z3pjk,ok6qj9dg,mndx752q,None,4131,2021-04-30,True
qj2z3pjk,n268x51p,xn2yg82o,None,4091,2015-05-06,True
qj2z3pjk,n268x51p,p7kj6x23,None,3461,2015-05-06,True
qj2z3pjk,yo1yyr1q,5dwj0gkg,None,7465,2015-10-14,False
qj2z3pjk,8m1zg360,9d8o862n,None,5790,2015-05-06,False
qj2z3pjk,8m1zg360,02qgx9dy,ywe24lwl,217,2016-10-14,False
qj2z3pjk,8m1zg360,02qgx9dy,kwj7y0wg,111,2016-10-14,False
qj2z3pjk,8m1zg360,q25opgko,None,4214,2015-05-06,False
qj2z3pjk,8nd20r60,9kvpg3kg,xd0k0m9q,63,2016-08-06,False
qj2z3pjk,8nd20r60,xd11o7d8,None,4868,2015-05-06,False
qj2z3pjk,8nd20r60,9d8pwlkn,None,3003,2015-08-08,False
qj2z3pjk,8nd20r60,9d8z16dn,None,2806,2015-10-26,False
qj2z3pjk,8nd20r60,9kvpg3kg,5920j7d6,155,2016-08-06,False
qj2z3pjk,n4d78z67,824xond5,None,11425,2015-09-20,False
qj2z3pjk,4pdvor1w,z2761w0d,None,16097,2019-03-20,False
qj2z3pjk,4pdvor1w,z2761w0d,None,10452,2019-03-24,False
qj2z3pjk,n4d72367,jdrpvg26,None,151.267,2021-08-17,True
qj2z3pjk,qw6jrxdj,wkpo3nw2,None,7843,2019-03-20,False
qj2z3pjk,qw6jrxdj,xk9gvw4d,None,4554,2019-03-25,False
qj2z3pjk,qw6jrxdj,wkpo3nw2,None,6348,2021-08-07,False
qj2z3pjk,xlde4513,zdnlex2q,None,6131,2015-05-06,True
qj2z3pjk,n26877dp,ndx895kq,None,5836,2019-03-20,False
qj2z3pjk,om1m9k62,zdn15xkq,None,5174,2015-05-06,True
qj2z3pjk,kyd49x1e,7dggn7d4,None,18272,2019-03-20,False
qj2z3pjk,xv1p4m18,5dwp4ekg,None,14181,2019-03-08,False
qj2z3pjk,xv1p4m18,5dwp4ekg,None,12706,2019-03-20,False
qj2z3pjk,946w031r,7kjrynn2,None,7422,2017-05-31,False
qj2z3pjk,946w031r,ndx86o5k,None,7367,2017-06-05,False
qj2z3pjk,946w031r,wk6jnqd1,None,1396,2017-05-16,False
qj2z3pjk,946w031r,wk6jnqd1,None,1525,2017-05-17,False
qj2z3pjk,946w031r,n2y1oz2o,None,4568,2017-05-20,False
qj2z3pjk,946w031r,n2y1oz2o,None,2391,2017-05-20,False
qj2z3pjk,946w031r,n2y1oz2o,None,1995,2017-05-20,False
qj2z3pjk,946w031r,7kjr3n23,None,4286,2017-05-24,False
qj2z3pjk,946w031r,7kjr3n23,None,2395,2017-05-21,False
qj2z3pjk,946w031r,7kjr3n23,None,2260,2017-05-22,False
qj2z3pjk,946w031r,xk9lr4k0,None,3812,2017-05-29,False
qj2z3pjk,946w031r,xk9lr4k0,None,1917,2017-05-30,False
qj2z3pjk,946w031r,xk9lr4k0,None,1954,2017-05-29,False
qj2z3pjk,946w031r,wk6jnqd1,None,3529,2017-05-18,False
qj2z3pjk,946w031r,z2758pok,None,15872,2017-05-29,False
qj2z3pjk,vo6g2n12,zd3yx82n,None,12193,2020-04-17,True
qj2z3pjk,vo6g2n12,zd3yx82n,None,9141,2020-04-23,True
qj2z3pjk,v1poq468,mkezzxk6,None,41.166,2015-11-21,False
qj2z3pjk,46w22l6r,wk6oork1,None,32635,2019-01-24,True
qj2z3pjk,46w22l6r,wk6oork1,None,13096,2019-02-27,True
qj2z3pjk,46w22l6r,wk6oork1,None,18434,2019-02-25,True
qj2z3pjk,76r33v68,n2y33mdo,None,13571,2019-03-11,True
qj2z3pjk,369883dl,02qllyky,None,33900,2019-03-13,True
qj2z3pjk,pdv22k6w,9d8gx7kn,None,24788,2019-03-14,True
qj2z3pjk,9d38801l,jdz890vd,None,27878,2019-04-10,True
qj2z3pjk,o1yjjv1q,ndx1712q,None,34996,2019-04-11,True
qj2z3pjk,v1plmp68,n2y39y1d,None,21813,2019-03-21,False
qj2z3pjk,k6qp9mdg,jdz9zq62,None,2194,2020-06-17,True
qj2z3pjk,2689591p,ndx4zv2q,None,3650,2021-04-30,False
qj2z3pjk,2689591p,rklr48kn,None,2625,2021-04-30,False
qj2z3pjk,k6qpy9dg,jdr1p302,None,15104,2016-07-05,False
qj2z3pjk,nd27m510,02q4egzd,None,2368,2017-12-01,False
qj2z3pjk,m1z3jxd0,824l3gd5,None,12441,2015-05-06,False
qj2z3pjk,m1z3jxd0,zdnpmqkq,None,17567,2015-05-06,False
qj2z3pjk,m1z3jxd0,824l3gd5,None,12441,2020-04-28,False
qj2z3pjk,m1z3jxd0,zdnpmqkq,None,17567,2020-04-28,False
qj2z3pjk,4d7p0rd7,n2yv372o,None,1156,2020-05-13,True
qj2z3pjk,4d7p0rd7,n2yv372o,None,2057,2015-08-11,True
qj2z3pjk,j1l7e4dg,z27zook0,None,11012,2016-04-18,False
qj2z3pjk,3697y21l,7kjl0n23,None,24192,2017-04-24,False
qj2z3pjk,3697y21l,wkp1m58k,None,6027,2017-04-24,False
qj2z3pjk,3697y21l,7dgn4ml2,None,5908,2017-04-24,False
qj2z3pjk,3697y21l,mke9qxnd,None,4388,2017-04-24,False
qj2z3pjk,3697y21l,5dw47n0k,None,7272,2017-04-24,False
qj2z3pjk,m1m34462,jdz0qv2v,None,12371,2018-02-19,True
qj2z3pjk,m1m34462,jdz0qv2v,None,17555,2015-09-05,True
qj2z3pjk,yd40nw1e,vdo476v2,None,735,2016-12-01,False
qj2z3pjk,yd40nw1e,vdo476v2,None,686,2016-11-22,False
qj2z3pjk,yd40nw1e,vdo476v2,None,339,2016-11-22,False
qj2z3pjk,yd40nw1e,vdo476v2,None,659,2016-11-22,False
qj2z3pjk,yd40nw1e,vdo476v2,None,639,2016-11-22,False
qj2z3pjk,yd40nw1e,vdo476v2,None,581,2016-11-22,False
qj2z3pjk,yd40nw1e,vdo476v2,None,337,2016-11-22,False
qj2z3pjk,yd40nw1e,vdo476v2,None,1037,2016-11-22,False
qj2z3pjk,yd40nw1e,jdrp4gx2,None,197,2016-11-22,False
qj2z3pjk,yd40nw1e,wk6qvp21,None,34950,2016-11-17,False
qj2z3pjk,yd40nw1e,xk9166d0,None,39741,2015-08-23,False
qj2z3pjk,pdvjm4dw,9kv7mv0k,None,2252,2016-10-27,False
qj2z3pjk,pdvjm4dw,wk6jneqd,None,664,2016-10-26,False
qj2z3pjk,pdvjm4dw,zd3869nk,None,10440,2016-10-25,False
qj2z3pjk,pdvjm4dw,9kv7mv0k,None,2197,2016-10-22,False
qj2z3pjk,pdvjm4dw,zd3869nk,None,11276,2016-10-22,False
qj2z3pjk,pdvjm4dw,zd3869nk,None,13755,2016-10-15,False
qj2z3pjk,pdvjm4dw,xk98ny62,None,3064,2016-08-20,False
qj2z3pjk,pdvjm4dw,9kv7mv0k,None,2315,2016-08-05,False
qj2z3pjk,pdvjm4dw,5dw75mgk,nwlgppo9,30,2015-12-11,False
qj2z3pjk,pdvjm4dw,5dw75mgk,69zpnx4w,4,2015-12-11,False
qj2z3pjk,pdvjm4dw,5dw75mgk,o9x13k7d,4,2015-12-11,False
qj2z3pjk,pdvjm4dw,5dw75mgk,xd40rn89,5,2015-12-11,False
qj2z3pjk,pdvjm4dw,5dw75mgk,y9m51y0d,31,2015-12-11,False
qj2z3pjk,pdvjm4dw,5dw75mgk,69zpnnxw,33,2015-12-11,False
qj2z3pjk,pdvjm4dw,7kj11n3k,None,3410,2015-12-09,False
qj2z3pjk,pdvjm4dw,5dw75mgk,r9gy1r29,51,2015-11-30,False
qj2z3pjk,pdvjm4dw,5dw75mgk,ywe2mmlw,129,2015-11-30,False
qj2z3pjk,pdvjm4dw,mke8y9k6,gdroqzdz,48,2015-08-26,False
qj2z3pjk,pdvjm4dw,9kv7mv0k,None,2114,2022-09-13,False
qj2z3pjk,pd02gw1e,w20mmvkn,None,6372,2017-11-28,True
qj2z3pjk,o1y08r6q,xk97xvd0,None,272,2016-08-06,False
qj2z3pjk,w6jeq41j,02q0qjky,None,2382,2017-04-07,False
qj2z3pjk,w6jeq41j,02q0qjky,None,3291,2017-04-03,False
qj2z3pjk,w6jeq41j,02q0qjky,None,8124,2017-01-29,False
qj2z3pjk,w6jeq41j,8243ymd5,None,6111,2016-05-15,False
qj2z3pjk,w6jeq41j,02q0qjky,None,4840,2016-03-16,False
qj2z3pjk,w6jeq41j,8243ymd5,None,9734,2016-02-10,False
qj2z3pjk,k6qrmo1g,rkl11qdn,None,16108,2015-05-06,False
qj2z3pjk,k6qrmo1g,ndx661dq,None,16292,2015-05-06,False
qj2z3pjk,w6jnlx1j,zdnv6ekq,None,6279,2015-05-06,True
qj2z3pjk,j1nmew6p,5dwlyl2g,None,17757,2017-04-20,False
qj2z3pjk,9d3e8y1l,9kv0782g,None,287,2017-02-27,True
qj2z3pjk,9d3e8y1l,vdo9qvdp,None,32442,2015-08-06,True
qj2z3pjk,3dx5zy1y,xd1rmwwk,495704wp,147,2015-07-12,False
qj2z3pjk,3dx5zy1y,7kje93d3,None,7363,2015-06-25,False
qj2z3pjk,3dx5zy1y,zd3npykn,None,17931,2015-06-27,False
qj2z3pjk,m1moyp62,z27gpl02,None,951,2015-06-10,True
qj2z3pjk,m1moyp62,zdnwmxed,None,1500,2015-06-10,True
qj2z3pjk,2688j56p,9kvpjmjk,None,33181,2019-08-21,False
qj2z3pjk,46wly91r,jdrq78xk,rdqzzokd,5577,2017-01-15,False
qj2z3pjk,46wly91r,jdrq78xk,5d7yyxgd,5343,2017-01-18,False
qj2z3pjk,46wly91r,jdrq78xk,o9x11o0d,5127,2017-02-07,False
qj2z3pjk,46wly91r,jdrq78xk,495kkz09,5068,2020-07-11,False
qj2z3pjk,j1nyoy6p,xd1rv57k,None,5089,2016-10-10,False
qj2z3pjk,76royl68,zd30v58d,None,37557,2017-06-01,True
qj2z3pjk,76royl68,zd30v58d,None,12030,2017-01-03,True
qj2z3pjk,nd22oed0,9d8ploqk,None,93.498,2015-11-14,False
qj2z3pjk,nd22oed0,wkpjnr0k,None,115.7,2015-11-14,False
qj2z3pjk,o6gyl962,w20pevjk,None,4240,2015-11-11,False
qj2z3pjk,4d7q0367,ndxjqrj2,None,8824,2017-03-05,False
qj2z3pjk,ldegvn13,9kvp4rek,ywe2rj7w,212,2017-02-25,False
qj2z3pjk,ldegvn13,9kvp4rek,y9mege1d,64,2017-02-24,False
qj2z3pjk,ldegvn13,9kvp4rek,owo7vlk9,102,2017-02-12,False
qj2z3pjk,ldegvn13,9kvp4rek,xd07k4xw,55,2017-02-07,False
qj2z3pjk,ldegvn13,9kvp4rek,xd10y069,38,2017-02-07,False
qj2z3pjk,ldegvn13,ndx8w65k,None,977,2017-01-08,False
qj2z3pjk,ldegvn13,9kvp4rek,y9mege1d,67,2016-11-13,False
qj2z3pjk,ldegvn13,9kvp4rek,ewppopzw,587,2016-10-20,False
qj2z3pjk,ldegvn13,9kvp4rek,ywe2rj7w,138,2016-08-20,False
qj2z3pjk,ldegvn13,9kvp4rek,n930nm79,76,2016-08-20,False
qj2z3pjk,ldegvn13,9kvp4rek,z98jzm7w,100,2016-08-20,False
qj2z3pjk,ldegvn13,9kvp4rek,ldye53pw,103,2016-08-20,False
qj2z3pjk,ldegvn13,9kvp4rek,rw6vvnp9,372,2016-08-20,False
qj2z3pjk,ldegvn13,9kvp4rek,owo7vlk9,75,2016-07-29,False
qj2z3pjk,ldegvn13,9kvp4rek,owo7vlk9,112,2016-06-18,False
qj2z3pjk,ldegvn13,zdnw6pnd,5d7vjeed,266,2017-11-26,False
qj2z3pjk,ldegvn13,zdnw6pnd,xd10y069,68,2017-03-02,False
qj2z3pjk,ldegvn13,7dg8wv42,ywe2rj7w,242,2017-02-25,False
qj2z3pjk,ldegvn13,zdnw6pnd,ywe2rj7w,466,2017-02-25,False
qj2z3pjk,ldegvn13,zdnw6pnd,owo7vlk9,365,2017-02-25,False
qj2z3pjk,ldegvn13,7dg8wv42,owo7vlk9,365,2017-02-25,False
qj2z3pjk,ldegvn13,7dg8wv42,y9mege1d,316,2017-02-24,False
qj2z3pjk,ldegvn13,zdnw6pnd,y9mege1d,705,2017-02-24,False
qj2z3pjk,ldegvn13,7dg8wv42,xd10y069,308,2017-02-11,False
qj2z3pjk,ldegvn13,zdnw6pnd,xd07k4xw,88,2017-02-07,False
qj2z3pjk,ldegvn13,7dg8wv42,xd07k4xw,56,2017-02-07,False
qj2z3pjk,ldegvn13,zdnw6pnd,n930nm79,328,2017-01-11,False
qj2z3pjk,ldegvn13,zdnw6pnd,rw6vvnp9,769,2017-01-11,False
qj2z3pjk,ldegvn13,zdnw6pnd,ywe2rj7w,297,2017-01-09,False
qj2z3pjk,ldegvn13,7dg8wv42,owo7vlk9,68,2017-01-08,False
qj2z3pjk,ldegvn13,zdnw6pnd,y9mege1d,324,2017-01-08,False
qj2z3pjk,ldegvn13,7dg8wv42,ywe2rj7w,174,2016-11-12,False
qj2z3pjk,ldegvn13,7dg8wv42,y9mege1d,279,2016-11-12,False
qj2z3pjk,ldegvn13,7dg8wv42,ewppopzw,587,2016-10-21,False
qj2z3pjk,ldegvn13,7dg8wv42,n930nm79,195,2016-08-20,False
qj2z3pjk,ldegvn13,zdnw6pnd,z98jzm7w,219,2016-08-20,False
qj2z3pjk,ldegvn13,7dg8wv42,ldye53pw,171,2016-08-20,False
qj2z3pjk,ldegvn13,7dg8wv42,rw6vvnp9,497,2016-07-29,False
qj2z3pjk,kdkpv21m,wkpyqy0k,None,205.73,2017-06-03,False
qj2z3pjk,o6go8xd2,jdz585gd,None,2158,2016-11-16,False
qj2z3pjk,o6go8xd2,02qjojyd,None,2072,2017-01-28,False
qj2z3pjk,o6go8xd2,q2547vgd,z98j87rw,26,2016-10-31,False
qj2z3pjk,o6go8xd2,q2547vgd,rdn5pz5d,62,2017-02-24,False
qj2z3pjk,o6go8xd2,q2547vgd,ldyepgpw,32,2016-11-13,False
qj2z3pjk,o6go8xd2,q2547vgd,z98j877w,64,2016-11-01,False
qj2z3pjk,o6go8xd2,q2547vgd,o9x2l76w,82,2016-11-01,False
qj2z3pjk,o6go8xd2,q2547vgd,ywe4voqd,24,2016-10-26,False
qj2z3pjk,o6go8xd2,zdnq1vxd,None,2900,2016-11-15,False
qj2z3pjk,o6go8xd2,q2547vgd,rdn5pznd,75,2016-10-24,False
qj2z3pjk,o6go8xd2,q2547vgd,ldyerojw,107,2016-10-25,False
qj2z3pjk,o6go8xd2,q2547vgd,nwl67opw,86,2016-10-26,False
qj2z3pjk,o6go8xd2,mke58y9k,z98j87rw,42,2016-11-02,False
qj2z3pjk,o6go8xd2,mke58y9k,rdn5pz5d,118,2016-11-02,False
qj2z3pjk,o6go8xd2,q2547vgd,ldyepgjw,45,2017-02-24,False
qj2z3pjk,o6go8xd2,q2547vgd,69zrl16d,122,2016-11-06,False
qj2z3pjk,o6go8xd2,q2547vgd,n930g479,67,2016-11-12,False
qj2z3pjk,o6go8xd2,q2547vgd,495j852w,93,2016-11-12,False
qj2z3pjk,nd2x2360,wk6j71rd,None,11729,2016-05-24,False
qj2z3pjk,nd20ke60,wdmwpgo2,None,1760,2020-12-17,False
qj2z3pjk,nd20ke60,vdooewvd,None,1151,2020-12-16,False
qj2z3pjk,nd20ke60,vdooewvd,None,1012,2020-12-16,False
qj2z3pjk,nd20ke60,zdnx1nq2,None,3149,2019-12-05,False
qj2z3pjk,nd20ke60,wdmqono2,rdq7lnk9,763,2018-03-06,False
qj2z3pjk,nd20ke60,n2y73982,None,5031,2018-01-24,False
qj2z3pjk,nd20ke60,wdmqono2,495jqz4w,19,2017-11-11,False
qj2z3pjk,nd20ke60,02q8wl72,495jqz4w,25,2017-11-09,False
qj2z3pjk,nd20ke60,02q8wl72,kwjyk61w,32,2017-11-09,False
qj2z3pjk,nd20ke60,rklem3w2,None,350,2017-11-04,False
qj2z3pjk,nd20ke60,wdmqono2,kwjyk61w,30,2017-10-31,False
qj2z3pjk,nd20ke60,zd3y43v2,None,493,2017-10-10,False
qj2z3pjk,nd20ke60,xd1mo87d,None,4398,2017-10-10,False
qj2z3pjk,nd20ke60,z27lomgd,None,24696,2017-10-09,False
qj2z3pjk,nd20ke60,wdmqono2,ewpq8gj9,75,2017-08-29,False
qj2z3pjk,nd20ke60,n2y73982,None,5808,2017-08-29,False
qj2z3pjk,nd20ke60,wdmqono2,o9xl83p9,426,2017-07-08,False
qj2z3pjk,nd20ke60,9d8jzw7k,o9xl83p9,502,2017-07-08,False
qj2z3pjk,nd20ke60,wdmqono2,rdq1p529,512,2017-07-08,False
qj2z3pjk,nd20ke60,02q8wl72,ewpq8gj9,93,2017-06-29,False
qj2z3pjk,nd20ke60,z27lomgd,None,31693,2017-05-23,False
qj2z3pjk,nd20ke60,wdmqono2,rdnpnm79,420,2017-04-25,False
qj2z3pjk,nd20ke60,wdmqono2,ldyp2rrd,793,2017-04-25,False
qj2z3pjk,nd20ke60,wdmqono2,gdrq20l9,530,2017-04-25,False
qj2z3pjk,nd20ke60,wdmqono2,r9gzmn2d,99,2017-04-13,False
qj2z3pjk,nd20ke60,wdmqono2,xd4656r9,69,2017-04-13,False
qj2z3pjk,nd20ke60,wdmqono2,rdn5m57d,31,2017-04-13,False
qj2z3pjk,nd20ke60,wdmqono2,xd154g5w,74,2017-04-13,False
qj2z3pjk,nd20ke60,wdmqono2,z98j3vgw,192,2017-04-13,False
qj2z3pjk,nd20ke60,wdmqono2,r9gzl05d,66,2017-04-13,False
qj2z3pjk,nd20ke60,wdmqono2,5wk2mg2w,45,2017-04-13,False
qj2z3pjk,nd20ke60,wdmqono2,xd465v29,150,2017-04-13,False
qj2z3pjk,nd20ke60,wdmqono2,xd00evxd,153,2017-04-13,False
qj2z3pjk,nd20ke60,wdmqono2,gdrj0klw,70,2017-04-13,False
qj2z3pjk,nd20ke60,wdmqono2,n930xqz9,58,2017-04-13,False
qj2z3pjk,nd20ke60,wdmqono2,5d77j76d,86,2017-04-13,False
qj2z3pjk,nd20ke60,wdmqono2,4958yp09,48,2017-04-12,False
qj2z3pjk,nd20ke60,wdmqono2,kwje30n9,59,2017-04-12,False
qj2z3pjk,nd20ke60,wdmqono2,rdq1gyk9,55,2017-04-12,False
qj2z3pjk,nd20ke60,wdmqono2,5d73lpg9,56,2017-04-12,False
qj2z3pjk,nd20ke60,wdmqono2,xd461729,22,2017-04-12,False
qj2z3pjk,nd20ke60,wdmqono2,xd001rxd,20,2017-04-12,False
qj2z3pjk,nd20ke60,wdmqono2,rw6v1pr9,52,2017-04-12,False
qj2z3pjk,nd20ke60,wdmqono2,n93015n9,32,2017-04-12,False
qj2z3pjk,nd20ke60,wdmqono2,nwl65x0w,117,2017-04-12,False
qj2z3pjk,nd20ke60,wdmqono2,r9g3r65w,35,2017-04-12,False
qj2z3pjk,nd20ke60,wdmqono2,o9xlk609,47,2017-04-12,False
qj2z3pjk,nd20ke60,wdmqono2,ewpq8gj9,111,2017-04-03,False
qj2z3pjk,nd20ke60,n2y73982,None,5862,2017-04-02,False
qj2z3pjk,nd20ke60,wdmqono2,ewpq8gj9,111,2017-04-02,False
qj2z3pjk,nd20ke60,wdmqono2,xd00enjd,600,2017-04-02,False
qj2z3pjk,nd20ke60,wdmqono2,592j6o3w,592,2017-02-02,False
qj2z3pjk,nd20ke60,wdmqono2,69zrlrgd,195,2017-02-01,False
qj2z3pjk,nd20ke60,wdmqono2,o9x2y2pw,368,2017-02-01,False
qj2z3pjk,nd20ke60,wdmqono2,n930x0z9,319,2017-01-31,False
qj2z3pjk,nd20ke60,wdmqono2,z98jojpw,254,2017-01-31,False
qj2z3pjk,nd20ke60,wdmqono2,ldyererw,343,2017-01-31,False
qj2z3pjk,nd20ke60,wdmqono2,ywe4v47d,327,2017-01-31,False
qj2z3pjk,nd20ke60,wdmqono2,owokmkkd,259,2017-01-30,False
qj2z3pjk,nd20ke60,wdmqono2,xd10z059,238,2017-01-30,False
qj2z3pjk,nd20ke60,wdmqono2,29vy8yl9,265,2017-01-30,False
qj2z3pjk,nd20ke60,wdmqono2,xd00e04d,261,2017-01-30,False
qj2z3pjk,nd20ke60,wdmqono2,owokm53d,144,2016-11-04,False
qj2z3pjk,nd20ke60,wdmqono2,xd10zyy9,130,2016-11-04,False
qj2z3pjk,nd20ke60,w20xjvj2,None,1012,2020-12-16,False
qj2z3pjk,nd20ke60,xk9e3rv2,None,3149,2019-12-05,False
qj2z3pjk,nd20ke60,wdmvgled,None,24696,2017-10-09,False
qj2z3pjk,nd20ke60,ndx5z7ok,None,1760,2020-12-17,False
qj2z3pjk,nd20ke60,vdoxw86d,None,5862,2017-04-02,False
qj2z3pjk,nd20ke60,7dg0lngk,None,495,2017-10-10,False
qj2z3pjk,nd20ke60,5dw6r452,None,350,2017-11-04,False
qj2z3pjk,nd20ke60,9kv657e2,None,4398,2017-03-30,False
qj2z3pjk,nd20ke60,wdmqono2,rdq1gyk9,50,2021-07-25,False
qj2z3pjk,nd20ke60,wdmqono2,o9xlk609,30,2021-07-25,False
qj2z3pjk,nd20ke60,wdmqono2,r9g3r65w,30,2021-07-25,False
qj2z3pjk,nd20ke60,wdmqono2,4958yp09,31,2021-07-25,False
qj2z3pjk,m1mlep62,q254gw8d,None,163.933,2017-01-28,True
qj2z3pjk,m1mlep62,zdnq0pqd,None,71.6,2017-01-28,True
qj2z3pjk,268ony1p,ndxp1452,592o5p3d,13,2017-03-09,False
qj2z3pjk,268ony1p,zd3yovy2,None,20923,2016-08-10,False
qj2z3pjk,268ony1p,ndxp1452,y9mp8zx9,2.6,2017-03-09,False
qj2z3pjk,268ony1p,ndxp1452,5wkrplp9,4.067,2017-03-09,False
qj2z3pjk,268ony1p,ndxp1452,ewpqr5j9,0.767,2017-03-09,False
qj2z3pjk,268ony1p,ndxp1452,29vk2pld,10.767,2017-03-09,False
qj2z3pjk,k6qoom1g,9kvxv932,None,12879,2017-06-09,False
qj2z3pjk,k6qoom1g,w20z5vjd,None,8570,2017-06-07,False
qj2z3pjk,k6qoom1g,w20z5vjd,None,2952,2017-06-09,False
qj2z3pjk,k6qoom1g,ndx807ok,None,6680,2017-06-06,False
qj2z3pjk,k6qoom1g,wdmq7le2,None,7559,2017-06-08,False
qj2z3pjk,k6qoom1g,wdmq7le2,None,3568,2017-06-09,False
qj2z3pjk,k6qoom1g,vdo4n862,None,3955,2017-06-09,False
qj2z3pjk,k6qoom1g,vdo4n862,None,6928,2017-06-08,False
qj2z3pjk,k6qoom1g,ndx807ok,None,2371,2017-06-09,False
qj2z3pjk,76rmpe18,z27344zd,None,8170,2016-10-23,False
qj2z3pjk,m1z4l360,rklg4n6d,None,251,2017-01-16,False
qj2z3pjk,m1z4l360,ndx8znok,None,487,2017-01-16,False
qj2z3pjk,m1z4l360,w20zjnjd,None,505,2017-01-16,False
qj2z3pjk,3dxn5p1y,02q8r7j2,None,3211,2017-08-28,False
qj2z3pjk,y657jede,ndxp0312,None,6258,2019-02-26,False
qj2z3pjk,y657jede,ndxp0312,None,8025,2019-02-08,False
qj2z3pjk,y657jede,w2015qvk,None,4318,2019-01-22,False
qj2z3pjk,y657jede,w2015qvk,None,11225,2018-12-11,False
qj2z3pjk,y657jede,wdm475xd,None,5136,2018-10-21,False
qj2z3pjk,nd2m8v10,xk9j6z4d,None,12229,2022-07-23,False
qj2z3pjk,76r89ed8,9kvjz6ek,None,24.99,2017-08-29,False
qj2z3pjk,m1z9kzd0,7kjzmvnd,None,237,2017-08-28,False
qj2z3pjk,m1z9kzd0,zdnre7n2,None,240,2017-08-28,False
qj2z3pjk,m1zj2rx6,5dw581ld,None,1166,2017-11-22,True
qj2z3pjk,m1zj2rx6,wk67owxd,None,2610,2017-11-20,True
qj2z3pjk,pd0wq901,w20wegzd,n9342lzd,490,2018-01-27,False
qj2z3pjk,pd0wq901,9kvmrnjk,None,2145,2018-01-28,False
qj2z3pjk,pd0wq901,rklq0nq2,None,2413,2018-02-17,False
qj2z3pjk,pd0wq901,ndxmrn12,None,2783,2018-02-17,False
qj2z3pjk,pd0wq901,9kvmrnjk,None,4672,2018-03-08,False
qj2z3pjk,k6q4pr9d,7kj4893k,None,639,2018-02-26,False
qj2z3pjk,pdvznjv6,wk68l5x2,None,1114,2019-12-16,False
qj2z3pjk,pdvznjv6,wk68l5x2,None,1548,2019-08-13,False
qj2z3pjk,pdvznjv6,jdzvmg3k,29v2v5xd,126,2019-08-12,False
qj2z3pjk,pdvznjv6,jdzvmg3k,xd4xmr89,215,2019-08-12,False
qj2z3pjk,pdvznjv6,wk68l5x2,None,2936,2019-07-27,False
qj2z3pjk,pdvznjv6,jdzvmg3k,29v2v5xd,156,2019-07-22,False
qj2z3pjk,pdvznjv6,jdzvmg3k,kwjpm11w,399,2018-12-27,False
qj2z3pjk,pdvznjv6,jdzvmg3k,29v2v5xd,303,2018-12-27,False
qj2z3pjk,w6jlyked,824gnwe2,None,4400,2020-06-16,False
qj2z3pjk,w6jlyked,824gnwe2,None,3835,2020-06-17,False
qj2z3pjk,268evlk6,5dw789lk,None,2830,2019-02-22,False
qj2z3pjk,pd0wl8w1,7dg446pd,None,28691,2019-02-25,False
qj2z3pjk,j1llpxe1,7kj1ognk,None,1004,2019-05-08,False
qj2z3pjk,76rxo856,q253jvgk,None,3339,2020-06-26,True
qj2z3pjk,3dx2xov1,xd1j7vwd,None,12557,2016-04-16,False
qj2z3pjk,3dx2xov1,zd3j7xr2,None,5312,2018-02-13,False
qj2z3pjk,j1ne5891,rkl3no8k,None,2658,2022-03-04,False
qj2z3pjk,j1ne5891,9kv6n132,None,2831,2022-03-03,False
qj2z3pjk,j1ne5891,zd3oqzrd,None,2541,2022-02-09,False
qj2z3pjk,j1ne5891,zd3oqzrd,None,773,2021-09-28,False
qj2z3pjk,j1ne5891,zd3oqzrd,None,883,2021-07-21,False
qj2z3pjk,j1ne5891,9kv6n132,None,2008,2021-07-21,False
qj2z3pjk,j1ne5891,jdz6jpr2,None,1110,2021-07-21,False
qj2z3pjk,j1ne5891,ndx5nvvk,None,4652,2021-07-21,False
qj2z3pjk,j1ne5891,ndxey65k,None,1414,2021-07-21,False
qj2z3pjk,j1ne5891,zd3oqzrd,None,1033,2021-05-28,False
qj2z3pjk,j1ne5891,9kv6n132,None,3076,2021-05-28,False
qj2z3pjk,j1ne5891,ndxey65k,None,2031,2021-05-28,False
qj2z3pjk,j1ne5891,ndx5nvvk,None,6074,2021-05-27,False
qj2z3pjk,j1ne5891,ndxey65k,None,2521,2021-04-06,False
qj2z3pjk,j1ne5891,9kv6n132,None,3657,2021-04-03,False
qj2z3pjk,j1ne5891,zd3oqzrd,None,1124,2021-04-01,False
qj2z3pjk,j1ne5891,zd3oqzrd,None,1611,2021-03-24,False
qj2z3pjk,j1ne5891,rkl3no8k,None,1798,2021-03-16,False
qj2z3pjk,j1ne5891,rkl3no8k,None,2005,2021-03-14,False
qj2z3pjk,j1ne5891,rkl3no8k,None,1883,2021-03-11,False
qj2z3pjk,j1ne5891,rkl3no8k,None,1397,2021-03-11,False
qj2z3pjk,j1ne5891,ndx5nvvk,None,5930,2022-03-07,False
qj2z3pjk,j1ne5891,zd3oqzrd,None,1236,2022-08-11,False
qj2z3pjk,j1ne5891,zd3oqzrd,None,704,2022-08-21,False
qj2z3pjk,v1ponx76,xk9e50x2,None,2843,2022-03-28,False
qj2z3pjk,v1ponx76,zdnlow72,None,2370,2022-03-24,False
qj2z3pjk,v1ponx76,z2745g52,None,2305,2022-03-23,False
qj2z3pjk,v1ponx76,xk9e50x2,None,966,2021-09-01,False
qj2z3pjk,v1ponx76,zdnlow72,None,2150,2021-08-23,False
qj2z3pjk,v1ponx76,n2ye1q8k,None,1419,2021-08-23,False
qj2z3pjk,v1ponx76,z2745g52,None,1087,2021-08-19,False
qj2z3pjk,v1ponx76,xk9e50x2,None,1459,2021-08-19,False
qj2z3pjk,v1ponx76,02qm087d,None,663,2021-08-08,False
qj2z3pjk,v1ponx76,z2745g52,None,2860,2021-08-04,False
qj2z3pjk,v1ponx76,z2745g52,None,2630,2021-08-04,False
qj2z3pjk,v1ponx76,q25e5ow2,None,6821,2021-06-24,False
qj2z3pjk,v1ponx76,xk9e50x2,None,1735,2021-05-12,False
qj2z3pjk,v1ponx76,z2745g52,None,3009,2021-05-07,False
qj2z3pjk,v1ponx76,z2745g52,None,3003,2021-05-06,False
qj2z3pjk,v1ponx76,z2745g52,None,1925,2021-04-29,False
qj2z3pjk,v1ponx76,z2745g52,None,3214,2021-04-28,False
qj2z3pjk,v1ponx76,q25e5ow2,None,5788,2021-08-23,False
