user,game_id,category_id,level_id,time,date,emulated
x3q3onej,lde3men6,02qo50yk,None,163,2021-01-10,False
