original_game_id,user_id,game_id,category_id,level_id,position
w6j2o21j,kjpm0r4j,m1zk2nz1,7dgyr14d,None,1
w6j2o21j,kjpm0r4j,m1zk2nz1,zdnon3n2,None,1
w6j2o21j,kjpm0r4j,m1zk2nz1,zdnon3n2,None,2
w6j2o21j,kjpm0r4j,m1zk2nz1,7dgyr14d,None,2
w6j2o21j,kjpm0r4j,ldej3o51,824l9qgd,None,33
w6j2o21j,kjpm0r4j,ldej3o51,824l9qgd,None,16
w6j2o21j,kjpm0r4j,m1m9rj62,wkp9m382,None,1
w6j2o21j,kjpm0r4j,369pxvg1,xk9v8vyd,None,390
w6j2o21j,kjpm0r4j,m1ml7p62,824m4yg2,None,23
w6j2o21j,kjpm0r4j,9dozv31p,wdm4lx5d,None,2
w6j2o21j,kjpm0r4j,46wmkldr,7dg54g42,None,1
w6j2o21j,kjpm0r4j,k6qerz6g,xk9jz0yd,None,74
w6j2o21j,kjpm0r4j,o6gr4od2,zdnwqe7d,None,24
w6j2o21j,kjpm0r4j,o6glzmxd,wk67o8qd,None,6
w6j2o21j,kjpm0r4j,j1ne7ww1,7kjppmgk,None,7
w6j2o21j,kjpm0r4j,w6jlokxd,q25qqpg2,None,47
w6j2o21j,kjpm0r4j,w6jloyed,wk67jzed,None,7
w6j2o21j,kjpm0r4j,9dovpe6p,xk9g0y6d,None,24
w6j2o21j,kjpm0r4j,pdv7z9dw,5dwjr90k,None,47
w6j2o21j,kjpm0r4j,k6qew96g,7kjzy63d,None,339
w6j2o21j,kjpm0r4j,pd0lowde,wkpj0vvk,None,161
w6j2o21j,kjpm0r4j,pdvxlv1w,7kjze5xd,None,14
w6j2o21j,kjpm0r4j,9d3k501l,vdoepokp,None,20
w6j2o21j,kjpm0r4j,268rr91p,5dwywwnk,None,7
w6j2o21j,kjpm0r4j,369r4g6l,q258eoj2,None,3
w6j2o21j,kjpm0r4j,om1m5kd2,wkpy480k,None,50
w6j2o21j,kjpm0r4j,j1nl3xdp,ndxpoy52,None,656
w6j2o21j,kjpm0r4j,j1n5ee1p,wk61geed,None,29
w6j2o21j,kjpm0r4j,4d7wwr67,7dg5y642,None,97
w6j2o21j,kjpm0r4j,pd08z01e,ndxexjok,None,23
w6j2o21j,kjpm0r4j,v1pnp7d8,7kjz05xd,None,5
w6j2o21j,kjpm0r4j,k6qerz6g,7kjpzjgk,None,30
w6j2o21j,kjpm0r4j,w6j2o21j,wk61g8od,None,2
w6j2o21j,kjpm0r4j,o1yexkdq,5dwyeg5k,None,21
w6j2o21j,kjpm0r4j,w6j2o21j,wk61g8od,None,2
w6j2o21j,kjpm0r4j,9d3rr0dl,n2y180m2,None,822
w6j2o21j,kjpm0r4j,m1mkk3d2,vdoqgy1k,None,17
w6j2o21j,kjpm0r4j,v1pokm68,xk99qyk0,None,41
w6j2o21j,kjpm0r4j,w6jpr56j,9d8j8eqk,None,56
w6j2o21j,kjpm0r4j,ldevmn13,wk61nvrd,None,18
w6j2o21j,kjpm0r4j,m1z8gm10,vdoqn36k,None,24
w6j2o21j,kjpm0r4j,4d7y83d7,wdm47wed,None,3
w6j2o21j,kjpm0r4j,46wq436r,jdzpo56k,None,10
w6j2o21j,kjpm0r4j,nd2v2r10,z2735qgd,None,38
w6j2o21j,kjpm0r4j,9do0nedp,w201epjk,None,9
w6j2o21j,kjpm0r4j,pd00qvde,q258jxv2,None,12
w6j2o21j,kjpm0r4j,k6qvp9dg,jdr1r952,None,19
w6j2o21j,kjpm0r4j,yd4vq5de,n2yqonzk,None,64
w6j2o21j,kjpm0r4j,pd0jk36e,zdnq76qd,None,19
w6j2o21j,kjpm0r4j,76rpzv18,xd131w7k,None,13
w6j2o21j,kjpm0r4j,o1ywg2dq,9d8vyvwk,None,144
w6j2o21j,kjpm0r4j,k6qxox1g,n2yj9w72,None,6
w6j2o21j,kjpm0r4j,268jkydp,q2545mwd,None,19
w6j2o21j,kjpm0r4j,9domeo6p,n2yj9682,None,4
w6j2o21j,kjpm0r4j,9d3mqy6l,jdr1ol52,None,62
w6j2o21j,kjpm0r4j,4d7wo367,jdr1oe52,None,2
w6j2o21j,kjpm0r4j,369rgl6l,wdm4xp3d,None,1
w6j2o21j,kjpm0r4j,o6g2k512,q258gzg2,None,42
w6j2o21j,kjpm0r4j,2680751p,zdnq1gxd,None,25
w6j2o21j,kjpm0r4j,m1zom3d0,wdmqppx2,None,7
w6j2o21j,kjpm0r4j,y65xo01e,z27311zd,None,26
w6j2o21j,kjpm0r4j,w6jqee1j,ndxp9lr2,None,8
w6j2o21j,kjpm0r4j,9dozv31p,wdm4lx5d,None,3
w6j2o21j,kjpm0r4j,3699rl6l,wdmzjl32,None,12
w6j2o21j,kjpm0r4j,yd4pjkde,5dwy00nk,None,1
w6j2o21j,kjpm0r4j,yd4pjkde,5dwy00nk,None,1
w6j2o21j,kjpm0r4j,yd4pjkde,5dwy00nk,None,1
w6j2o21j,kjpm0r4j,kdk5jedm,n2y1ple2,None,25
w6j2o21j,kjpm0r4j,o6g28912,02q8vej2,None,9
w6j2o21j,kjpm0r4j,kdknqqdm,zdnr0492,None,18
w6j2o21j,kjpm0r4j,kdknqqdm,xd13gerk,None,14
w6j2o21j,kjpm0r4j,76rqeld8,9d8j6zwk,None,15
w6j2o21j,kjpm0r4j,3dx0o4dy,jdr46026,None,40
w6j2o21j,kjpm0r4j,v1pknzd8,wdm4l8xd,None,12
w6j2o21j,kjpm0r4j,pd0mz26e,xk9ljzgk,None,47
w6j2o21j,kjpm0r4j,k6q73mdg,mkejq482,None,2
w6j2o21j,kjpm0r4j,4d78rr67,5dwp9xek,None,18
w6j2o21j,kjpm0r4j,yd4kqp6e,zd3xgrdn,None,42
w6j2o21j,kjpm0r4j,pd0zz31e,jdrqq30k,None,52
w6j2o21j,kjpm0r4j,m1zovmd0,9d8v94lk,None,501
w6j2o21j,kjpm0r4j,26872odp,z2733x4d,None,3
w6j2o21j,kjpm0r4j,76r2pqd8,wdmznp42,None,48
w6j2o21j,kjpm0r4j,46wmkldr,7dg54g42,None,1
w6j2o21j,kjpm0r4j,o1y7pv1q,7kjrl4n2,None,10
w6j2o21j,kjpm0r4j,o1y7pv1q,5dwprrnk,None,18
w6j2o21j,kjpm0r4j,yd4pjkde,wk61mmrd,None,4
w6j2o21j,kjpm0r4j,kdkqwgdm,vdomygv2,None,54
w6j2o21j,kjpm0r4j,o1y7pv1q,q2545jvd,None,14
w6j2o21j,kjpm0r4j,o1y7pv1q,mke53vnk,None,104
w6j2o21j,kjpm0r4j,76rlre68,zd3nzekn,None,35
w6j2o21j,kjpm0r4j,3dx4046y,ndxp8zj2,None,10
w6j2o21j,kjpm0r4j,yd4pjkde,wk61mmrd,None,4
w6j2o21j,kjpm0r4j,kdklzq6m,w201z0vk,xd1503ew,5
w6j2o21j,kjpm0r4j,v1ppk418,xk90qryk,None,67
w6j2o21j,kjpm0r4j,v1poq468,mkezzxk6,None,152
w6j2o21j,kjpm0r4j,369qm2dl,9kvjm13k,None,3
w6j2o21j,kjpm0r4j,76r2nvd8,xk904wvk,None,220
w6j2o21j,kjpm0r4j,76r2nvd8,n2y1x512,None,51
w6j2o21j,kjpm0r4j,yd4pjkde,wk61mmrd,None,7
w6j2o21j,kjpm0r4j,2687xkdp,7kjzry3d,None,44
w6j2o21j,kjpm0r4j,76r2nvd8,7kjr59z2,None,79
w6j2o21j,kjpm0r4j,76r2nvd8,7dggz4pd,None,125
w6j2o21j,kjpm0r4j,76r2nvd8,xk9lyxgk,None,74
w6j2o21j,kjpm0r4j,76r2nvd8,z277pvo2,None,71
w6j2o21j,kjpm0r4j,kdklzq6m,w201z0vk,owo2keod,5
w6j2o21j,kjpm0r4j,pd0980de,9d8p1j6k,None,18
w6j2o21j,kjpm0r4j,v1pgyz18,w2094z2n,None,244
w6j2o21j,kjpm0r4j,2687r9dp,ndxp7jj2,None,36
w6j2o21j,kjpm0r4j,m1m9rj62,wkpqm1gd,None,13
w6j2o21j,kjpm0r4j,v1p5n7d8,rklex982,None,1
w6j2o21j,kjpm0r4j,m1mlep62,z277ryg2,None,18
w6j2o21j,kjpm0r4j,9do5re1p,wk6jx5rd,None,16
w6j2o21j,kjpm0r4j,yd4p0pde,w20zr7vd,None,13
w6j2o21j,kjpm0r4j,o6ggz562,9d8vyl7k,None,11
w6j2o21j,kjpm0r4j,pdvqek6w,mke56n8k,None,9
w6j2o21j,kjpm0r4j,pdvqek6w,7dggjq7d,None,12
w6j2o21j,kjpm0r4j,ldeq9nd3,ndx3gw5d,None,24
w6j2o21j,kjpm0r4j,m1zovmd0,jdz5zzgd,None,18
w6j2o21j,kjpm0r4j,3dxeqg1y,q2587vj2,None,3
w6j2o21j,8r7wrp6j,w6j2o21j,wk61g8od,None,1
w6j2o21j,8r7wrp6j,w6j2o21j,wk61g8od,None,1
w6j2o21j,8r7wrp6j,w6j2o21j,wk61g8od,None,1
w6j2o21j,98r1723j,w6j2o21j,wk61g8od,None,1
w6j2o21j,98r1723j,w6j2o21j,wk61g8od,None,1
w6j2o21j,98r1723j,w6j2o21j,wk61g8od,None,1
w6j2o21j,98r1723j,w6j2o21j,wk61g8od,None,1
w6j2o21j,98r1723j,nd2mev10,w2014vjk,None,21
w6j2o21j,98r1723j,w6j2o21j,wk61g8od,None,2
w6j2o21j,98r1723j,o1yexkdq,5dwyeg5k,None,27
w6j2o21j,98r1723j,4d72rl67,z273ozod,None,26
w6j2o21j,98r1723j,w6j2o21j,wk61g8od,None,2
w6j2o21j,j4r4v5l8,w6j2o21j,wk61g8od,None,1
w6j2o21j,j4rq0pm8,kdko5q6m,q254o3yd,n93je3ed,1
w6j2o21j,j4rq0pm8,kdko5q6m,q254o3yd,gdr3lvkd,1
w6j2o21j,j4rq0pm8,kdko5q6m,q254o3yd,rw66xy7w,1
w6j2o21j,j4rq0pm8,kdko5q6m,q254o3yd,rdn18g69,1
w6j2o21j,j4rq0pm8,kdko5q6m,q254o3yd,ldyz607w,1
w6j2o21j,j4rq0pm8,kdko5q6m,q254o3yd,z98kql19,1
w6j2o21j,j4rq0pm8,kdko5q6m,q254o3yd,z98kqll9,2
w6j2o21j,j4rq0pm8,268mwodp,02qgy6zd,None,3
w6j2o21j,j4rq0pm8,268mwodp,xd1l157k,rw6renpw,3
w6j2o21j,j4rq0pm8,268mwodp,xd1l157k,5wk81jvw,1
w6j2o21j,j4rq0pm8,268mwodp,w20pj9zk,None,3
w6j2o21j,j4rq0pm8,268mwodp,xd1l157k,r9gr12jw,3
w6j2o21j,j4rq0pm8,268mwodp,xd1l157k,69zxn3xd,3
w6j2o21j,j4rq0pm8,268mwodp,xd1l157k,gdrg1eew,3
w6j2o21j,j4rq0pm8,268mwodp,xd1l157k,ywenm1lw,3
w6j2o21j,j4rq0pm8,268mwodp,xd1l157k,rdnr205w,3
w6j2o21j,j4rq0pm8,268mwodp,xd1l157k,29vj5kq9,4
w6j2o21j,j4rq0pm8,268mwodp,xd1l157k,ldyj8ypd,3
w6j2o21j,j4rq0pm8,268mwodp,xd1l157k,z98eg6r9,3
w6j2o21j,j4rq0pm8,268mwodp,xd1l157k,n938y72w,3
w6j2o21j,j4rq0pm8,268mwodp,xd1l157k,xd0l37md,3
w6j2o21j,j4rq0pm8,268mwodp,xd1l157k,xd4nr3qw,3
w6j2o21j,j4rq0pm8,268mwodp,9d8xol62,kwj31e0d,1
w6j2o21j,j4rq0pm8,w6j2o21j,wk61g8od,None,3
w6j2o21j,j4rq0pm8,268mwodp,xd1l157k,5923no7d,3
w6j2o21j,j4rq0pm8,268mwodp,xd1l157k,495yl8mw,3
w6j2o21j,j4rq0pm8,268mwodp,xd1l157k,5wk81rvw,4
w6j2o21j,j4rq0pm8,268mwodp,9kvqxwod,495yl8mw,2
w6j2o21j,j4rq0pm8,268mwodp,xd1l157k,y9my1pz9,4
w6j2o21j,j4rq0pm8,268mwodp,xd1l157k,ewpe0qy9,3
w6j2o21j,j4rq0pm8,268mwodp,xd1l157k,xd1685z9,3
w6j2o21j,j4rq0pm8,268mwodp,xd1l157k,owolq2jw,4
w6j2o21j,j4rq0pm8,268mwodp,xd1l157k,kwj31e0d,6
w6j2o21j,j4rq0pm8,268mwodp,jdz31xx2,None,1
w6j2o21j,j4rq0pm8,9d358y1l,5dw41gek,69zpgrlw,6
w6j2o21j,j4rq0pm8,9d358y1l,5dw41gek,ywe2e4yw,10
w6j2o21j,j4rq0pm8,9d358y1l,5dw41gek,nwlgj609,4
w6j2o21j,98rv0dqj,pdv2wwk6,zd3rwp8d,None,2
w6j2o21j,98rv0dqj,k6q73mdg,mkejq482,None,1
w6j2o21j,98rv0dqj,3698wngd,9d8lp132,5wk71xxd,1
w6j2o21j,98rv0dqj,k6qw74z6,ndx0x0rd,None,1
w6j2o21j,98rv0dqj,k6qw74z6,wkpr4rw2,kwj257z9,1
w6j2o21j,98rv0dqj,k6qw74z6,wkpr4rw2,owor07yw,1
w6j2o21j,98rv0dqj,k6qw74z6,wkpr4rw2,xd1n7j6w,1
w6j2o21j,98rv0dqj,k6qw74z6,wkpr4rw2,5d7gvyvd,1
w6j2o21j,98rv0dqj,3dxkzjy1,wkp5qevd,None,2
w6j2o21j,98rv0dqj,m1zjwj36,9d8449wk,None,2
w6j2o21j,98rv0dqj,y655we86,zd3rzned,None,1
w6j2o21j,98rv0dqj,m1mnp8jd,ndx00qod,None,1
w6j2o21j,98rv0dqj,m1mnp8jd,9kvllze2,None,1
w6j2o21j,98rv0dqj,m1mnp8jd,rklzzy62,None,1
w6j2o21j,98rv0dqj,369802gd,ndx0wgjd,None,1
w6j2o21j,98rv0dqj,369802gd,w2054lzd,None,1
w6j2o21j,98rv0dqj,4d7nrql6,5dwx38n2,None,1
w6j2o21j,98rv0dqj,369802gd,w2054lzd,None,1
w6j2o21j,98rv0dqj,369802gd,ndx0wgjd,None,1
w6j2o21j,98rv0dqj,pdv2epr6,n2ym6872,None,1
w6j2o21j,98rv0dqj,9do85nm1,xk99zj6k,o9xjmepd,1
w6j2o21j,98rv0dqj,ldejzon1,n2yvm9z2,None,1
w6j2o21j,98rv0dqj,3698g08d,02q41g9d,None,1
w6j2o21j,98rv0dqj,pd0py36e,vdo3oqyd,None,13
w6j2o21j,98rv0dqj,268ejwo6,7kj3jjn2,None,3
w6j2o21j,98rv0dqj,j1lq4ze6,mkevz4n2,None,1
w6j2o21j,98rv0dqj,j1ll47v1,ndx50mjk,None,1
w6j2o21j,98rv0dqj,j1ll47v1,w20q695d,r9gm2rk9,1
w6j2o21j,98rv0dqj,j1ll47v1,w20q695d,ldyryjz9,1
w6j2o21j,98rv0dqj,j1ll47v1,w20q695d,gdr0egzd,1
w6j2o21j,98rv0dqj,j1ll47v1,w20q695d,nwlmlnr9,1
w6j2o21j,98rv0dqj,j1ll47v1,w20q695d,rdqmjg19,1
w6j2o21j,98rv0dqj,j1lqlov6,7dgx0o4k,y9m0kj1w,1
w6j2o21j,98rv0dqj,j1lqlov6,7dgx0o4k,rw62kr7d,1
w6j2o21j,98rv0dqj,j1lqlov6,7dgx0o4k,n93k28ew,1
w6j2o21j,98rv0dqj,j1lqlov6,7dgx0o4k,z98p2elw,1
w6j2o21j,98rv0dqj,j1lqlov6,7dgx0o4k,rdn3krvw,1
w6j2o21j,98rv0dqj,j1lqlov6,7dgx0o4k,ldyq4jzw,1
w6j2o21j,98rv0dqj,j1lqlov6,7dgx0o4k,n93k28rw,1
w6j2o21j,98rv0dqj,j1lqlov6,824ljend,None,1
w6j2o21j,98rv0dqj,j1lqvwe6,82498eed,None,5
w6j2o21j,98rv0dqj,3dxkr9v1,z27913gd,gdr3o0kd,1
w6j2o21j,98rv0dqj,3dxkr9v1,mke74562,None,1
w6j2o21j,98rv0dqj,3dxkr9v1,z27913gd,69zg6l4w,1
w6j2o21j,98rv0dqj,46w2njq6,wkpr9mw2,None,4
w6j2o21j,98rv0dqj,3698v90d,8249opwd,z98x281d,1
w6j2o21j,98rv0dqj,nd28x53d,9kvrg132,rdqvl5g9,1
w6j2o21j,98rv0dqj,nd28x53d,rkl08o8k,kwjmp11w,1
w6j2o21j,98rv0dqj,nd28x53d,rkl08o8k,owovyq39,1
w6j2o21j,98rv0dqj,nd28x53d,9kvrg132,owovyq39,1
w6j2o21j,98rv0dqj,v1pxrp46,wkpr9vw2,None,2
w6j2o21j,98rv0dqj,9d38v3y1,rkl0q8qk,None,1
w6j2o21j,98rv0dqj,lde3eje6,n2yog7zd,None,1
w6j2o21j,98rv0dqj,76r37re6,7dgy6rpd,None,1
w6j2o21j,98rv0dqj,v1pxv7z6,n2yrl1ed,None,1
w6j2o21j,98rv0dqj,9do89v71,z2797x0d,None,1
w6j2o21j,98rv0dqj,ldejzon1,wkpremg2,None,1
w6j2o21j,98rv0dqj,o6gnvxx1,w20eyr8d,None,1
w6j2o21j,98rv0dqj,3698my8d,5dwqmzld,None,5
w6j2o21j,98rv0dqj,pd0q3rv1,q2551vj2,None,1
w6j2o21j,98rv0dqj,3698my8d,5dwqmzld,None,13
w6j2o21j,98rv0dqj,3698my8d,5dwqmzld,None,278
w6j2o21j,98rv0dqj,3698my8d,5dwqmzld,None,51
w6j2o21j,98rv0dqj,o6gn39n1,jdrr010d,None,1
w6j2o21j,98rv0dqj,pd0qrpl1,jdrwzw5k,xd4m42qd,1
w6j2o21j,98rv0dqj,ldejowe1,xd1w9y42,xd4mqxqd,2
w6j2o21j,98rv0dqj,ldejowe1,xd1w9y42,xd0jzxmw,2
w6j2o21j,98rv0dqj,yd4kq8x6,jdzo5j32,None,2
w6j2o21j,98rv0dqj,3dxkp5g1,jdzr16g2,None,3
w6j2o21j,98rv0dqj,3dxkp5g1,jdzr16g2,None,2
w6j2o21j,98rv0dqj,9do89we1,vdop9gv2,None,1
w6j2o21j,98rv0dqj,3dxkxzg1,vdopgl62,None,1
w6j2o21j,98rv0dqj,9do89we1,wkpg4ewk,None,1
w6j2o21j,98rv0dqj,kdkmpwe1,n2yry81d,None,1
w6j2o21j,98rv0dqj,76r3ygl6,wdmm8n5d,None,1
w6j2o21j,98rv0dqj,w6jlgqxd,jdrve302,None,1
w6j2o21j,98rv0dqj,w6j7xx26,7dg1pr4d,None,2
w6j2o21j,98rv0dqj,y655n436,ndxrxn5d,None,3
w6j2o21j,98rv0dqj,kdkmpwe1,7kjlnmz2,None,1
w6j2o21j,98rv0dqj,kdkmpwe1,n2yry81d,None,1
w6j2o21j,98rv0dqj,m1zk3x21,zd3j8vr2,y9m6xk5w,1
w6j2o21j,98rv0dqj,j1nekj91,02qv9mjd,None,2
w6j2o21j,98rv0dqj,j1nekj91,02qv9mjd,None,2
w6j2o21j,98rv0dqj,3dxkp241,jdrw5yxk,4950nm0d,1
w6j2o21j,98rv0dqj,nd28x53d,rkl08o8k,5d708ze9,1
w6j2o21j,98rv0dqj,3dxkp241,jdrw5yxk,kwjmrvnw,1
w6j2o21j,98rv0dqj,3dxkp241,jdrw5yxk,nwlve209,1
w6j2o21j,98rv0dqj,3dxkp241,jdrw5yxk,69zv08lw,1
w6j2o21j,98rv0dqj,3dxkp241,jdrw5yxk,r9go875w,1
w6j2o21j,98rv0dqj,3dxkp241,jdrw5yxk,rdqvqnk9,1
w6j2o21j,98rv0dqj,3dxkp241,jdzrmxv2,nwlve209,1
w6j2o21j,98rv0dqj,9do8lpk1,9d85zy6d,xd4mr02d,1
w6j2o21j,98rv0dqj,9do8lpk1,9d85zy6d,xd0j3kxw,1
w6j2o21j,98rv0dqj,9do8lpk1,824qznmk,None,2
w6j2o21j,98rv0dqj,9do8lpk1,9d85zy6d,xd0j3kxw,4
w6j2o21j,98rv0dqj,9do8lpk1,824qznmk,None,8
w6j2o21j,98rv0dqj,j1nel0e1,jdrormnd,None,1
w6j2o21j,98rv0dqj,9do8lpk1,xd1wzj72,5wkv1k2d,1
w6j2o21j,98rv0dqj,nd28x53d,9d85w8ld,None,1
w6j2o21j,98rv0dqj,nd28x53d,w20e49od,5d708ze9,1
w6j2o21j,98rv0dqj,nd28x53d,ndxrwvvd,kwjmp11w,1
w6j2o21j,98rv0dqj,nd28x53d,9kvrg132,49504l4d,1
w6j2o21j,98rv0dqj,nd28x53d,rkl08o8k,49504l4d,1
w6j2o21j,98rv0dqj,nd28x53d,w20e49od,49504l4d,1
w6j2o21j,98rv0dqj,nd28x53d,rkl08o8k,rdqvl5g9,2
w6j2o21j,98rv0dqj,36984v2d,7kjl4m32,None,2
w6j2o21j,98rv0dqj,m1zkwvx1,02qe68z2,None,1
w6j2o21j,98rv0dqj,m1zkwvx1,jdzrxpx2,None,1
w6j2o21j,98rv0dqj,46w2ep36,8248l6mk,None,1
w6j2o21j,98rv0dqj,k6q4380d,w20eeojd,None,1
w6j2o21j,98rv0dqj,k6q4380d,wdmmmjed,None,1
w6j2o21j,98rv0dqj,k6q4380d,wk6rrjrk,None,1
w6j2o21j,98rv0dqj,k6q4380d,rkl00rnk,None,1
w6j2o21j,98rv0dqj,w6j77ye6,q25xz8wk,None,1
w6j2o21j,98rv0dqj,v1pxpmp6,824n6pgk,None,2
w6j2o21j,98rv0dqj,k6qwgkm6,mkewxmjk,None,1
w6j2o21j,98rv0dqj,m1mng7kd,zd35m7yk,None,1
w6j2o21j,98rv0dqj,k6qwgkm6,wkpg5zjk,None,1
w6j2o21j,98rv0dqj,9d387eg1,9kv8yned,None,1
w6j2o21j,98rv0dqj,9d387eg1,9kv8yned,None,1
w6j2o21j,98rv0dqj,m1mng7kd,9kvrgyj2,None,1
w6j2o21j,98rv0dqj,j1ll47v1,zd3orerd,None,1
w6j2o21j,98rv0dqj,46w2ep36,q251x8yd,rw6x38nw,1
w6j2o21j,98rv0dqj,46w2ep36,9d8lr862,rw6x38nw,1
w6j2o21j,98rv0dqj,46w2ep36,zdnynrek,rw6x38nw,1
w6j2o21j,98rv0dqj,46w2ep36,z27vm302,rw6x38nw,1
w6j2o21j,98rv0dqj,46w2ep36,zdnynrek,n93eov7w,1
w6j2o21j,98rv0dqj,46w2ep36,9d8loj62,None,1
w6j2o21j,98rv0dqj,46w2ep36,9d8lr862,xd0yxm0w,1
w6j2o21j,98rv0dqj,46w2ep36,zdnynrek,xd0yxm0w,1
w6j2o21j,98rv0dqj,46w2ep36,z27vm302,xd0yxm0w,1
w6j2o21j,98rv0dqj,46w2ep36,q251x8yd,xd0yxm0w,1
w6j2o21j,98rv0dqj,3dxkxk41,xk951842,None,2
w6j2o21j,98rv0dqj,ldejnpx1,wkpn4pjd,None,1
w6j2o21j,98rv0dqj,o1yjr8o1,wk6wn5e2,yweyn4yd,1
w6j2o21j,98rv0dqj,o1yjr8o1,wk6wn5e2,nwl5n60d,1
w6j2o21j,98rv0dqj,j1n8qpl1,rklnovq2,None,2
w6j2o21j,98rv0dqj,o6gl40xd,zdnynoxk,None,1
w6j2o21j,98rv0dqj,j1nev3w1,ndx46r12,None,1
w6j2o21j,98rv0dqj,k6qw93x6,jdzllr62,5d71qx6d,1
w6j2o21j,98rv0dqj,k6qw93x6,02q44e9d,5d71qx6d,1
w6j2o21j,98rv0dqj,9do8p2k1,9d85or7d,owoxpxkw,1
w6j2o21j,98rv0dqj,y655q376,zdny097k,xd0y04jw,1
w6j2o21j,98rv0dqj,j1n8xre1,wkpgny0k,None,2
w6j2o21j,98rv0dqj,j1lqmyz6,wk6r0gok,ldy0z8j9,1
w6j2o21j,98rv0dqj,m1zk7231,vdop17o2,495ngy09,2
w6j2o21j,98rv0dqj,m1zk7231,vdop17o2,nwle120d,4
w6j2o21j,98rv0dqj,9do83me1,rkln8gw2,None,1
w6j2o21j,98rv0dqj,9do83me1,rkln8gw2,None,1
w6j2o21j,98rv0dqj,9do83me1,rkln8gw2,None,1
w6j2o21j,98rv0dqj,m1zk7231,vdop17o2,xd0oynxd,1
w6j2o21j,98rv0dqj,m1zk7231,vdop17o2,kwjrjvnd,2
w6j2o21j,98rv0dqj,9do83me1,wk63eyek,None,1
w6j2o21j,98rv0dqj,k6qwgkm6,vdop5762,None,1
w6j2o21j,98rv0dqj,9do83me1,wk63eyek,None,1
w6j2o21j,98rv0dqj,9do83me1,rkln8gw2,None,1
w6j2o21j,98rv0dqj,9do83me1,rkln8gw2,None,1
w6j2o21j,98rv0dqj,76r37re6,wk6387xk,None,1
w6j2o21j,98rv0dqj,9do83me1,wk63eyek,None,1
w6j2o21j,98rv0dqj,9do83me1,wk63eyek,None,1
w6j2o21j,98rv0dqj,9do83me1,zdnyl97k,None,1
w6j2o21j,98rv0dqj,kdknmqdm,9kv70vjk,None,1
w6j2o21j,98rv0dqj,kdknmqdm,rklvp6qd,None,1
w6j2o21j,98rv0dqj,m1zkqkx1,wdm5y642,69zl484d,1
w6j2o21j,98rv0dqj,9do83me1,rkln8gw2,None,1
w6j2o21j,98rv0dqj,j1lqzmv6,7kj96px2,None,1
w6j2o21j,98rv0dqj,46w2ep36,9d8lr862,592l5xgd,1
w6j2o21j,98rv0dqj,46w2ep36,9d8lr862,xd4zx40w,1
w6j2o21j,98rv0dqj,46w2ep36,9d8lr862,29vx241w,1
w6j2o21j,98rv0dqj,268ejwo6,7kj3jjn2,None,1
w6j2o21j,98rv0dqj,pd0qymv1,w20epvjd,None,2
w6j2o21j,98rv0dqj,36989o2d,wdmrej5k,None,1
w6j2o21j,98rv0dqj,k6q458od,zd3oyg8d,None,2
w6j2o21j,98rv0dqj,k6q458od,zd3oyg8d,None,1
w6j2o21j,98rv0dqj,46w2ep36,zdnynrek,xd4zx40w,1
w6j2o21j,98rv0dqj,46w2ep36,z27vm302,xd4zx40w,1
w6j2o21j,98rv0dqj,46w2ep36,q251x8yd,xd4zx40w,1
w6j2o21j,98rv0dqj,46w2ep36,z27vm302,592l5xgd,1
w6j2o21j,98rv0dqj,46w2ep36,q251x8yd,592l5xgd,1
w6j2o21j,98rv0dqj,46w2ep36,zdnynrek,29vx241w,1
w6j2o21j,98rv0dqj,46w2ep36,z27vm302,29vx241w,1
w6j2o21j,98rv0dqj,46w2ep36,q251x8yd,29vx241w,1
w6j2o21j,98rv0dqj,k6q4rqzd,zdnyjexk,None,3
w6j2o21j,98rv0dqj,j1n8y4l1,wk63wnxk,5wkonnp9,1
w6j2o21j,98rv0dqj,46w2ep36,zdnynrek,592l5xgd,1
w6j2o21j,98rv0dqj,j1n8q3e1,z27vjyg2,29vxrn3w,1
w6j2o21j,98rv0dqj,268e03k6,ndx9wgvd,rdq5032d,2
w6j2o21j,98rv0dqj,4d7n3936,wdmr1v5k,rdqrrxgw,1
w6j2o21j,98rv0dqj,nd282e5d,7kj9y8n2,owonnz3d,5
w6j2o21j,98rv0dqj,k6q45lmd,wdmv9x5d,None,1
w6j2o21j,98rv0dqj,w6j74lx6,vdoyvxy2,None,3
w6j2o21j,98rv0dqj,j1n8y4l1,5dwn14ld,o9xqzkpw,2
w6j2o21j,98rv0dqj,m1mxy2p6,rkl3m3qk,xd1yq8zd,4
w6j2o21j,98rv0dqj,4d7nvgz6,n2ynxn8k,None,4
w6j2o21j,98rv0dqj,268wv7o6,9d8ln0w2,gdrlnnzd,1
w6j2o21j,98rv0dqj,v1pxemm6,wdmr1z4k,xd1rr8e9,4
w6j2o21j,98rv0dqj,j1lqyzj6,rklnm462,None,1
w6j2o21j,98rv0dqj,j1lqyzj6,rklnm462,None,1
w6j2o21j,98rv0dqj,j1lq4ze6,jdzlejr2,None,1
w6j2o21j,98rv0dqj,yd4kvvg6,q2511wgd,None,1
w6j2o21j,98rv0dqj,46w29k36,02q4xlyd,None,1
w6j2o21j,98rv0dqj,v1pxj376,q25j10wd,z983pn7d,1
w6j2o21j,98rv0dqj,k6q4399d,xd148mwd,gdrrro6d,2
w6j2o21j,98rv0dqj,9d3rkvgd,zd3q7n8k,29vx13nw,1
w6j2o21j,98rv0dqj,y655q376,q251g6wd,xd0y04jw,1
w6j2o21j,98rv0dqj,w6j73mx6,zdnyn1ek,None,1
w6j2o21j,98rv0dqj,268w8qo6,w20nxjvd,None,1
w6j2o21j,98rv0dqj,m1zkqkx1,w20q63zd,5d7j32ed,3
w6j2o21j,98rv0dqj,m1zkqkx1,w20q63zd,nwlm72g9,1
w6j2o21j,98rv0dqj,m1zkqkx1,w20q63zd,rw67ne69,3
w6j2o21j,98rv0dqj,w6j73y26,z27v18z2,None,3
w6j2o21j,98rv0dqj,kdkmexg1,zdny45ek,None,1
w6j2o21j,98rv0dqj,v1pxy3z6,wkpnnn8d,5d752rew,1
w6j2o21j,98rv0dqj,o1yj2k41,02q9p3pk,owo4pgy9,2
w6j2o21j,98rv0dqj,yd4ojlw1,zdn8r69d,nwlpezo9,2
w6j2o21j,98rv0dqj,j1lqlov6,7dgx0o4k,5wk0gjq9,1
w6j2o21j,98rv0dqj,3dx2ygy1,vdoz89ok,None,1
w6j2o21j,98rv0dqj,k6qwz8m6,mkey3wx2,None,1
w6j2o21j,98rv0dqj,j1n5ee1p,7kjzy8gd,None,1
w6j2o21j,98rv0dqj,46w3xnl1,wkp90g82,None,4
w6j2o21j,98rv0dqj,46w3xnl1,02q30vzk,None,6
w6j2o21j,98rv0dqj,46w3xnl1,02q30vzk,None,5
w6j2o21j,98rv0dqj,46w3xnl1,02q30vzk,None,4
w6j2o21j,98rv0dqj,3dxk0z51,jdzlzvx2,None,2
w6j2o21j,98rv0dqj,36985jgd,vdoyo712,None,1
w6j2o21j,98rv0dqj,pd0q7o21,ndx3zw5d,o9xyzp3d,2
w6j2o21j,98rv0dqj,pd0q7o21,9d8y1y7k,None,2
w6j2o21j,98rv0dqj,k6qwrv06,rklnqxn2,ywevoxqd,3
w6j2o21j,98rv0dqj,o6gnkxo1,7kjojex2,None,1
w6j2o21j,98rv0dqj,9dow5v31,xk9v1zyd,owo3emyw,1
w6j2o21j,98rv0dqj,369j481l,n2y54yek,None,1
w6j2o21j,98rv0dqj,k6qwrg96,jdzn586d,None,1
w6j2o21j,98rv0dqj,k6qwrg96,jdzn586d,None,1
w6j2o21j,98rv0dqj,k6q4rqzd,9d8xw932,z98evep9,1
w6j2o21j,98rv0dqj,k6q4rqzd,xd1lxp4k,z98evep9,1
w6j2o21j,98rv0dqj,k6q4rqzd,zd38mevk,z98evep9,1
w6j2o21j,98rv0dqj,k6q4rqzd,9d8xw932,z98evep9,1
w6j2o21j,98rv0dqj,3698wngd,9d8lp132,5d7142vd,1
w6j2o21j,98rv0dqj,268wpp96,xk9wgwv2,gdr012ld,1
w6j2o21j,98rv0dqj,y655o586,jdrrzvnd,n93x6m29,1
w6j2o21j,98rv0dqj,j1ll47v1,wk6e4mo2,None,1
w6j2o21j,98rv0dqj,k6q4rqzd,9kv7gzok,ldyj7jzd,2
w6j2o21j,98rv0dqj,pdv2j9k6,vdo55y9k,495221j9,2
w6j2o21j,98rv0dqj,pdv2j9k6,vdo55y9k,rdq88k1d,2
w6j2o21j,98rv0dqj,pdv2j9k6,vdo55y9k,5d711mvd,1
w6j2o21j,98rv0dqj,pdv2j9k6,zdnzzoxd,xd0164xw,4
w6j2o21j,98rv0dqj,pdv2j9k6,vdo55y9k,o9xgge1d,3
w6j2o21j,98rv0dqj,j1ll47v1,xd1j0gzd,None,1
w6j2o21j,98rv0dqj,pdv2j9k6,vdo55y9k,69z55vo9,3
w6j2o21j,98rv0dqj,pdv2j9k6,vdo55y9k,nwl55vrd,5
w6j2o21j,98rv0dqj,o6gnxjn1,9d8y14qk,o9xyzkpd,1
w6j2o21j,98rv0dqj,j1ll47v1,w20q695d,69zl3zod,1
w6j2o21j,98rv0dqj,268wpp96,7kjgpg3k,gdr012ld,1
w6j2o21j,98rv0dqj,pdv2j9k6,xk9ww5g2,xd41gk2d,1
w6j2o21j,98rv0dqj,pdv2j9k6,zdnzzoxd,z9834mgd,3
w6j2o21j,98rv0dqj,pdv2j9k6,vdo55y9k,yweyy7rd,2
w6j2o21j,98rv0dqj,pdv2j9k6,vdo55y9k,r9gllgkw,2
w6j2o21j,98rv0dqj,pdv2j9k6,zdnzzoxd,5wkx4q29,1
w6j2o21j,98rv0dqj,pdv2j9k6,xk9ww5g2,5wkx4q29,1
w6j2o21j,98rv0dqj,4d7npmz6,jdzl9gg2,None,10
w6j2o21j,98rv0dqj,j1ll47v1,wk6e4eq2,None,1
w6j2o21j,98rv0dqj,j1ll47v1,w20q695d,5d7jvlvd,1
w6j2o21j,98rv0dqj,j1ll47v1,w20q695d,kwjk53z9,1
w6j2o21j,98rv0dqj,j1ll47v1,w20q695d,owom0ly9,1
w6j2o21j,98rv0dqj,j1ll47v1,w20q695d,xd1z766w,1
w6j2o21j,98rv0dqj,j1ll47v1,w20q695d,ewp2jez9,1
w6j2o21j,98rv0dqj,j1ll47v1,w20q695d,y9mmjy19,1
w6j2o21j,98rv0dqj,j1ll47v1,w20q695d,5wkmj8qd,1
w6j2o21j,98rv0dqj,j1ll47v1,w20q695d,5926z3rd,1
w6j2o21j,98rv0dqj,j1ll47v1,w20q695d,29v83jnd,1
w6j2o21j,98rv0dqj,j1ll47v1,w20q695d,xd0egl19,1
w6j2o21j,98rv0dqj,j1ll47v1,w20q695d,rw674r79,1
w6j2o21j,98rv0dqj,j1ll47v1,w20q695d,n93x78e9,1
w6j2o21j,98rv0dqj,j1ll47v1,w20q695d,z98o6eld,1
w6j2o21j,98rv0dqj,j1ll47v1,w20q695d,rdnm0rv9,1
w6j2o21j,98rv0dqj,j1ll47v1,w20q695d,xd45jnpw,1
w6j2o21j,98rv0dqj,o6gnxjn1,9d8y14qk,n93xnye9,1
w6j2o21j,98rv0dqj,pdv2j9k6,z27ww5ok,5wkx4q29,1
w6j2o21j,98rv0dqj,j1ll47v1,w20q695d,ywev1lrd,1
w6j2o21j,98rv0dqj,j1ll47v1,w20q695d,o9xynk1d,1
w6j2o21j,98rv0dqj,j1ll47v1,w20q695d,495q6yj9,1
w6j2o21j,98rv0dqj,j1ll47v1,wkp0r5g2,None,1
w6j2o21j,98rv0dqj,pd0q7ew1,9d8ymn6k,xd452g8w,2
w6j2o21j,98rv0dqj,9d38wkg1,w20q73vd,None,2
w6j2o21j,98rv0dqj,pd0q7ew1,9d8ymn6k,29v87nxd,1
w6j2o21j,98rv0dqj,kdkz34gd,wkpovvg2,None,1
w6j2o21j,98rv0dqj,pdv20e96,rkl57x62,None,1
w6j2o21j,98rv0dqj,268wz4o6,02q40ejd,ywev2j4d,3
w6j2o21j,98rv0dqj,w6jlkx5d,q25mgrwd,gdr14k6w,3
w6j2o21j,98rv0dqj,pdv20e96,ndx3ojod,None,1
w6j2o21j,98rv0dqj,268wz4o6,02q40ejd,ywev2j4d,3
w6j2o21j,98rv0dqj,268wz4o6,02q40ejd,nwlmgyg9,2
w6j2o21j,98rv0dqj,yd4ojlw1,7kj6zx42,None,1
w6j2o21j,98rv0dqj,4d7npmz6,ndx396jd,None,11
w6j2o21j,98rv0dqj,46w38o31,jdrlw9gd,None,12
w6j2o21j,98rv0dqj,kdkzvzld,zd3638rd,None,16
w6j2o21j,98rv0dqj,j1lqlov6,7dgx0o4k,xd1pv76d,1
w6j2o21j,98rv0dqj,j1lqlov6,7dgx0o4k,ewpnkjz9,1
w6j2o21j,98rv0dqj,kdknmqdm,9kv70vjk,None,1
w6j2o21j,98rv0dqj,kdknmqdm,wdmleyxk,None,1
w6j2o21j,98rv0dqj,kdknmqdm,w20vl6vk,None,1
w6j2o21j,98rv0dqj,v1pxpmp6,824nm5mk,None,1
w6j2o21j,98rv0dqj,268w9kk6,824lwn3d,69z7voow,2
w6j2o21j,98rv0dqj,268w9kk6,9d8oryq2,None,1
w6j2o21j,98rv0dqj,3dxky251,zd3v97n2,y9m06g5w,4
w6j2o21j,98rv0dqj,3dxky251,9kvqvy0d,y9m06g5w,2
w6j2o21j,98rv0dqj,k6q4rqzd,9kv7gzok,z98evep9,1
w6j2o21j,98rv0dqj,k6q4rqzd,xd1lxp4k,z98evep9,1
w6j2o21j,98rv0dqj,k6q4rqzd,zd38mevk,z98evep9,1
w6j2o21j,98rv0dqj,k6q4rqzd,xd1lxp4k,n938jj7w,2
w6j2o21j,98rv0dqj,k6q4rqzd,xk986z42,None,4
w6j2o21j,98rv0dqj,k6q4rqzd,9kv7gzok,n938jj7w,2
w6j2o21j,98rv0dqj,k6q4rqzd,9kv7gzok,z98evzl9,2
w6j2o21j,98rv0dqj,k6q4rqzd,9d8xw932,z98evzl9,1
w6j2o21j,98rv0dqj,k6q4rqzd,9kv7gzok,n9385new,2
w6j2o21j,98rv0dqj,k6q4rqzd,xk986z42,None,22
w6j2o21j,98rv0dqj,46w3qeq1,7kj83lzd,None,1
w6j2o21j,98rv0dqj,k6q4rqzd,9kv7gz8k,None,38
w6j2o21j,98rv0dqj,k6q4rqzd,wdmxz3xk,None,22
w6j2o21j,98rv0dqj,4d7wwr67,7dg5y642,None,8
w6j2o21j,98rv0dqj,4d7wwr67,7dg09egk,None,4
w6j2o21j,98rv0dqj,pdv22jo6,q25xwowk,None,2
w6j2o21j,98rv0dqj,pdv22jo6,q25xwowk,None,1
w6j2o21j,98rv0dqj,46w3q731,8249omwd,None,1
w6j2o21j,98rv0dqj,m1mxpkj6,xd11q54d,None,2
w6j2o21j,98rv0dqj,m1mxpkj6,zdnn78ed,None,1
w6j2o21j,98rv0dqj,m1mxpkj6,jdrloyld,o9xx1039,1
w6j2o21j,98rv0dqj,m1mxpkj6,zd3vrqv2,495mknmw,4
w6j2o21j,98rv0dqj,k6q4rqzd,q253pzyk,None,32
w6j2o21j,98rv0dqj,k6q4rqzd,z27lez0d,None,65
w6j2o21j,98rv0dqj,m1mxpkj6,jdrloyld,69z8p0x9,1
w6j2o21j,98rv0dqj,76r3wpl6,ndxe9p5k,None,1
w6j2o21j,98rv0dqj,j1llm971,rkllg38k,None,6
w6j2o21j,98rv0dqj,76rqeld8,9d8j6zwk,None,5
w6j2o21j,98rv0dqj,k6q4rqzd,9kv7gzok,xd03ogjd,1
w6j2o21j,98rv0dqj,ldej9e51,wkp9vzv2,rdn48ev9,2
w6j2o21j,98rv0dqj,pd00wvde,zd3ljwnd,None,4
w6j2o21j,98rv0dqj,nd28keqd,xd11mlwd,None,3
w6j2o21j,98rv0dqj,j1lw246g,ndx96n1d,None,1
w6j2o21j,98rv0dqj,pd00lwde,9d8jlrlk,None,2
w6j2o21j,98rv0dqj,pd00lwde,xd1350wk,None,2
w6j2o21j,98rv0dqj,m1mxy2p6,rkl3m3qk,ywe3eml9,5
w6j2o21j,98rv0dqj,o1y9lq26,9d8eqn7d,r9gq2qkd,3
w6j2o21j,98rv0dqj,pdvqn96w,mkejy662,None,1
w6j2o21j,98rv0dqj,o1y7pv1q,z2775vz2,None,6
w6j2o21j,98rv0dqj,o1y7pv1q,mke5wyxk,None,2
w6j2o21j,98rv0dqj,lde3e3e6,zdn0yx92,y9mrol5w,3
w6j2o21j,98rv0dqj,yd4ox3x1,z274yeg2,None,1
w6j2o21j,98rv0dqj,w6jl2r5d,wdmvp3od,gdro4ykd,3
w6j2o21j,98rv0dqj,o1y7pv1q,zd3wqerk,None,3
w6j2o21j,98rv0dqj,y654px8d,wkp911w2,kwj42qnw,6
w6j2o21j,98rv0dqj,yd4ox3x1,jdro60xd,None,2
w6j2o21j,98rv0dqj,o1y7pv1q,zdnqoo9d,None,2
w6j2o21j,98rv0dqj,pdvz7446,vdo88xvk,None,10
w6j2o21j,98rv0dqj,46wkwq6r,jdrlz65d,n93m32ed,7
w6j2o21j,98rv0dqj,76rx0746,wk68oxe2,z98gko7w,2
w6j2o21j,98rv0dqj,268ko96p,wkp0o082,None,1
w6j2o21j,98rv0dqj,9dowl531,zd3j6p82,nwl5k0od,1
w6j2o21j,98rv0dqj,j1nel0e1,xd14jpwd,None,1
w6j2o21j,98rv0dqj,76rx8lq6,zd3orxyd,None,2
w6j2o21j,98rv0dqj,m1mxy2p6,xk9e4962,ywe3eml9,1
w6j2o21j,98rv0dqj,k6q4rqzd,9kv7gzok,kwj6rknd,6
w6j2o21j,98rv0dqj,4d79vvr1,vdomqz92,None,3
w6j2o21j,98rv0dqj,v1pxyn46,wk636eqk,None,13
w6j2o21j,98rv0dqj,268ek5y6,ndx70412,5wk8x5pw,1
w6j2o21j,98rv0dqj,v1pxyn46,wk636eqk,None,28
w6j2o21j,98rv0dqj,9d3rz5ed,9d8e4x6d,592r30gd,1
w6j2o21j,98rv0dqj,9d3rz5ed,jdrovwld,None,1
w6j2o21j,98rv0dqj,v1pne4d8,jdr776l2,None,4
w6j2o21j,98rv0dqj,k6q458od,zd3oyg8d,None,2
w6j2o21j,98rv0dqj,46w3q731,8249omwd,None,1
w6j2o21j,98rv0dqj,46w3qeq1,9kv6ov02,None,1
w6j2o21j,98rv0dqj,46w3qeq1,zd3owqrd,None,1
w6j2o21j,98rv0dqj,46w3qeq1,9kv6on32,None,1
w6j2o21j,98rv0dqj,nd2eored,vdoxo91d,None,1
w6j2o21j,98rv0dqj,w6jlpeed,jdz67or2,None,4
w6j2o21j,98rv0dqj,w6j4l46j,xk90ee6k,y9m5jl1d,1
w6j2o21j,98rv0dqj,pd0w0701,7kj81wgd,rdnxnpnw,2
w6j2o21j,98rv0dqj,pd0w2o21,xd17gowd,None,2
w6j2o21j,98rv0dqj,4d7wwr67,7dg09egk,None,5
w6j2o21j,98rv0dqj,y6547r4d,z274oz52,rw6g40p9,1
w6j2o21j,98rv0dqj,y6547r4d,xk9enzx2,rdqojvow,4
w6j2o21j,98rv0dqj,268eq9k6,wdmvlz5d,gdroe48d,2
w6j2o21j,98rv0dqj,pd0w9y31,9kv74zjk,None,3
w6j2o21j,98rv0dqj,nd2vpq10,ndxpwpv2,nwl78vo9,1
w6j2o21j,98rv0dqj,76rxmo46,w20gl4vk,rw6eglnd,15
w6j2o21j,98rv0dqj,369prm21,xd14mnrd,xd4evv2w,2
w6j2o21j,98rv0dqj,yd4o4qk1,wk6ejge2,None,4
w6j2o21j,98rv0dqj,yd4o4qk1,wdmvq14d,None,5
w6j2o21j,98rv0dqj,w6jlq22d,jdz680r2,None,3
w6j2o21j,98rv0dqj,o6gx78d2,02qo7eyk,n934qrrd,1
w6j2o21j,98rv0dqj,yd4o4ek1,zdnlrrq2,kwj6oj0d,3
w6j2o21j,98rv0dqj,yd4o4ek1,q25e8882,owo5gnjd,1
w6j2o21j,98rv0dqj,y654xyed,zd3o05nd,None,8
w6j2o21j,98rv0dqj,k6q4rqzd,9kv7gzok,xd4n7ypw,2
w6j2o21j,98rv0dqj,369prm21,xd14mnrd,z98522g9,1
w6j2o21j,98rv0dqj,9d3re50d,w20y4lok,None,3
w6j2o21j,98rv0dqj,pdvzokv6,xd1vyxrd,None,2
w6j2o21j,98rv0dqj,9d3re50d,wdm81e32,None,3
w6j2o21j,98rv0dqj,9d3re50d,wdm81e32,None,6
w6j2o21j,98rv0dqj,3695w2dl,7kjqr73d,None,12
w6j2o21j,98rv0dqj,76rxerl6,n2yol08d,xd185l6w,3
w6j2o21j,98rv0dqj,4d79vvr1,n2y7jv12,None,4
w6j2o21j,98rv0dqj,k6q4rqzd,9kv7gzok,r9g11xq9,6
w6j2o21j,98rv0dqj,o6gl2x9d,9d8e75qd,xd4klm0w,2
w6j2o21j,98rv0dqj,nd2elvqd,zd3x3myd,n93meend,5
w6j2o21j,98rv0dqj,nd2elvqd,rklr71rk,n93meend,2
w6j2o21j,98rv0dqj,o6gl2x9d,xd146w8d,rw6mz0n9,1
w6j2o21j,98rv0dqj,j1llv741,n2yo831d,None,11
w6j2o21j,98rv0dqj,j1llvy71,w203p3o2,None,1
w6j2o21j,98rv0dqj,76rxpg56,mkelew9d,rw6mzxn9,5
w6j2o21j,98rv0dqj,k6q4rqzd,9kv7gz8k,None,2
w6j2o21j,98rv0dqj,k6q4rqzd,xd1lxp4k,nwlnxled,4
w6j2o21j,98rv0dqj,v1po5rz6,n2ygm472,None,1
w6j2o21j,98rv0dqj,9d39y9dl,wdmqv442,xd075r0w,1
w6j2o21j,98rv0dqj,o1y7pv1q,zd3wqerk,None,5
w6j2o21j,98rv0dqj,o1y7pv1q,wkpq740d,None,4
w6j2o21j,98rv0dqj,o1y7pv1q,q25459vd,None,2
w6j2o21j,98rv0dqj,o1y7pv1q,q25459vd,None,1
w6j2o21j,98rv0dqj,o1y7pv1q,q25459vd,None,1
w6j2o21j,98rv0dqj,o1y7pv1q,q2538g8k,None,3
w6j2o21j,98rv0dqj,o1y7pv1q,vdomqmv2,None,2
w6j2o21j,98rv0dqj,3dx24n51,zd3x3z8d,None,2
w6j2o21j,98rv0dqj,o6g9j8d2,wdm4y14d,None,9
w6j2o21j,98rv0dqj,o6g9j8d2,wkpq4z0d,None,1
w6j2o21j,98rv0dqj,kdkz852d,9d8glz3k,None,8
w6j2o21j,98rv0dqj,kdkz852d,xd175z4d,None,2
w6j2o21j,98rv0dqj,k6q4rqzd,9kv7gzok,rw6e5gnd,9
w6j2o21j,98rv0dqj,pdvzokv6,9d83qn72,n93mx42d,2
w6j2o21j,98rv0dqj,369x426l,zdnq9g9d,None,10
w6j2o21j,98rv0dqj,o1y7pv1q,w201o1ok,None,1
w6j2o21j,98rv0dqj,nd2lev60,5dw8lend,xd1xo769,6
w6j2o21j,98rv0dqj,4d792zz1,w203o482,None,1
w6j2o21j,98rv0dqj,k6q4mlod,xd1eexw2,None,1
w6j2o21j,98rv0dqj,k6q4mlod,02qoox9k,None,1
w6j2o21j,98rv0dqj,w6jlkx5d,02qv3yzd,69znoml9,1
w6j2o21j,98rv0dqj,4d792zz1,w203o482,None,4
w6j2o21j,98rv0dqj,k6q474zd,q25m6zyd,None,11
w6j2o21j,98rv0dqj,4d792zz1,wk68yne2,None,2
w6j2o21j,98rv0dqj,o1y7pv1q,9kvxrnj2,None,2
w6j2o21j,98rv0dqj,o1y7pv1q,xk98jry2,None,3
w6j2o21j,98rv0dqj,k6q4rqzd,xd1lxp4k,rw6e50gd,9
w6j2o21j,98rv0dqj,j1n07edp,w2016wok,None,9
w6j2o21j,98rv0dqj,369pq8l1,xd1vz6zd,gdryynlw,1
w6j2o21j,98rv0dqj,k6q4rqzd,wk6nplr2,None,3
w6j2o21j,98rv0dqj,k6q4rqzd,zd38mevk,29v5n01d,12
w6j2o21j,98rv0dqj,k6q4rqzd,9kv7gzok,rdnrvr6w,7
w6j2o21j,98rv0dqj,lde35gl6,xk9v5zyd,y9m285ld,4
w6j2o21j,98rv0dqj,76rx9z46,z27oovgd,None,5
w6j2o21j,98rv0dqj,v1po5rz6,zd3xr0nd,None,1
w6j2o21j,98rv0dqj,369pq8l1,z271e0o2,xd4kke2w,2
w6j2o21j,98rv0dqj,369pq8l1,xd1vz6zd,y9m2245d,1
w6j2o21j,98rv0dqj,w6jl5q2d,9kv93oj2,495mrj2w,1
w6j2o21j,98rv0dqj,k6q474zd,02qvxpzd,None,10
w6j2o21j,98rv0dqj,w6jl5q2d,rklrmlqk,495mrj2w,1
w6j2o21j,98rv0dqj,9dow5v31,n2ygx682,None,1
w6j2o21j,98rv0dqj,9dow5v31,z271yzg2,xd143z6d,1
w6j2o21j,98rv0dqj,w6jl5q2d,9kv93oj2,rdqn30md,2
w6j2o21j,98rv0dqj,k6q458od,xk9v5jxd,None,2
w6j2o21j,98rv0dqj,k6q458od,xk9v5jxd,None,1
w6j2o21j,98rv0dqj,k6q458od,xk9v5jxd,None,1
w6j2o21j,98rv0dqj,o6glom5d,7dg6m84k,29vlq43w,1
w6j2o21j,98rv0dqj,o6gl5x9d,wdm6rook,None,1
w6j2o21j,98rv0dqj,o1y7pv1q,zdnxr0q2,None,3
w6j2o21j,98rv0dqj,o6gl5x9d,7dg6ynxk,None,1
w6j2o21j,98rv0dqj,o6gl5x9d,wdm6rv5k,None,2
w6j2o21j,98rv0dqj,o6gl5x9d,rklrn5rk,None,1
w6j2o21j,98rv0dqj,kdknmqdm,wdmleyxk,None,1
w6j2o21j,98rv0dqj,pdvzqr96,rklrjn8k,owoqpe3d,3
w6j2o21j,98rv0dqj,k6q459zd,rklr5rrk,5d723e6w,2
w6j2o21j,98rv0dqj,o1y7pv1q,5dw7y5ek,None,1
w6j2o21j,98rv0dqj,kdkojg6m,xd1r0wwk,None,27
w6j2o21j,98rv0dqj,k6q4lx9d,n2yg9gz2,69z8ppl9,2
w6j2o21j,98rv0dqj,76rx9z46,n2y35e8d,None,5
w6j2o21j,98rv0dqj,76rx9z46,xk9nnxy2,None,4
w6j2o21j,98rv0dqj,o1y7pv1q,q25409gd,None,2
w6j2o21j,98rv0dqj,o1y9rqv6,zd3xxgnd,y9m2kpxd,1
w6j2o21j,98rv0dqj,k6q454zd,ndx4eer2,xd14086d,2
w6j2o21j,98rv0dqj,o6glom5d,rkll03qk,y9mrn75w,1
w6j2o21j,98rv0dqj,o1y9rqv6,mkezgn8k,None,3
w6j2o21j,98rv0dqj,o6g5r912,9kvjl3ok,rdnp1469,4
w6j2o21j,98rv0dqj,k6q4lx9d,02qvm3jd,None,1
w6j2o21j,98rv0dqj,m1mxpkj6,jdrloyld,rdqnzqod,2
w6j2o21j,98rv0dqj,o6gg8n62,n2ygox12,None,5
w6j2o21j,98rv0dqj,k6q4lx9d,jdrlovgd,69z8ppl9,4
w6j2o21j,98rv0dqj,kdkojg6m,wdmq7q32,None,22
w6j2o21j,98rv0dqj,j1newoe1,rklr33nk,o9xx1lp9,1
w6j2o21j,98rv0dqj,k6q4lx9d,jdrlovgd,yweq22yw,2
w6j2o21j,98rv0dqj,k6qerz6g,vdo106y2,None,7
w6j2o21j,98rv0dqj,o1y9rqv6,rklq4wr2,69z2e769,2
w6j2o21j,98rv0dqj,yd4xjx1e,q25gn9vd,None,8
w6j2o21j,98rv0dqj,w6jlkx5d,q25mgrwd,y9m2k3zd,1
w6j2o21j,98rv0dqj,o1y98wk6,n2ygge82,5wkqgk2w,6
w6j2o21j,98rv0dqj,o1y98wk6,n2ygge82,y9m2k55d,12
w6j2o21j,98rv0dqj,j1newkl1,q25mm3yd,None,1
w6j2o21j,98rv0dqj,o1y7pv1q,wkpy660k,None,1
w6j2o21j,98rv0dqj,268ng56p,w20vr9vk,None,1
w6j2o21j,98rv0dqj,46wkn36r,ndx71lo2,495y5kmw,1
w6j2o21j,98rv0dqj,w6jlkx5d,q25mgrwd,z98gy1gw,2
w6j2o21j,98rv0dqj,o1y9jwo6,jdr7wwg2,None,2
w6j2o21j,98rv0dqj,o1y9jwo6,zd3xg8ed,ldyg15rd,5
w6j2o21j,98rv0dqj,o1y9jwo6,mkezwm6k,None,2
w6j2o21j,98rv0dqj,w6jlkx5d,jdrlvj0d,rdn266qd,2
w6j2o21j,98rv0dqj,w6jlkx5d,q25mgrwd,gdr14k6w,1
w6j2o21j,98rv0dqj,m1mxonx6,mkeqvw6k,None,1
w6j2o21j,98rv0dqj,w6jlkx5d,zdn80e7d,nwlpqr09,1
w6j2o21j,98rv0dqj,w6jlkx5d,jdrlvj0d,5wk1535d,1
w6j2o21j,98rv0dqj,46w3n791,zd3xw5rd,None,3
w6j2o21j,98rv0dqj,o1y9rqv6,rklq4wr2,o9x7r66d,2
w6j2o21j,98rv0dqj,o1y7pv1q,5dw7y7lk,None,2
w6j2o21j,98rv0dqj,yd4xjx1e,w20yge5k,z98n2zp9,3
w6j2o21j,98rv0dqj,o1y9rqv6,rklq4wr2,r9g4q6q9,2
w6j2o21j,98rv0dqj,4d79j2g1,xd1vm0rd,owoqngyd,3
w6j2o21j,98rv0dqj,w6jlokxd,vdo18p92,None,6
w6j2o21j,98rv0dqj,3dxwg51y,jdr13vl2,o9xn2v1w,2
w6j2o21j,98rv0dqj,3dxwg51y,rklqwvn2,o9xn2v1w,1
w6j2o21j,98rv0dqj,3dxwg51y,wdm4y0od,None,3
w6j2o21j,98rv0dqj,w6jlokxd,8240y8ed,None,8
w6j2o21j,98rv0dqj,76r2nvd8,9d8xozl2,None,4
w6j2o21j,98rv0dqj,o1y7pv1q,5dwpqnnk,None,5
w6j2o21j,98rv0dqj,4d79j2g1,wk68jxr2,owoqn7yd,5
w6j2o21j,98rv0dqj,4d79j2g1,n2yg18m2,ywemgzrd,4
w6j2o21j,98rv0dqj,46wpg3dr,n2yg8772,None,2
w6j2o21j,98rv0dqj,4d7wwr67,zdnrv8n2,None,2
w6j2o21j,98rv0dqj,4d7wwr67,7dg5y642,None,11
w6j2o21j,98rv0dqj,k6q4lzod,n2yg7qm2,None,1
w6j2o21j,98rv0dqj,v1pown86,02qrvw7k,None,2
w6j2o21j,98rv0dqj,pd0wjr31,8240xjnd,xd03z04d,9
w6j2o21j,98rv0dqj,v1pown86,82480eek,None,2
w6j2o21j,98rv0dqj,369nyldl,xd13jz4k,None,3
w6j2o21j,98rv0dqj,369pxog1,zd3x7end,None,2
w6j2o21j,98rv0dqj,76rx0746,wk68oxe2,592n7kg9,1
w6j2o21j,98rv0dqj,76rx0746,9kv9y102,None,1
w6j2o21j,98rv0dqj,j1llrpz1,7kj6vzx2,None,22
w6j2o21j,98rv0dqj,y6548qed,7kj6qx42,None,2
w6j2o21j,98rv0dqj,9d3mqy6l,ndx394vd,None,9
w6j2o21j,98rv0dqj,o6g9ond2,02q8znj2,None,1
w6j2o21j,98rv0dqj,j1lw246g,9kvozgo2,5wk1pepd,3
w6j2o21j,98rv0dqj,j1l9e41g,rklre6qk,None,4
w6j2o21j,98rv0dqj,j1l9e41g,n2yop31d,None,3
w6j2o21j,98rv0dqj,j1l9e41g,z27173g2,xd4r8n89,4
w6j2o21j,98rv0dqj,o1y7pv1q,mke5w7xk,None,2
w6j2o21j,98rv0dqj,o1y7pv1q,wk6879r2,None,2
w6j2o21j,98rv0dqj,46wk276r,5dwyengk,None,3
w6j2o21j,98rv0dqj,46wk276r,vdoqvyok,None,3
w6j2o21j,98rv0dqj,yd4ojlw1,zdn8r69d,ywemp3ld,1
w6j2o21j,98rv0dqj,46wk276r,mkejpy92,None,2
w6j2o21j,98rv0dqj,yd4ojlw1,z2713nz2,None,1
w6j2o21j,98rv0dqj,yd4ojlw1,7kj6pvn2,None,1
w6j2o21j,98rv0dqj,o1y7pv1q,9kvxrnj2,None,4
w6j2o21j,98rv0dqj,yd4ojlw1,xk9vjq6d,None,1
w6j2o21j,98rv0dqj,9dowe2o1,n2yowwzd,29v508ld,1
w6j2o21j,98rv0dqj,9dowe2o1,jdrvz452,None,2
w6j2o21j,98rv0dqj,9dowe2o1,wkp174gk,z98g53pw,2
w6j2o21j,98rv0dqj,o1y7pv1q,rklg0mrd,None,1
w6j2o21j,98rv0dqj,j1ne7ww1,zdn44e7k,None,2
w6j2o21j,98rv0dqj,46w34071,9d84l1wk,None,7
w6j2o21j,98rv0dqj,o6glgpod,9kv9xvj2,y9m1m7x9,2
w6j2o21j,98rv0dqj,o6glgpod,jdrlpm5d,592n6239,1
w6j2o21j,98rv0dqj,o6glgpod,jdrlpm5d,y9m1m7x9,1
w6j2o21j,98rv0dqj,o6glgpod,jdrlpm5d,5wk1m5pd,1
w6j2o21j,98rv0dqj,46wn8l6r,w20z77vd,None,4
w6j2o21j,98rv0dqj,kdknmqdm,zd38g9yk,None,1
w6j2o21j,98rv0dqj,j1n5yx1p,zd3lzmyd,None,3
w6j2o21j,98rv0dqj,9d3rpxgd,z27rvxod,nwly8pg9,3
w6j2o21j,98rv0dqj,9d3rpxgd,zdn0yvx2,rdq3e5gw,5
w6j2o21j,98rv0dqj,9d3r9mgd,n2yo0g7d,n93y8mzd,2
w6j2o21j,98rv0dqj,9d3r9mgd,xk9r4vvk,gdr1gylw,2
w6j2o21j,98rv0dqj,k6q4rqzd,9kv7gzok,rdn23y7d,1
w6j2o21j,98rv0dqj,j1llvp71,9d84r5qk,None,1
w6j2o21j,98rv0dqj,j1llvy71,w203p3o2,None,1
w6j2o21j,98rv0dqj,76rxmo46,w20gl4vk,69zn6q69,10
w6j2o21j,98rv0dqj,76rxmo46,wdmxe1xk,None,1
w6j2o21j,98rv0dqj,76rxmo46,w20gl4vk,rdn2xlnd,4
w6j2o21j,98rv0dqj,76rxmo46,w20gl4vk,nwlpzyp9,2
w6j2o21j,98rv0dqj,76rxmo46,w20gl4vk,xd03n20d,6
w6j2o21j,98rv0dqj,76rxmo46,w20gl4vk,ldy8k5jw,6
w6j2o21j,98rv0dqj,j1llvp71,02q35ezk,None,1
w6j2o21j,98rv0dqj,j1llvp71,824gwq32,None,1
w6j2o21j,98rv0dqj,j1llvp71,jdz9yrx2,None,1
w6j2o21j,98rv0dqj,j1n5ee1p,5dw7jn5k,None,1
w6j2o21j,98rv0dqj,j1llvp71,zdn8m0xd,None,2
w6j2o21j,98rv0dqj,kdknmqdm,wdmleyxk,None,1
w6j2o21j,98rv0dqj,j1n5ee1p,5dw7jx5k,None,1
w6j2o21j,98rv0dqj,j1llrpz1,n2yolj7d,None,196
w6j2o21j,98rv0dqj,j1llrpz1,rkllynqk,None,136
w6j2o21j,98rv0dqj,3dxm9p6y,xd1g0y7d,None,2
w6j2o21j,98rv0dqj,46w3xq71,7dgnom42,5wk180pd,1
w6j2o21j,98rv0dqj,268eov76,xd1gzx7d,None,6
w6j2o21j,98rv0dqj,j1llrpz1,xk9rzjvk,None,7
w6j2o21j,98rv0dqj,j1llrpz1,wk6nljp2,None,15
w6j2o21j,98rv0dqj,46wk276r,wdm41r4d,None,4
w6j2o21j,98rv0dqj,268ejwo6,wk600mrk,None,1
w6j2o21j,98rv0dqj,o1y9wyk6,vdo8ervk,rw6en27d,1
w6j2o21j,98rv0dqj,268ejwo6,7kj3jjn2,None,1
w6j2o21j,98rv0dqj,9d3r9mgd,mke904jd,nwlpn2e9,3
w6j2o21j,98rv0dqj,9d3r9mgd,wk6n58o2,n93y8mzd,3
w6j2o21j,98rv0dqj,o1y7pv1q,wk61v3xd,None,2
w6j2o21j,98rv0dqj,yd4oqjg1,xk9r7oyk,None,1
w6j2o21j,98rv0dqj,46wn8l6r,vdo8lwvk,None,4
w6j2o21j,98rv0dqj,kdkzg4xd,jdrv5ql2,xd186vzw,5
w6j2o21j,98rv0dqj,9d3r9mgd,mke904jd,n93y8mzd,5
w6j2o21j,98rv0dqj,9d3r9mgd,5dw4lg5k,nwlpn2e9,3
w6j2o21j,98rv0dqj,j1l9e41g,wkpe8gdr,None,4
w6j2o21j,98rv0dqj,o1yl7o6q,vdom0n62,None,1
w6j2o21j,98rv0dqj,4d798xz1,wkp1ejjk,None,1
w6j2o21j,98rv0dqj,k6q4rqzd,9kv7gzok,xd137ez9,3
w6j2o21j,98rv0dqj,j1nekj91,9d84087k,None,1
w6j2o21j,98rv0dqj,j1nekj91,824g39w2,None,1
w6j2o21j,98rv0dqj,kdknmqdm,wdmleyxk,None,1
w6j2o21j,98rv0dqj,lde3eje6,n2yog7zd,None,3
w6j2o21j,98rv0dqj,ldeljx63,jdr10w52,69z4k4lw,2
w6j2o21j,98rv0dqj,yd4oqjg1,n2yoz08d,29v57vxd,1
w6j2o21j,98rv0dqj,yd4oqjg1,n2yoz08d,5wk16vxd,1
w6j2o21j,98rv0dqj,4d7983l1,wdmxgzok,None,2
w6j2o21j,98rv0dqj,k6q4rqzd,zdnxvve2,None,2
w6j2o21j,98rv0dqj,kdknmqdm,wdmleyxk,None,1
w6j2o21j,98rv0dqj,4d7983l1,wdmxgzok,None,4
w6j2o21j,98rv0dqj,v1pyjp18,wk6em6e2,None,2
w6j2o21j,98rv0dqj,v1pyjp18,wk6em6e2,None,4
w6j2o21j,98rv0dqj,4d7rjl17,5dw8ge0d,None,15
w6j2o21j,98rv0dqj,o1y9w9r6,jdz9o9g2,None,2
w6j2o21j,98rv0dqj,o1y9w9r6,02q373yk,None,2
w6j2o21j,98rv0dqj,pd0ezw1e,xd1lmv4k,None,1
w6j2o21j,98rv0dqj,o1y9wyk6,xk9rzrxk,None,2
w6j2o21j,98rv0dqj,o1y9wyk6,vdo8ervk,69zn47o9,1
w6j2o21j,98rv0dqj,o1y9wyk6,vdo8ervk,r9g13lk9,1
w6j2o21j,98rv0dqj,o1y9wyk6,vdo8ervk,592nomr9,1
w6j2o21j,98rv0dqj,o1y9wyk6,vdo8ervk,ewp0qnzd,1
w6j2o21j,98rv0dqj,kdknmqdm,9kv70vjk,None,2
w6j2o21j,98rv0dqj,kdknmqdm,9d8xrq72,None,1
w6j2o21j,98rv0dqj,o1y9wyk6,9kvo1532,None,1
w6j2o21j,98rv0dqj,ldev7j13,xd131n4k,None,1
w6j2o21j,98rv0dqj,o1y9wyk6,vdo8ervk,29v5kgnd,1
w6j2o21j,98rv0dqj,o1y9wyk6,vdo8ervk,rdq5181d,2
w6j2o21j,98rv0dqj,o6gxkxd2,xd13qn7k,None,5
w6j2o21j,98rv0dqj,m1mxl0x6,xk9rzoyk,None,1
w6j2o21j,98rv0dqj,o1y9wyk6,vdo8ervk,xd037p1d,1
w6j2o21j,98rv0dqj,o1y9wyk6,vdo8ervk,5wk1r0qd,1
w6j2o21j,98rv0dqj,o1y9wyk6,vdo8ervk,y9m1p019,1
w6j2o21j,98rv0dqj,o1y9wyk6,vdo8ervk,o9x3lg19,1
w6j2o21j,98rv0dqj,o1y9wyk6,vdo8ervk,xd4r3pp9,2
w6j2o21j,98rv0dqj,o1y9wyk6,vdo8ervk,gdr1qrzw,1
w6j2o21j,98rv0dqj,pdvzkpv6,mke9188d,None,5
w6j2o21j,98rv0dqj,o1y9wyk6,zd3wznrk,None,2
w6j2o21j,98rv0dqj,o6gl40xd,n2yolmzd,None,1
w6j2o21j,98rv0dqj,o1y9wyk6,vdo8ervk,owoq28yd,1
w6j2o21j,98rv0dqj,o1y9wyk6,vdo8ervk,z98g8plw,1
w6j2o21j,98rv0dqj,m1mxl0x6,xd1gzjrd,None,2
w6j2o21j,98rv0dqj,4d7983l1,w20g91jk,None,9
w6j2o21j,98rv0dqj,o1y7pv1q,q2545jvd,None,1
w6j2o21j,98rv0dqj,o1y7pv1q,mke533xk,None,3
w6j2o21j,98rv0dqj,o1y7pv1q,mke533xk,None,3
w6j2o21j,98rv0dqj,kdknmqdm,wdmleyxk,None,1
w6j2o21j,98rv0dqj,kdknmqdm,wdmleyxk,None,1
w6j2o21j,98rv0dqj,46wn8l6r,q25q49g2,5d7v2m6d,4
w6j2o21j,98rv0dqj,k6q4rqzd,9kv7gzok,o9xk57pw,21
w6j2o21j,98rv0dqj,o1y7pv1q,n2y1rrm2,None,4
w6j2o21j,98rv0dqj,o1y7pv1q,n2y1rrm2,None,3
w6j2o21j,98rv0dqj,w6jlw74d,wdmxoqek,n93n532w,10
w6j2o21j,98rv0dqj,46wq436r,jdzpo56k,None,2
w6j2o21j,98rv0dqj,46wq436r,wkp1l3vk,rdq562md,1
w6j2o21j,98rv0dqj,46wq436r,wkp1l3vk,5d7z6k5w,1
w6j2o21j,98rv0dqj,o1y7pv1q,wk6jrwrd,None,2
w6j2o21j,98rv0dqj,o1y7pv1q,wkpygegk,None,2
w6j2o21j,98rv0dqj,4d798kn1,wkp1rjjk,None,2
w6j2o21j,98rv0dqj,w6jlw74d,wdmxoqek,y9mrq3zw,11
w6j2o21j,98rv0dqj,w6jlw74d,wdmxoqek,ywejkpld,9
w6j2o21j,98rv0dqj,v1polxz6,7kjp40nk,None,1
w6j2o21j,98rv0dqj,m1zok2d0,ndx8gp5k,None,7
w6j2o21j,98rv0dqj,w6jlw74d,wdmxoqek,rdnljg5w,10
w6j2o21j,98rv0dqj,v1pyjp18,wk6em6e2,None,5
w6j2o21j,98rv0dqj,j1n29w1p,z2739god,None,40
w6j2o21j,98rv0dqj,369ppl21,ndxmezo2,kwj5qln9,2
w6j2o21j,98rv0dqj,w6jlw74d,zd3w4yek,None,14
w6j2o21j,98rv0dqj,9dovpe6p,xk9g0y6d,None,6
w6j2o21j,98rv0dqj,o1yl7o6q,vdom0n62,None,1
w6j2o21j,98rv0dqj,m1zok2d0,9kvx0jo2,None,5
w6j2o21j,98rv0dqj,j1n5ee1p,n2y7qn72,None,4
w6j2o21j,98rv0dqj,o1y9w9r6,q25g9gvd,None,6
w6j2o21j,98rv0dqj,lde5ljd3,xd1lxezk,None,1
w6j2o21j,98rv0dqj,o1yl7o6q,vdom0n62,None,1
w6j2o21j,98rv0dqj,m1zok2d0,rklgperd,None,2
w6j2o21j,98rv0dqj,j1lgy4dg,ndxp0q52,None,1
w6j2o21j,98rv0dqj,j1ne7ww1,z276685d,None,4
w6j2o21j,98rv0dqj,j1ne7ww1,n2y53wek,None,13
w6j2o21j,98rv0dqj,k6q73mdg,mkejq482,None,2
w6j2o21j,98rv0dqj,w6jlw74d,wdmxoqek,owoe1njd,16
w6j2o21j,98rv0dqj,k6q4qnmd,9kvqj5od,nwlyjpg9,7
w6j2o21j,98rv0dqj,k6q4qnmd,9kvqj5od,nwlyjpg9,8
w6j2o21j,98rv0dqj,4d798kn1,wdmx7zek,r9gjv059,1
w6j2o21j,98rv0dqj,o1y8mvdq,9kvjppjk,kwjy2ynw,2
w6j2o21j,98rv0dqj,9d39y9dl,ndx85pjk,69zrxxxd,2
w6j2o21j,98rv0dqj,9d39y9dl,w20zx1zd,owo2l5vd,2
w6j2o21j,98rv0dqj,o1yl7o6q,wk6vjled,None,1
w6j2o21j,98rv0dqj,o1yl7o6q,wk6vjled,None,1
w6j2o21j,98rv0dqj,w6jlw74d,xd1gomzd,None,9
w6j2o21j,98rv0dqj,k6q4rqzd,9kv7gzok,xd0lr21d,4
w6j2o21j,98rv0dqj,k6q4rqzd,9kv7gzok,rdnrjlvw,2
w6j2o21j,98rv0dqj,k6q4rqzd,9kv7gzok,xd4n72rw,3
w6j2o21j,98rv0dqj,k6q4rqzd,9kv7gzok,owol1eyw,4
w6j2o21j,98rv0dqj,j1le246g,7kj37mz2,gdr848z9,2
w6j2o21j,98rv0dqj,w6j2o21j,wk61g8od,None,1
w6j2o21j,98rv0dqj,nd2e0eed,zd3wr7nk,None,105
w6j2o21j,98rv0dqj,kdknmqdm,9kv70vjk,None,1
w6j2o21j,98rv0dqj,k6q4rqzd,9kv7gzok,rw6rpl7w,4
w6j2o21j,98rv0dqj,o1yl7o6q,rklvx1wd,rdqgz329,2
w6j2o21j,98rv0dqj,k6q4rqzd,9kv7gzok,xd16e369,3
w6j2o21j,98rv0dqj,k6q4rqzd,9kv7gzok,5923g8rd,3
w6j2o21j,98rv0dqj,4d798kn1,7dgn78g2,None,1
w6j2o21j,98rv0dqj,o1y7pv1q,w20zjjvd,None,4
w6j2o21j,98rv0dqj,4d798kn1,wdmx7zek,69zqkol9,1
w6j2o21j,98rv0dqj,4d798kn1,wdmx7zek,ywej6kyd,1
w6j2o21j,98rv0dqj,o1y7pv1q,mke5wwxk,None,2
w6j2o21j,98rv0dqj,o1y7pv1q,5dwpqxnk,None,4
w6j2o21j,98rv0dqj,lde33nn6,02qo309k,None,1
w6j2o21j,98rv0dqj,o1y7pv1q,xk9l596k,None,3
w6j2o21j,98rv0dqj,o1y7pv1q,xk9l596k,None,3
w6j2o21j,98rv0dqj,o1y7pv1q,mke5w88k,None,3
w6j2o21j,98rv0dqj,o1y7pv1q,ndx8rl5k,None,2
w6j2o21j,98rv0dqj,o1y7pv1q,5dwprrnk,None,1
w6j2o21j,98rv0dqj,76rx9le6,8241np32,None,116
w6j2o21j,98rv0dqj,o1yl7o6q,wkpm6x0k,None,2
w6j2o21j,98rv0dqj,o1yl7o6q,vdom0n62,None,1
w6j2o21j,98rv0dqj,o1yl7o6q,wk6vjled,None,1
w6j2o21j,98rv0dqj,k6q4qzod,5dw494ek,None,1
w6j2o21j,98rv0dqj,k6q4qzod,9d84erqk,None,2
w6j2o21j,98rv0dqj,o1y7pv1q,824pq8w2,None,1
w6j2o21j,98rv0dqj,o1y7pv1q,824pq8w2,None,1
w6j2o21j,98rv0dqj,o1y7pv1q,w20gnljk,None,3
w6j2o21j,98rv0dqj,kdknmqdm,w20vl6vk,None,2
w6j2o21j,98rv0dqj,o1y7pv1q,xk9l556k,None,7
w6j2o21j,98rv0dqj,o1y7pv1q,jdz5rngd,None,4
w6j2o21j,98rv0dqj,o1y7pv1q,jdz5rngd,None,3
w6j2o21j,98rv0dqj,o1y7pv1q,zd3wqerk,None,5
w6j2o21j,98rv0dqj,o1y7pv1q,jdz5rngd,None,2
w6j2o21j,98rv0dqj,o1y7pv1q,ndx8o4vk,None,1
w6j2o21j,98rv0dqj,o1y7pv1q,q25455vd,None,4
w6j2o21j,98rv0dqj,o1y7pv1q,zd3wqerk,None,5
w6j2o21j,98rv0dqj,kdknmqdm,zd38g9yk,None,2
w6j2o21j,98rv0dqj,o1y7pv1q,vdo4ww12,None,3
w6j2o21j,98rv0dqj,o1y7pv1q,9kvxr3j2,None,3
w6j2o21j,98rv0dqj,o1y7pv1q,zd3wqerk,None,2
w6j2o21j,98rv0dqj,o1y7pv1q,w20zem8d,None,4
w6j2o21j,98rv0dqj,o1y7pv1q,w20zem8d,None,4
w6j2o21j,98rv0dqj,o1y7pv1q,wdm4j43d,None,1
w6j2o21j,98rv0dqj,o1y7pv1q,wkpygg0k,None,2
w6j2o21j,98rv0dqj,o1y7pv1q,7kjrll42,None,2
w6j2o21j,98rv0dqj,o1y7pv1q,5dwy7nlk,None,2
w6j2o21j,98rv0dqj,k6q4qzod,xk9reqxk,None,2
w6j2o21j,98rv0dqj,o1y7pv1q,7dgg11xd,None,2
w6j2o21j,98rv0dqj,o1y7pv1q,02qjeeyd,None,3
w6j2o21j,98rv0dqj,o1y7pv1q,02qjeeyd,None,3
w6j2o21j,98rv0dqj,o1y7pv1q,ndx8o4vk,None,3
w6j2o21j,98rv0dqj,k6q4qzod,vdo8yvvk,None,1
w6j2o21j,98rv0dqj,kdknmqdm,xd1l0yrk,None,2
w6j2o21j,98rv0dqj,m1mr7j62,zdnre1q2,None,4
w6j2o21j,98rv0dqj,m1mr7j62,q258r782,None,9
w6j2o21j,98rv0dqj,o1y7pv1q,zd3y5ry2,None,3
w6j2o21j,98rv0dqj,o1y7pv1q,ndx8r01k,None,3
w6j2o21j,98rv0dqj,k6q4qzod,jdrvoz02,None,1
w6j2o21j,98rv0dqj,4d79o7n1,5dwgo3nk,None,53
w6j2o21j,98rv0dqj,o1y7pv1q,n2y7el12,None,2
w6j2o21j,98rv0dqj,o1y7pv1q,wdmqmo52,None,2
w6j2o21j,98rv0dqj,o1y7pv1q,zd3ynny2,None,4
w6j2o21j,98rv0dqj,46w34o91,xk9rwyxk,None,3
w6j2o21j,98rv0dqj,o1y7pv1q,w20zjjvd,None,3
w6j2o21j,98rv0dqj,pdvzmeo6,n2yon68d,None,9
w6j2o21j,98rv0dqj,m1zjg926,z27rq8gd,rdn2lk5d,237
w6j2o21j,98rv0dqj,y658876e,ndx8z7rk,gdrjvvew,3
w6j2o21j,98rv0dqj,k6q4rqzd,9kv7gz8k,None,7
w6j2o21j,98rv0dqj,lde3eje6,n2yog7zd,None,1
w6j2o21j,98rv0dqj,k6q4rqzd,9kv7gzok,rdnrjr7w,4
w6j2o21j,98rv0dqj,k6q4rqzd,q253pzyk,None,6
w6j2o21j,98rv0dqj,k6q4rqzd,9kv7gzok,z98ev6p9,5
w6j2o21j,98rv0dqj,k6q4rqzd,8241o4m2,None,185
w6j2o21j,98rv0dqj,k6q4rqzd,wk6nplr2,None,35
w6j2o21j,98rv0dqj,k6q4rqzd,7kj1y0nk,None,46
w6j2o21j,98rv0dqj,k6q4rqzd,jdz74z3k,None,32
w6j2o21j,98rv0dqj,o1y7pv1q,q2545jvd,None,1
w6j2o21j,98rv0dqj,o1y7pv1q,7kj1o0zk,None,4
w6j2o21j,98rv0dqj,pd0py36e,ndx1mp52,n934roed,4
w6j2o21j,98rv0dqj,o1y7pv1q,q2545jvd,None,1
w6j2o21j,98rv0dqj,k6q4rqzd,zdnx3ge2,None,92
w6j2o21j,98rv0dqj,o1y7pv1q,7kjrll42,None,3
w6j2o21j,98rv0dqj,pd0py36e,mkeoxrjd,nwlo83rw,1
w6j2o21j,98rv0dqj,o1y7pv1q,q2545jvd,None,3
w6j2o21j,98rv0dqj,lde3e3e6,xd1gg98d,None,15
w6j2o21j,98rv0dqj,pd0py36e,ndx1mp52,5wk63pp9,5
w6j2o21j,98rv0dqj,pd0py36e,ndx1mp52,rdnzyn7d,4
w6j2o21j,98rv0dqj,lde33nn6,jdz89j6d,None,2
w6j2o21j,98rv0dqj,k6q4rqzd,9kv7gzok,n9385yew,3
w6j2o21j,98rv0dqj,kdknmqdm,ndx7gx12,None,1
w6j2o21j,98rv0dqj,k6q4rqzd,9kv7gzok,owol10kw,5
w6j2o21j,98rv0dqj,nd2e3ped,jdrvv7g2,None,6
w6j2o21j,98rv0dqj,pd0py36e,5dw85yed,None,3
w6j2o21j,98rv0dqj,nd2e3ped,jdrvv7g2,None,3
w6j2o21j,98rv0dqj,k6q4rqzd,9kv7gzok,ewpemoz9,8
w6j2o21j,98rv0dqj,pd0py36e,ndx1mp52,69z212g9,2
w6j2o21j,98rv0dqj,369pp701,q25qgvg2,69zq7ll9,2
w6j2o21j,98rv0dqj,o1y7pv1q,n2y7j782,None,3
w6j2o21j,98rv0dqj,9dowpm71,xk9r8pyk,69zqe0g9,2
w6j2o21j,98rv0dqj,9dowpm71,xk9r8pyk,o9xzr0pw,2
w6j2o21j,98rv0dqj,o1y7pv1q,ndxpqpv2,None,1
w6j2o21j,98rv0dqj,o6g9j8d2,02q8n0y2,None,2
w6j2o21j,98rv0dqj,o6g9j8d2,z273q00d,None,2
w6j2o21j,98rv0dqj,o6g9j8d2,8246yoed,None,1
w6j2o21j,98rv0dqj,o1y7pv1q,9d8v5eqk,None,2
w6j2o21j,98rv0dqj,o1y9nr46,n2y7on82,xd4nx5rw,1
w6j2o21j,98rv0dqj,nd2qgrd0,xd15mq82,None,1
w6j2o21j,98rv0dqj,9d3r3gdl,w20g1z8k,None,31
w6j2o21j,98rv0dqj,k6q4rqzd,9kv7gzok,69zx1g6d,3
w6j2o21j,98rv0dqj,k6q4rqzd,9d8xw932,69zx1g6d,2
w6j2o21j,98rv0dqj,46w3j571,vdoowy6d,None,9
w6j2o21j,98rv0dqj,k6q4rqzd,9kv7gzok,5wk8v8xw,5
w6j2o21j,98rv0dqj,k6q4rqzd,9kv7gzok,ldy5ynpw,3
w6j2o21j,98rv0dqj,k6q4rqzd,9d8xw932,5wk8v8xw,4
w6j2o21j,98rv0dqj,k6q4rqzd,9kv7gzok,ywenk17w,7
w6j2o21j,98rv0dqj,k6q4rqzd,9d8xw932,z98e0e19,7
w6j2o21j,98rv0dqj,o1y7pv1q,vdo4pgy2,None,3
w6j2o21j,98rv0dqj,k6q4rqzd,9d8xw932,ldy5ynpw,1
w6j2o21j,98rv0dqj,46w3j571,vdoowy6d,None,11
w6j2o21j,98rv0dqj,k6q4rqzd,9kv7gzok,ewpe1n49,27
w6j2o21j,98rv0dqj,k6q4rqzd,zd38mevk,ldy5ynpw,5
w6j2o21j,98rv0dqj,k6q4rqzd,9d8xw932,ldy5ynpw,4
w6j2o21j,98rv0dqj,k6q4rqzd,9kv7gzok,ldy5ynpw,1
w6j2o21j,98rv0dqj,k6q4rqzd,xd1lxp4k,ldy5ynpw,5
w6j2o21j,98rv0dqj,k6q4rqzd,xd1lxp4k,ldy5ynpw,2
w6j2o21j,98rv0dqj,o1y7pv1q,xd1mw48d,None,4
w6j2o21j,98rv0dqj,k6q4rqzd,9kv7gzok,r9gr03pw,6
w6j2o21j,98rv0dqj,o1y7pv1q,z27759z2,None,2
w6j2o21j,98rv0dqj,o1y7pv1q,wdml4lok,None,6
w6j2o21j,98rv0dqj,2689591p,wk6vyeed,None,9
w6j2o21j,98rv0dqj,o1y7pv1q,z27759z2,None,1
w6j2o21j,98rv0dqj,k6q4rqzd,9kv7gzok,ywej16ld,8
w6j2o21j,98rv0dqj,k6q4rqzd,wdmxz3xk,None,8
w6j2o21j,98rv0dqj,k6q4rqzd,wdmxz3xk,None,8
w6j2o21j,98rv0dqj,k6q4rqzd,wk6nplr2,None,6
w6j2o21j,98rv0dqj,369pp701,q25qgmy2,29v3x6qw,9
w6j2o21j,98rv0dqj,o1y7pv1q,7kjrll42,None,2
w6j2o21j,98rv0dqj,o1y7pv1q,7kjrll42,None,2
w6j2o21j,98rv0dqj,pd0py36e,5dw85yed,None,4
w6j2o21j,98rv0dqj,o1yl7o6q,n2y3wg1d,None,2
w6j2o21j,98rv0dqj,o1yl7o6q,n2y3wg1d,None,1
w6j2o21j,98rv0dqj,m1mx75p6,mker558d,None,135
w6j2o21j,98rv0dqj,yd4onzk1,9d84jj6k,None,7
w6j2o21j,98rv0dqj,o1yl7o6q,rklvx1wd,xd4n0rrw,1
w6j2o21j,98rv0dqj,o1yl7o6q,rklvx1wd,xd0lk34d,1
w6j2o21j,98rv0dqj,o1yl7o6q,rklvx1wd,rw6rqegw,1
w6j2o21j,98rv0dqj,o1yl7o6q,rklvx1wd,n938qyzw,1
w6j2o21j,98rv0dqj,o1yl7o6q,rklvx1wd,gdrgp1lw,1
w6j2o21j,98rv0dqj,o1yl7o6q,rklvx1wd,69zxpngd,1
w6j2o21j,98rv0dqj,nd2qgrd0,wkpm9l8k,None,2
w6j2o21j,98rv0dqj,kdknmqdm,9kv70vjk,None,1
w6j2o21j,98rv0dqj,pd0py36e,5dw85yed,None,1
w6j2o21j,98rv0dqj,k6q4rqzd,q253pzyk,None,7
w6j2o21j,98rv0dqj,k6q4rqzd,zd38mevk,xd0lrq4d,5
w6j2o21j,98rv0dqj,j1n5ee1p,wk61geed,None,5
w6j2o21j,98rv0dqj,46w3j571,8241vq32,None,3
w6j2o21j,98rv0dqj,9dowx271,rklqo7n2,y9mx825w,1
w6j2o21j,98rv0dqj,9dowx271,mke9e56d,None,1
w6j2o21j,98rv0dqj,kdknmqdm,rklvp6qd,None,1
w6j2o21j,98rv0dqj,k6q4rqzd,xk986z42,None,15
w6j2o21j,98rv0dqj,9dowx271,7dgnzgp2,None,2
w6j2o21j,98rv0dqj,kdknmqdm,wdmleyxk,None,3
w6j2o21j,98rv0dqj,k6q4rqzd,9kv7gzok,nwlnxled,3
w6j2o21j,98rv0dqj,k6q4rqzd,9kv7gzok,z98evep9,1
w6j2o21j,98rv0dqj,m1z0rzd0,02qjw0jd,None,2
w6j2o21j,98rv0dqj,m1z0rzd0,q254w6yd,None,2
w6j2o21j,98rv0dqj,pdvxlv1w,5dwylg0k,None,1
w6j2o21j,98rv0dqj,kdkz0vgd,9kv7530k,ewpz7nz9,1
w6j2o21j,98rv0dqj,kdknmqdm,xd13gv7k,None,1
w6j2o21j,98rv0dqj,kdknmqdm,xd13gv7k,None,1
w6j2o21j,98rv0dqj,o1yl7o6q,rklvx1wd,y9my51x9,1
w6j2o21j,98rv0dqj,kdknmqdm,xd13gv7k,None,1
w6j2o21j,98rv0dqj,kdknmqdm,9d8j436k,None,1
w6j2o21j,98rv0dqj,kdknmqdm,9d8j436k,None,1
w6j2o21j,98rv0dqj,kdknmqdm,9d8j436k,None,1
w6j2o21j,98rv0dqj,pdvxlv1w,wk67jgod,None,1
w6j2o21j,98rv0dqj,kdknmqdm,9kvjo9ok,None,1
w6j2o21j,98rv0dqj,j1n5ee1p,5dw7jx5k,None,1
w6j2o21j,98rv0dqj,j1n5ee1p,5dw7jx5k,None,1
w6j2o21j,98rv0dqj,pdvxlv1w,7dg5onl2,None,1
w6j2o21j,98rv0dqj,o1yl7o6q,n2y3wg1d,None,1
w6j2o21j,98rv0dqj,pdvxlv1w,7kjze6zd,None,1
w6j2o21j,98rv0dqj,pdvxlv1w,n2yj0g12,None,1
w6j2o21j,98rv0dqj,kdknmqdm,02q833y2,None,1
w6j2o21j,98rv0dqj,kdknmqdm,9d8j436k,None,1
w6j2o21j,98rv0dqj,kdknmqdm,9d8j436k,None,1
w6j2o21j,98rv0dqj,kdknmqdm,zd3lwx8d,None,1
w6j2o21j,98rv0dqj,nd2qgrd0,z27v73o2,None,9
w6j2o21j,98rv0dqj,pdvxlv1w,wkpq418d,None,1
w6j2o21j,98rv0dqj,pdvxlv1w,mkej09n2,None,1
w6j2o21j,98rv0dqj,pdvxlv1w,xk9j4m6d,None,1
w6j2o21j,98rv0dqj,kdknmqdm,xd13gv7k,None,1
w6j2o21j,98rv0dqj,kdknmqdm,824mggw2,None,1
w6j2o21j,98rv0dqj,kdknmqdm,02q833y2,None,1
w6j2o21j,98rv0dqj,kdknmqdm,9kvjo9jk,None,1
w6j2o21j,98rv0dqj,kdknmqdm,xd13gv7k,None,1
w6j2o21j,98rv0dqj,kdknmqdm,xd13gv7k,None,1
w6j2o21j,98rv0dqj,kdknmqdm,9kvjo9jk,None,1
w6j2o21j,98rv0dqj,kdknmqdm,9kvjo9jk,None,1
w6j2o21j,98rv0dqj,kdknmqdm,824mggw2,None,1
w6j2o21j,98rv0dqj,kdknmqdm,ndxp9452,None,1
w6j2o21j,98rv0dqj,kdknmqdm,9d8j436k,None,1
w6j2o21j,98rv0dqj,k6q4rqzd,9kv7gzok,69zxv6xd,8
w6j2o21j,98rv0dqj,kdknmqdm,xd13gv7k,None,1
w6j2o21j,98rv0dqj,kdknmqdm,zd3lwx8d,None,1
w6j2o21j,98rv0dqj,kdknmqdm,xd13gv7k,None,1
w6j2o21j,98rv0dqj,kdknmqdm,824mggw2,None,1
w6j2o21j,98rv0dqj,kdknmqdm,xd13gv7k,None,1
w6j2o21j,98rv0dqj,kdknmqdm,9d8j436k,None,1
w6j2o21j,98rv0dqj,kdknmqdm,02q833y2,None,1
w6j2o21j,98rv0dqj,kdknmqdm,02q833y2,None,1
w6j2o21j,98rv0dqj,kdknmqdm,xd13gv7k,None,1
w6j2o21j,98rv0dqj,kdknmqdm,xd13gv7k,None,1
w6j2o21j,98rv0dqj,k6q4rqzd,q253vvyk,None,7
w6j2o21j,98rv0dqj,kdknmqdm,02q833y2,None,1
w6j2o21j,98rv0dqj,k6q4rqzd,9kv7gzok,r9g7vg59,2
w6j2o21j,98rv0dqj,o1y9nr46,n2y7on82,rdnrnmvw,2
w6j2o21j,98rv0dqj,o1y9nr46,n2y7on82,ldyj2rzd,2
w6j2o21j,98rv0dqj,o1y9nr46,n2y7on82,z98enol9,3
w6j2o21j,98rv0dqj,k6q4rqzd,zdnx3ge2,None,10
w6j2o21j,98rv0dqj,k6q4rqzd,9kv7gz8k,None,5
w6j2o21j,98rv0dqj,k6q4rqzd,9kv7gzok,z98e0e19,1
w6j2o21j,98rv0dqj,kdknmqdm,9kvjo9ok,None,1
w6j2o21j,98rv0dqj,kdknmqdm,02q833y2,None,1
w6j2o21j,98rv0dqj,k6q4rqzd,8241o4m2,None,9
w6j2o21j,98rv0dqj,o1y9nr46,n2y7on82,n938oxew,3
w6j2o21j,98rv0dqj,o1y9nr46,wkpm1nwk,None,3
w6j2o21j,98rv0dqj,o1y9nr46,n2y7on82,rdnrnm7w,3
w6j2o21j,98rv0dqj,o1y9nr46,n2y7on82,rw6r37gw,3
w6j2o21j,98rv0dqj,o1y9nr46,n2y7on82,z98enop9,3
w6j2o21j,98rv0dqj,o1y9nr46,n2y7on82,n938oxzw,3
w6j2o21j,98rv0dqj,o1y9nr46,n2y7on82,xd0lxe4d,3
w6j2o21j,98rv0dqj,k6q4rqzd,9kv7gzok,ewpemqk9,6
w6j2o21j,98rv0dqj,k6q4rqzd,9kv7gzok,69zxkqod,7
w6j2o21j,98rv0dqj,k6q4rqzd,9kv7gzok,r9grv1kw,4
w6j2o21j,98rv0dqj,k6q4rqzd,9kv7gzok,o9xkp67w,5
w6j2o21j,98rv0dqj,k6q4rqzd,9kv7gzok,5wk8555w,5
w6j2o21j,98rv0dqj,k6q4rqzd,9kv7gzok,o9xkp31w,5
w6j2o21j,98rv0dqj,o1y9nr46,n2y7on82,ldyj2rrd,2
w6j2o21j,98rv0dqj,k6q4rqzd,9kv7gzok,5wk872pw,4
w6j2o21j,98rv0dqj,k6q4rqzd,9kv7gzok,rw6rjl7w,3
w6j2o21j,98rv0dqj,k6q4rqzd,9kv7gzok,rdqgvpk9,2
w6j2o21j,98rv0dqj,k6q4rqzd,9kv7gzok,owolzoow,3
w6j2o21j,98rv0dqj,k6q4rqzd,9kv7gzok,z98ekqr9,5
w6j2o21j,98rv0dqj,k6q4rqzd,9kv7gzok,nwlnvxed,4
w6j2o21j,98rv0dqj,k6q4rqzd,9kv7gzok,ldyjv57d,3
w6j2o21j,98rv0dqj,k6q4rqzd,9kv7gzok,59231lgd,8
w6j2o21j,98rv0dqj,k6q4rqzd,9kv7gzok,o9xkvv6w,6
w6j2o21j,98rv0dqj,k6q4rqzd,xd1lxp4k,y9myvgz9,5
w6j2o21j,98rv0dqj,4d79vvr1,w20v18ok,69zxr7od,2
w6j2o21j,98rv0dqj,268e5056,7kjqyq3d,xd1xye69,8
w6j2o21j,98rv0dqj,k6q4rqzd,9kv7gzok,y9myvgz9,4
w6j2o21j,98rv0dqj,k6q4rqzd,9kv7gzok,29vjv0q9,1
w6j2o21j,98rv0dqj,k6q4rqzd,9kv7gzok,29vjv0q9,2
w6j2o21j,98rv0dqj,k6q4rqzd,9kv7gzok,kwj3m60d,7
w6j2o21j,98rv0dqj,k6q4rqzd,9kv7gzok,n938jj7w,2
w6j2o21j,98rv0dqj,k6q4rqzd,5dw7eo0k,None,3
w6j2o21j,98rv0dqj,k6q4rqzd,z27lez0d,None,19
w6j2o21j,98rv0dqj,k6q4rqzd,9kv7gzok,owolvl3w,7
w6j2o21j,98rv0dqj,k6q4rqzd,9kv7gzok,n938p8rw,10
w6j2o21j,98rv0dqj,9dowx271,xd1ez842,None,6
w6j2o21j,98rv0dqj,k6q4rqzd,8241o4m2,None,6
w6j2o21j,98rv0dqj,k6q4rqzd,9kv7gzok,5d7l0le9,31
w6j2o21j,98rv0dqj,k6q4rqzd,9kv7gzok,kwj3m31d,4
w6j2o21j,98rv0dqj,k6q4rqzd,9kv7gzok,kwj3m31d,5
w6j2o21j,98rv0dqj,k6q4rqzd,9kv7gzok,rdqgvgg9,5
w6j2o21j,98rv0dqj,k6q4rqzd,9kv7gzok,owolvl3w,10
w6j2o21j,98rv0dqj,k6q4rqzd,9kv7gzok,5d7l0le9,16
w6j2o21j,98rv0dqj,k6q4rqzd,9d8xw932,n938p8rw,7
w6j2o21j,98rv0dqj,k6q4rqzd,xd1lxp4k,n938p8rw,6
w6j2o21j,98rv0dqj,k6q4rqzd,9kv7gzok,n938p8rw,4
w6j2o21j,98rv0dqj,k6q4rqzd,9kv7gzok,ldyjvj7d,10
w6j2o21j,98rv0dqj,k6q4rqzd,9d8xw932,ldyjvj7d,3
w6j2o21j,98rv0dqj,k6q4rqzd,9kv7gzok,z98e0e19,48
w6j2o21j,98rv0dqj,k6q4rqzd,9kv7gzok,n938pmrw,2
w6j2o21j,98rv0dqj,k6q4rqzd,9kv7gzok,5928zy69,11
w6j2o21j,98rv0dqj,k6q4rqzd,9kv7gzok,rdqgvgg9,8
w6j2o21j,98rv0dqj,m1z0rzd0,jdrp6mg2,None,3
w6j2o21j,98rv0dqj,k6q4rqzd,xk986z42,None,20
w6j2o21j,98rv0dqj,k6q4rqzd,7kj1y0nk,None,6
w6j2o21j,98rv0dqj,k6q4rqzd,9kv7gzok,ldyjvj7d,5
w6j2o21j,98rv0dqj,268ek5y6,wkpmgzwk,None,2
w6j2o21j,98rv0dqj,46wkn36r,ndxp68r2,None,5
w6j2o21j,98rv0dqj,46wkn36r,jdreo8xk,None,2
w6j2o21j,98rv0dqj,o1yl7o6q,jdz83qgd,None,2
w6j2o21j,98rv0dqj,pdvqn96w,mkejy662,None,3
w6j2o21j,98rv0dqj,pd0ezw1e,xd1lmv4k,None,8
w6j2o21j,98rv0dqj,o1yl7o6q,jdz83qgd,None,1
w6j2o21j,98rv0dqj,o1yl7o6q,vdom0n62,None,2
w6j2o21j,98rv0dqj,o1yl7o6q,jdz83qgd,None,1
w6j2o21j,98rv0dqj,o1yl7o6q,wk6vjled,None,2
w6j2o21j,98rv0dqj,o1yl7o6q,wk6vjled,None,2
w6j2o21j,98rv0dqj,o1yl7o6q,rklvx1wd,y9my52x9,1
w6j2o21j,98rv0dqj,pd0py36e,5dw85yed,None,3
w6j2o21j,98rv0dqj,9do8njo1,xk95pxg2,None,1
