original_game_id,user_id,game_id,category_id,level_id,position
j1nz9l1p,qjnw7wjm,m1mx7nx6,n2y314md,29v7pzx9,1
j1nz9l1p,qjnw7wjm,om1mw4d2,7dgy3ypd,kwjv8o0w,4
j1nz9l1p,qjnw7wjm,369yel1l,z2777l02,None,1
j1nz9l1p,qjnw7wjm,j1nz9l1p,xd1mv9wd,gdrjpg6w,1
j1nz9l1p,qjnw7wjm,9dowr31p,wdm4093d,rdq16529,6
j1nz9l1p,qjnw7wjm,om1mw4d2,l9kv40kg,None,108
j1nz9l1p,qjnw7wjm,m1mx7nx6,n2y314md,ewpx584d,2
j1nz9l1p,qjnw7wjm,m1mx7nx6,n2y314md,5wk6lqx9,2
j1nz9l1p,qjnw7wjm,m1mx7nx6,n2y314md,y9mxz20w,2
j1nz9l1p,qjnw7wjm,om1mw4d2,prkl4wdn,None,49
j1nz9l1p,qjnw7wjm,4pd0n31e,xwdmg4dq,xd0kl849,9
j1nz9l1p,qjnw7wjm,om1mw4d2,xd1v634d,kwjv8o0w,12
j1nz9l1p,qjnw7wjm,om1mw4d2,l9kv40kg,None,9
j1nz9l1p,qjnp65q8,v1pxk8p6,n2yx441d,nwl82k0d,1
j1nz9l1p,qjnp65q8,v1pxk8p6,n2yx441d,29vq541d,4
j1nz9l1p,qjnp65q8,om1mw4d2,vdooo1vd,rdn03l6w,1
j1nz9l1p,qjnp65q8,om1mw4d2,jzd33ndn,None,3
j1nz9l1p,qjnp65q8,om1mw4d2,l9kv40kg,None,3
j1nz9l1p,qjnp65q8,om1mw4d2,jzd33ndn,None,1
j1nz9l1p,qjnp65q8,j1nz9l1p,q25oowgk,None,2
j1nz9l1p,qjnp65q8,j1nz9l1p,q25oowgk,None,1
j1nz9l1p,qjnp65q8,om1mw4d2,vdooo1vd,ldyyq57d,4
j1nz9l1p,qjnp65q8,om1mw4d2,vdooo1vd,rw642l69,2
j1nz9l1p,qjnp65q8,om1mw4d2,vdooo1vd,n937ky2d,1
j1nz9l1p,qjnp65q8,om1mw4d2,vdooo1vd,n937knrd,2
j1nz9l1p,qjnp65q8,om1mw4d2,vdooo1vd,xd4jpy8d,2
j1nz9l1p,qjnp65q8,lde3eme6,ndx940vd,None,4
j1nz9l1p,qjnp65q8,lde3eme6,9d83gx32,ywem767d,1
j1nz9l1p,qjnp65q8,j1nz9l1p,jdz66mr2,z98jregw,1
j1nz9l1p,qjnp65q8,om1mw4d2,vdooo1vd,z986pz1d,3
j1nz9l1p,qjnp65q8,om1mw4d2,l9kv40kg,None,54
j1nz9l1p,qjnp65q8,kyd45w6e,xk90pyk0,None,8
j1nz9l1p,qjnp65q8,om1mw4d2,vdooo1vd,xd0gp2jw,3
j1nz9l1p,qjnp65q8,yd4km2k6,02q93w7k,None,5
j1nz9l1p,qjnp65q8,j1nz9l1p,02qm3nzd,None,1
j1nz9l1p,qjnp65q8,j1nz9l1p,jdz66mr2,n930q879,3
j1nz9l1p,qjnp65q8,j1nz9l1p,jdz66mr2,ewpp7zkw,4
j1nz9l1p,qjnp65q8,j1nz9l1p,jdz66mr2,nwl6gn0w,1
j1nz9l1p,qjnp65q8,j1nz9l1p,jdz66mr2,y9me5r5d,4
j1nz9l1p,qjnp65q8,j1nz9l1p,jdz66mr2,o9x21k0w,2
j1nz9l1p,qjnp65q8,j1nz9l1p,jdz66mr2,ywe42nyd,1
j1nz9l1p,qjnp65q8,j1nz9l1p,jdz66mr2,n930q8n9,2
j1nz9l1p,qjnp65q8,j1nz9l1p,jdz66mr2,495jky0w,1
j1nz9l1p,qjnp65q8,46w3km91,xd14z57d,None,3
j1nz9l1p,qjnp65q8,j1nz9l1p,jdz66mr2,z98jre7w,6
j1nz9l1p,qjnp65q8,om1mw4d2,vdooo1vd,z986pgrd,1
j1nz9l1p,qjnp65q8,m1mx7nx6,zd363xrd,None,1
j1nz9l1p,qjnp65q8,lde3eme6,9d83gx32,kwj1mx7w,2
j1nz9l1p,qjnp65q8,lde3eme6,9d83gx32,69znvkg9,2
j1nz9l1p,x72yeo68,om1mw4d2,jzd33ndn,None,27
j1nz9l1p,x72yeo68,j1nz9l1p,q25oowgk,None,15
j1nz9l1p,48gevd2j,om1mw4d2,jzd33ndn,None,103
j1nz9l1p,48gevd2j,lde3eme6,n2yomp1d,None,1
j1nz9l1p,48gevd2j,m1mx7nx6,zd363xrd,None,1
j1nz9l1p,48gevd2j,lde3eme6,ndx940vd,None,76
j1nz9l1p,48gevd2j,y65pgede,n2yjz8z2,None,1
j1nz9l1p,48gevd2j,4pd0n31e,7wkp6v2r,None,509
j1nz9l1p,48gevd2j,j1nz9l1p,q25oowgk,None,43
j1nz9l1p,48gevd2j,m1mx7nx6,zd363xrd,None,6
j1nz9l1p,48gevd2j,o1y9j9v6,7kjpl1gk,None,2295
j1nz9l1p,48gevd2j,m1z9l2d0,rklqveq2,None,42
j1nz9l1p,48gevd2j,m1z9l2d0,rklqveq2,None,2
j1nz9l1p,48gevd2j,m1z9l2d0,rklqveq2,None,24
j1nz9l1p,48gevd2j,o1y9wo6q,n2y55mko,None,3323
j1nz9l1p,48gevd2j,4d73n317,jdz36o32,None,277
j1nz9l1p,x7q75oq8,om1mw4d2,jzd33ndn,None,4
j1nz9l1p,x7q75oq8,om1mw4d2,vdooo1vd,rdn03l6w,5
j1nz9l1p,x7q75oq8,om1mw4d2,vdooo1vd,xd4jpy8d,6
j1nz9l1p,x7q75oq8,om1mw4d2,jzd33ndn,None,35
j1nz9l1p,x7q75oq8,lde3eme6,ndx940vd,None,50
j1nz9l1p,x7q75oq8,4pd0n31e,7wkp6v2r,None,78
j1nz9l1p,x7q75oq8,j1nz9l1p,q25oowgk,None,24
j1nz9l1p,x7q75oq8,om1mw4d2,vdooo1vd,n937ky2d,8
j1nz9l1p,x7q75oq8,om1mw4d2,vdooo1vd,ldyyq57d,9
j1nz9l1p,x7q75oq8,om1mw4d2,vdooo1vd,z986pgrd,5
j1nz9l1p,x7q75oq8,om1mw4d2,vdooo1vd,xd0gp2jw,11
j1nz9l1p,x7q75oq8,om1mw4d2,l9kv40kg,None,96
j1nz9l1p,x7q75oq8,om1mw4d2,vdooo1vd,n937knrd,12
j1nz9l1p,x7q75oq8,om1mw4d2,vdooo1vd,rw642l69,11
j1nz9l1p,x7q75oq8,om1mw4d2,vdooo1vd,z986pz1d,11
j1nz9l1p,x7q75oq8,m1mx7nx6,xk9vzvxd,None,3
j1nz9l1p,x7q75oq8,m1mx7nx6,zd363xrd,None,17
j1nz9l1p,v81ep3lj,o1y9j9v6,7kjpl1gk,None,1436
j1nz9l1p,v81ep3lj,nd22xvd0,w20pq58k,None,265
j1nz9l1p,v81ep3lj,j1neqk91,jdreo0lk,None,3
j1nz9l1p,v81ep3lj,om1mw4d2,jzd33ndn,None,393
j1nz9l1p,v81ep3lj,nd2w83d0,xk9p4yd0,None,63
j1nz9l1p,v81ep3lj,j1nz9l1p,q25oowgk,None,50
j1nz9l1p,68wl4ovj,v1p4rp18,xd1311rk,None,1
j1nz9l1p,68wl4ovj,om1mw4d2,l9kv40kg,None,4
j1nz9l1p,68wl4ovj,om1mw4d2,jzd33ndn,None,2
j1nz9l1p,68wl4ovj,om1mw4d2,vdooo1vd,ldyyq57d,2
j1nz9l1p,68wl4ovj,om1mw4d2,vdooo1vd,rw642l69,1
j1nz9l1p,68wl4ovj,om1mw4d2,vdooo1vd,n937knrd,1
j1nz9l1p,68wl4ovj,om1mw4d2,vdooo1vd,rdn03l6w,4
j1nz9l1p,68wl4ovj,4pd0n31e,7wkp6v2r,None,18
j1nz9l1p,68wl4ovj,om1mw4d2,vdooo1vd,z986pz1d,2
j1nz9l1p,68wl4ovj,o1y9j9v6,mkezwq9k,ywe5zq7w,18
j1nz9l1p,68wl4ovj,om1mw4d2,vdooo1vd,xd0gp2jw,1
j1nz9l1p,68wl4ovj,lde3eme6,ndx940vd,None,2
j1nz9l1p,68wl4ovj,m1mx7nx6,vdoore1d,None,1
j1nz9l1p,68wl4ovj,4pd0n31e,wk6pexd1,None,8
j1nz9l1p,68wl4ovj,j1npme6p,zd301qed,None,10
j1nz9l1p,68wl4ovj,yd4km2k6,02q93w7k,None,3
j1nz9l1p,68wl4ovj,76rqmld8,02q8o4p2,None,206
j1nz9l1p,68wl4ovj,j1npme6p,mkeyl926,None,127
j1nz9l1p,68wl4ovj,nj1np96p,pmkeg926,None,8
j1nz9l1p,68wl4ovj,4pd0n31e,n2yq98ko,None,16
j1nz9l1p,68wl4ovj,nd2evl3d,z274vr02,None,1
j1nz9l1p,68wl4ovj,76rxevl6,wkp1wojk,None,10
j1nz9l1p,68wl4ovj,xldemx13,37dgw424,None,3
j1nz9l1p,68wl4ovj,j1npme6p,zd301qed,None,9
j1nz9l1p,68wl4ovj,j1npme6p,zd301qed,None,16
j1nz9l1p,68wl4ovj,j1npme6p,zd301qed,None,20
j1nz9l1p,68wl4ovj,ok6q991g,9d8x7el2,None,22
j1nz9l1p,68wl4ovj,nd2evl3d,7kj893nd,None,1
j1nz9l1p,68wl4ovj,m1mx7nx6,zd363xrd,None,3
j1nz9l1p,68wl4ovj,om1mw4d2,vdooo1vd,z986pgrd,3
j1nz9l1p,68wl4ovj,om1mw4d2,xd1v634d,29v50ond,3
j1nz9l1p,68wl4ovj,om1mw4d2,xd1v634d,xd4reqp9,5
j1nz9l1p,68wl4ovj,om1mw4d2,xd1v634d,xd03nz1d,9
j1nz9l1p,68wl4ovj,om1mw4d2,xd1v634d,rw6egj7d,4
j1nz9l1p,68wl4ovj,om1mw4d2,xd1v634d,n93yl6ed,2
j1nz9l1p,68wl4ovj,om1mw4d2,l9kv40kg,None,8
j1nz9l1p,68wl4ovj,o1y9j9v6,xd1718wd,None,8
j1nz9l1p,68wl4ovj,k6q7pzdg,wdm8r1o2,None,4
j1nz9l1p,68wl4ovj,k6q7pzdg,vdo3yvvd,None,3
j1nz9l1p,68wl4ovj,k6q7pzdg,w20yn45k,None,4
j1nz9l1p,68wl4ovj,k6q7pzdg,wk61j4pd,None,4
j1nz9l1p,68wl4ovj,o1y9j9v6,xk9ry6xk,None,6
j1nz9l1p,68wl4ovj,o1y9j9v6,mkezwq9k,r9g4k7p9,7
j1nz9l1p,68wl4ovj,o1y9j9v6,jdz8oprd,None,26
j1nz9l1p,68wl4ovj,o1y9j9v6,7kjpl1gk,None,28
j1nz9l1p,68wl4ovj,o1y9j9v6,7dgr144k,r9g4k7p9,36
j1nz9l1p,68wl4ovj,m1mp9312,824p76g2,None,1
j1nz9l1p,68wl4ovj,o1y9j9v6,zdn0m372,None,17
j1nz9l1p,68wl4ovj,76r55vd8,w20w1lzd,None,1485
j1nz9l1p,68wl4ovj,j1npme6p,zd301qed,None,12
j1nz9l1p,68wl4ovj,j1npme6p,zd301qed,None,15
j1nz9l1p,68wl4ovj,j1npme6p,zd301qed,None,18
j1nz9l1p,68wl4ovj,o1y9j9v6,5dw5q7gd,4955vm39,37
j1nz9l1p,68wl4ovj,j1npme6p,xk9wljy2,None,8
j1nz9l1p,68wl4ovj,o1y9j9v6,7dgr144k,69z2m8g9,71
j1nz9l1p,68wl4ovj,o1y9j9v6,7dgr144k,o9x7mxpd,68
j1nz9l1p,68wl4ovj,j1npme6p,zd301qed,None,9
j1nz9l1p,68wl4ovj,j1npme6p,zd301qed,None,8
j1nz9l1p,68wl4ovj,j1npme6p,zd301qed,None,15
j1nz9l1p,68wl4ovj,j1npme6p,zd301qed,None,16
j1nz9l1p,68wl4ovj,j1npme6p,zd301qed,None,21
j1nz9l1p,68wl4ovj,j1npme6p,zd301qed,None,24
j1nz9l1p,68wl4ovj,j1npme6p,zd301qed,None,23
j1nz9l1p,68wl4ovj,j1npme6p,zd301qed,None,13
j1nz9l1p,68wl4ovj,j1npme6p,zd301qed,None,35
j1nz9l1p,68wl4ovj,j1npme6p,zd301qed,None,31
j1nz9l1p,68wl4ovj,o6gen512,vdooxvvd,None,33
j1nz9l1p,68wl4ovj,o1y9j9v6,zd365jyd,None,6
j1nz9l1p,68wl4ovj,j1ne9me1,jdrn7vlk,None,5
j1nz9l1p,68wl4ovj,j1ne9me1,jdrn7vlk,None,4
j1nz9l1p,68wl4ovj,j1nv096p,wk61v8qd,None,28
j1nz9l1p,68wl4ovj,o1y9j9v6,7dgr144k,5d746x6d,54
j1nz9l1p,68wl4ovj,o1y9j9v6,7dgr144k,kwjzo679,44
j1nz9l1p,68wl4ovj,o1y9j9v6,5dw5q7gd,ywe5zq7w,42
j1nz9l1p,68wl4ovj,om1mw4d2,l9kv40kg,None,4
j1nz9l1p,68wl4ovj,m1mx7nx6,vdoore1d,None,1
j1nz9l1p,68wl4ovj,o1y9j9v6,q2550mw2,None,48
j1nz9l1p,68wl4ovj,o1y9j9v6,7dgr144k,ywe5zq7w,1647
j1nz9l1p,68wl4ovj,om1mw4d2,prkl4wdn,None,5
j1nz9l1p,68wl4ovj,m1mx7nx6,vdoore1d,None,1
j1nz9l1p,68wl4ovj,4pd0n31e,lvdowokp,None,36
j1nz9l1p,68wl4ovj,268ex596,7kjq8lxd,None,4
j1nz9l1p,68wl4ovj,m1mx7nx6,xd1e81z2,None,4
j1nz9l1p,68wl4ovj,j1nz9l1p,q25oowgk,None,23
j1nz9l1p,68wl4ovj,kyd45w6e,xk90pyk0,None,2
j1nz9l1p,68wl4ovj,yo1yyr1q,mkeoe9d6,None,55
j1nz9l1p,68wl4ovj,m1mx7nx6,zdn458xk,None,1
j1nz9l1p,68wl4ovj,n268nk6p,7dg8xp24,None,39
j1nz9l1p,68wl4ovj,3dxz351y,5dw6mp02,None,104
j1nz9l1p,68wl4ovj,yd4ljx1e,xk9g0zvd,None,148
j1nz9l1p,68wl4ovj,yd4ljx1e,z276gz4d,None,38
j1nz9l1p,68wl4ovj,9d3eqg1l,824xyzed,None,7
j1nz9l1p,68wl4ovj,ok6q001g,5dwj9lkg,None,14
j1nz9l1p,68wl4ovj,v1p4rp18,w20140ok,None,7
j1nz9l1p,68wl4ovj,v1p4rp18,w20140ok,None,8
j1nz9l1p,68wl4ovj,j1nz9l1p,02qm3nzd,None,5
j1nz9l1p,68wl4ovj,y655836e,5dw46nkg,owo04ow6,4
j1nz9l1p,68wl4ovj,y655836e,5dw46nkg,69z37ld1,6
j1nz9l1p,68wl4ovj,y655836e,5dw46nkg,ldyyqkd3,7
j1nz9l1p,68wl4ovj,y655836e,5dw46nkg,y9mj0595,4
j1nz9l1p,j51o27g8,om1mw4d2,jzd33ndn,None,691
j1nz9l1p,j51o27g8,yd4km2k6,02q93w7k,None,64
j1nz9l1p,j51o27g8,j1nz9l1p,q25oowgk,None,52
j1nz9l1p,j51o27g8,9dol8edp,z2777x42,None,35
j1nz9l1p,8l0zkor8,nd28j55d,9d8noold,None,3
j1nz9l1p,8l0zkor8,yd4kgkk6,jdzn5m3d,None,3
j1nz9l1p,8l0zkor8,om1mw4d2,l9kv40kg,None,243
j1nz9l1p,8l0zkor8,nd28j55d,z279r4od,5927l6rw,2
j1nz9l1p,8l0zkor8,nd28j55d,7kj77mgk,xd1qrz6w,2
j1nz9l1p,8l0zkor8,nd28j55d,z279r4od,rdqkrm1d,2
j1nz9l1p,8l0zkor8,nd28j55d,7kj77mgk,ewp6y2zd,3
j1nz9l1p,8l0zkor8,nd28j55d,7kj7g43k,None,1
j1nz9l1p,8l0zkor8,nd28j55d,wkprvo82,None,1
j1nz9l1p,8l0zkor8,k6qwg796,q255wpg2,None,1
j1nz9l1p,8l0zkor8,3698my8d,5dwqmzld,None,185
j1nz9l1p,8l0zkor8,3698my8d,5dwqmzld,None,618
j1nz9l1p,8l0zkor8,lde3eme6,n2yomp1d,None,1
j1nz9l1p,8l0zkor8,lde3eme6,xd1v7l4d,69znvkg9,1
j1nz9l1p,8l0zkor8,lde3eme6,xd1v7l4d,r9g1ovp9,1
j1nz9l1p,8l0zkor8,lde3eme6,xd1v7l4d,o9x3vpp9,1
j1nz9l1p,8l0zkor8,lde3eme6,xd1v7l4d,495l073d,1
j1nz9l1p,8l0zkor8,lde3eme6,xd1v7l4d,5d7z0n6w,1
j1nz9l1p,8l0zkor8,lde3eme6,xd1v7l4d,kwj1mx7w,1
j1nz9l1p,8l0zkor8,lde3eme6,xd1v7l4d,owoqvokd,1
j1nz9l1p,8l0zkor8,lde3eme6,xd1v7l4d,ywem767d,1
j1nz9l1p,8l0zkor8,lde3eme6,xd1v7l4d,rdq5vx2d,1
j1nz9l1p,8l0zkor8,nd22xvd0,w20pq58k,None,250
j1nz9l1p,8l0zkor8,3dxkx0g1,zd35epnk,None,56
j1nz9l1p,8l0zkor8,om1mw4d2,jzd33ndn,None,78
j1nz9l1p,8l0zkor8,4pd0n31e,lvdowokp,None,49
j1nz9l1p,8l0zkor8,j1nz9l1p,q25oowgk,None,29
j1nz9l1p,8l0zkor8,ldejn5n1,xk950662,None,3
j1nz9l1p,8l0zkor8,ldejn5n1,zd350zyk,rdngrq69,3
j1nz9l1p,8l0zkor8,9d385vg1,9d8lo0q2,None,5
j1nz9l1p,8l0zkor8,9d385vg1,jdznwjxd,None,10
j1nz9l1p,8l0zkor8,76r3lrq6,zdnyq99k,None,4
j1nz9l1p,8l0zkor8,46w25v76,z27vgm52,None,17
j1nz9l1p,8l0zkor8,y655836e,wdmxvxkq,None,1
j1nz9l1p,8l0zkor8,76r3lrq6,jdzn5zgd,None,5
j1nz9l1p,8l0zkor8,46w25v76,z27vgm52,None,104
j1nz9l1p,816zdzqx,lde3eme6,9d83gx32,rdq5vx2d,2
j1nz9l1p,816zdzqx,lde3eme6,9d83gx32,kwj1mx7w,3
j1nz9l1p,816zdzqx,om1mw4d2,jzd33ndn,None,131
j1nz9l1p,816zdzqx,lde3eme6,9d83gx32,o9x3vpp9,2
j1nz9l1p,816zdzqx,yd4jl5de,n2yol7ed,z98600rd,26
j1nz9l1p,816zdzqx,268www96,n2yemomk,None,5
j1nz9l1p,816zdzqx,y65gk8de,7dgnm9x2,None,29
j1nz9l1p,816zdzqx,4pd0n31e,wk6pexd1,None,164
j1nz9l1p,816zdzqx,4pd0n31e,n2yq98ko,None,208
j1nz9l1p,816zdzqx,4pd0n31e,lvdowokp,None,62
j1nz9l1p,816zdzqx,v1px3w86,mkeyjqn2,None,3
j1nz9l1p,816zdzqx,om1mw4d2,l9kv40kg,None,53
j1nz9l1p,816zdzqx,om1mw4d2,l9kv40kg,None,8
j1nz9l1p,816zdzqx,4pd0n31e,7wkp6v2r,None,127
j1nz9l1p,816zdzqx,lde3eme6,ndx940vd,None,84
j1nz9l1p,816zdzqx,j1nz9l1p,q25oowgk,None,42
j1nz9l1p,816zdzqx,n268nk6p,xd1rzwk8,5920qgd6,4
j1nz9l1p,816zdzqx,yd4jl5de,zd36w1rd,None,48
j1nz9l1p,816zdzqx,n268nk6p,7dg8xp24,None,33
j1nz9l1p,816zdzqx,m1mx7nx6,vdoore1d,None,11
j1nz9l1p,816zdzqx,y65gk8de,zdnog3q2,n93pye2d,2
j1nz9l1p,816zdzqx,y65gk8de,jdzrx4v2,rdnv2m69,2
j1nz9l1p,816zdzqx,y65gk8de,zdnog3q2,n93pyxrd,3
j1nz9l1p,816zdzqx,y65gk8de,zdnog3q2,5wkv1mxd,5
j1nz9l1p,816zdzqx,y65gk8de,zdnog3q2,xd0j3ejw,4
j1nz9l1p,816zdzqx,y65gk8de,zdnog3q2,z980go1d,3
j1nz9l1p,816zdzqx,y65gk8de,zdnog3q2,rdnv2m69,5
j1nz9l1p,816zdzqx,y65gk8de,zdnog3q2,ldyv8r7d,4
j1nz9l1p,816zdzqx,y65gk8de,zdnog3q2,rdnv2859,2
j1nz9l1p,816zdzqx,y65gk8de,zdnog3q2,rw60e76w,3
j1nz9l1p,816zdzqx,y65gk8de,zdnog3q2,ldyv86pd,3
j1nz9l1p,816zdzqx,n268nk6p,xd1rzwk8,495k529p,3
j1nz9l1p,816zdzqx,n268nk6p,xd1rzwk8,xd40x09m,5
j1nz9l1p,816zdzqx,n268nk6p,xd1rzwk8,o9x176dl,6
j1nz9l1p,816zdzqx,n268nk6p,xd1rzwk8,xd0kx09q,5
j1nz9l1p,816zdzqx,n268nk6p,xd1rzwk8,owo76v96,7
j1nz9l1p,816zdzqx,n268nk6p,xd1rzwk8,xd1j2qdo,5
j1nz9l1p,816zdzqx,n268nk6p,xd1rzwk8,ewp7xlwn,6
j1nz9l1p,816zdzqx,n268nk6p,xd1rzwk8,rdqz7mdx,6
j1nz9l1p,816zdzqx,n268nk6p,xd1rzwk8,kwj7zrwg,5
j1nz9l1p,816zdzqx,n268nk6p,xd1rzwk8,69zp26w1,7
j1nz9l1p,816zdzqx,nj1n3xdp,rklx5nkn,None,7
j1nz9l1p,816zdzqx,nj1n3xdp,rklx5nkn,None,24
j1nz9l1p,816zdzqx,n268nk6p,xd1rzwk8,5wkk65w4,3
j1nz9l1p,816zdzqx,ok6q001g,5dwj9lkg,None,14
j1nz9l1p,816zdzqx,n268nk6p,xd1rzwk8,y9m5xld5,5
j1nz9l1p,816zdzqx,ok6q991g,jdz7n16k,o9x2vz1w,2
j1nz9l1p,816zdzqx,n268nk6p,xd1rzwk8,r9gy4q92,14
j1nz9l1p,816zdzqx,n268nk6p,xd1rzwk8,rw6q3nd7,8
j1nz9l1p,816zdzqx,n268nk6p,xd1rzwk8,rw6q3nd7,7
j1nz9l1p,816zdzqx,ok6q991g,824x05nd,r9gzojkd,17
j1nz9l1p,816zdzqx,ok6q991g,824x05nd,o9x2vz1w,8
j1nz9l1p,816zdzqx,n268nk6p,xd1rzwk8,5d7y85dy,26
j1nz9l1p,18v7lzn8,j1nz9l1p,q25oowgk,None,44
j1nz9l1p,18v7lzn8,om1mw4d2,l9kv40kg,None,54
j1nz9l1p,18v7lzn8,m1mx7nx6,9d83ywl2,None,5
j1nz9l1p,18v7lzn8,om1mw4d2,l9kv40kg,None,82
j1nz9l1p,18v7lzn8,om1mw4d2,l9kv40kg,None,125
j1nz9l1p,18v7lzn8,nd22xvd0,w20pq58k,None,236
j1nz9l1p,18v7lzn8,m1mx7nx6,9d83ywl2,None,2
j1nz9l1p,18v7lzn8,om1mw4d2,l9kv40kg,None,122
j1nz9l1p,18v7lzn8,w6j2221j,ndxp6g52,None,4
j1nz9l1p,18v7lzn8,w6j2221j,xd13y67k,xd17j0qd,2
j1nz9l1p,18v7lzn8,v1poq468,mkezzxk6,None,85
j1nz9l1p,18v7lzn8,k6qew96g,7kjzy63d,None,213
j1nz9l1p,18v7lzn8,46wog71r,jdz3g532,None,6
j1nz9l1p,18v7lzn8,4d798z17,9d86jq2n,None,56
j1nz9l1p,dx33kdex,v1pxk8p6,n2yx441d,rdqe52kd,5
j1nz9l1p,dx33kdex,lde3eme6,ndx940vd,None,29
j1nz9l1p,dx33kdex,4pd0n31e,wk6pexd1,None,169
j1nz9l1p,dx33kdex,om1mw4d2,jzd33ndn,None,80
j1nz9l1p,dx33kdex,4pd0n31e,7wkp6v2r,None,104
j1nz9l1p,dx33kdex,j1nz9l1p,q25oowgk,None,37
j1nz9l1p,dx33kdex,9d3loedl,vdo4yvy2,nwl620pw,1
j1nz9l1p,dx33kdex,9d3loedl,wdmqr152,None,1
j1nz9l1p,dx33kdex,9d3loedl,vdo4yvy2,gdrjyr8w,1
j1nz9l1p,dx33kdex,9d3loedl,vdo4yvy2,rdn5q3nd,2
j1nz9l1p,dx33kdex,9d3loedl,vdo4yvy2,z98jmp7w,1
j1nz9l1p,dx33kdex,9d3loedl,vdo4yvy2,ldye3qjw,1
j1nz9l1p,dx33kdex,9d3loedl,vdo0onvd,None,2
j1nz9l1p,dx33kdex,9d3loedl,rklg58rd,nwl620pw,3
j1nz9l1p,dx33kdex,9d3loedl,rklg58rd,gdrjyr8w,3
j1nz9l1p,dx33kdex,9d3loedl,rklg58rd,z98jmp7w,3
j1nz9l1p,dx33kdex,9d3loedl,rklg58rd,rdn5q3nd,5
j1nz9l1p,dx33kdex,9d3loedl,rklg58rd,ldye3qjw,3
j1nz9l1p,dx33kdex,m1mx7nx6,824rmqnd,None,5
j1nz9l1p,dx33kdex,m1mx7nx6,zd363xrd,None,2
j1nz9l1p,dx33kdex,m1mx7nx6,n2y314md,592qp469,2
j1nz9l1p,dx33kdex,m1mx7nx6,zd363xrd,None,4
j1nz9l1p,dx33kdex,m1mx7nx6,zdn458xk,None,4
j1nz9l1p,dx33kdex,om1mw4d2,vdooo1vd,xd0gp2jw,18
j1nz9l1p,zxzwovex,om1mw4d2,l9kv40kg,None,105
j1nz9l1p,zxzwovex,o1y9j9v6,7dgr144k,5wknr4qw,141
j1nz9l1p,zxzwovex,o1y9j9v6,7kjpl1gk,None,592
j1nz9l1p,zxzwovex,o1y9j9v6,zd365jyd,None,36
j1nz9l1p,zxzwovex,j1ne9me1,9d8gyx7k,None,15
j1nz9l1p,zxzwovex,w6jmm26j,7kjl0wz2,None,87
j1nz9l1p,zxzwovex,46w25v76,z27vgm52,None,31
j1nz9l1p,zxzwovex,46w25v76,z27vgm52,None,210
j1nz9l1p,zxzwovex,om1mw4d2,l9kv40kg,None,225
j1nz9l1p,zxzwovex,m1mx7nx6,mkezg9nk,None,2
j1nz9l1p,zxzwovex,nj1nnx1p,wk6jngxd,ywe45mqd,12
j1nz9l1p,zxzwovex,nj1nnx1p,wk6jngxd,ywe45mqd,6
j1nz9l1p,zxzwovex,nj1nnx1p,wk6jngxd,ywe45mqd,12
j1nz9l1p,zxzwovex,nj1nnx1p,wk6jngxd,69zr2n6d,10
j1nz9l1p,zxzwovex,nj1nnx1p,wk6jngxd,69zr2n6d,11
j1nz9l1p,zxzwovex,nj1nnx1p,wk6jngxd,69zr2n6d,11
j1nz9l1p,zxzwovex,nj1nnx1p,wk6jngxd,r9gz41qd,10
j1nz9l1p,zxzwovex,nj1nnx1p,wk6jngxd,ywe45mqd,15
j1nz9l1p,zxzwovex,nj1nnx1p,wk6jngxd,ywe45mqd,15
j1nz9l1p,zxzwovex,nj1nnx1p,wk6jngxd,ywe45mqd,18
j1nz9l1p,zxzwovex,9d3jke6l,xd1m5v8d,None,16
j1nz9l1p,zxzwovex,v1p4rp18,z273mmzd,None,18
j1nz9l1p,zxzwovex,j1nz9l1p,q25oowgk,None,48
j1nz9l1p,zxzwovex,946wy7dr,7dg5o0g2,None,22
j1nz9l1p,zxzwovex,4pd0n31e,lvdowokp,None,515
j1nz9l1p,zxzwovex,lde3eme6,ndx940vd,None,133
j1nz9l1p,zxzwovex,om1mw4d2,l9kv40kg,None,306
j1nz9l1p,zxzwovex,m1mx7nx6,824rmqnd,None,16
j1nz9l1p,zxzwovex,4pd0n31e,wk6pexd1,None,1521
j1nz9l1p,zxzwovex,om1mw4d2,jzd33ndn,None,406
j1nz9l1p,zxzwovex,m1mx7nx6,wkpo8182,None,9
j1nz9l1p,zxzwovex,lde3eme6,9kvoq5e2,None,7
j1nz9l1p,zxzwovex,om1mw4d2,l9kv40kg,None,254
j1nz9l1p,zxzw3o9x,lde378l6,jdr9g3gd,None,13
j1nz9l1p,zxzw3o9x,om1mw4d2,l9kv40kg,None,151
j1nz9l1p,zxzw3o9x,j1np0w6p,zd35lrkn,None,47
j1nz9l1p,zxzw3o9x,om1mw4d2,l9kv40kg,None,37
j1nz9l1p,zxzw3o9x,o1y9wo6q,n2y55mko,None,353
j1nz9l1p,zxzw3o9x,yd4km2k6,02q93w7k,None,7
j1nz9l1p,zxzw3o9x,v1pozv76,n2y380md,None,69
j1nz9l1p,zxzw3o9x,o1y9wo6q,7dgrrxk4,None,412
j1nz9l1p,zxzw3o9x,o1y9j9v6,7kjpl1gk,None,1190
j1nz9l1p,zxzw3o9x,o1y9wo6q,wkpoo02r,None,244
j1nz9l1p,zxzw3o9x,o1y9wo6q,7kjpp4k3,None,214
j1nz9l1p,zxzw3o9x,om1mw4d2,l9kv40kg,None,221
j1nz9l1p,zxzw3o9x,lde3eme6,ndx940vd,None,61
j1nz9l1p,zxzw3o9x,j1nz9l1p,q25oowgk,None,25
j1nz9l1p,zxzw3o9x,m1mx7nx6,5dw5mg0d,None,1
j1nz9l1p,zxzw3o9x,4pd0n31e,wk6pexd1,None,100
j1nz9l1p,zxzw3o9x,om1mw4d2,l9kv40kg,None,46
j1nz9l1p,zxzw3o9x,om1mw4d2,l9kv40kg,None,123
j1nz9l1p,zxzw3o9x,v1po9o76,9d8eg66d,None,4
j1nz9l1p,zxzw3o9x,om1mw4d2,prkl4wdn,None,27
j1nz9l1p,zxzw3o9x,om1mw4d2,l9kv40kg,None,11
j1nz9l1p,zxzw3o9x,om1mw4d2,l9kv40kg,None,9
j1nz9l1p,zxzw3o9x,o1y9j9v6,7dgr144k,ywe5zq7w,363
j1nz9l1p,zxzw3o9x,m1zjrjz6,wk6e3gp2,None,2
j1nz9l1p,zxzw3o9x,om1mw4d2,jzd33ndn,None,95
j1nz9l1p,zxzw3o9x,v1pg5418,8244e325,None,13
j1nz9l1p,zxzw3o9x,pd0wq31e,n2y1y72o,None,745
j1nz9l1p,zxzw3o9x,268n5y6p,9kvp0gek,None,37
j1nz9l1p,zxzw3o9x,4d7e7z67,mkeoz98d,None,346
j1nz9l1p,qxkm65kj,576re5d8,z27gx420,None,1
j1nz9l1p,qxkm65kj,k6q429dg,wdmqlro2,592jzv6w,1
j1nz9l1p,qxkm65kj,k6q429dg,wk6x3pk1,None,1
j1nz9l1p,qxkm65kj,k6qw8km6,mkeymw82,None,1
j1nz9l1p,qxkm65kj,k6qw8km6,7dgyp17d,None,1
j1nz9l1p,qxkm65kj,369p9231,xk989542,None,1
j1nz9l1p,qxkm65kj,w6jl324d,9kv7pwok,None,7
j1nz9l1p,qxkm65kj,46w3ln1r,7kjzlxd3,None,13
j1nz9l1p,qxkm65kj,m1mx4jx6,wdmx463k,None,4
j1nz9l1p,qxkm65kj,yd4llg1e,7kjpvvnk,None,1
j1nz9l1p,qxkm65kj,9d37jw6l,q2513jdo,None,4
j1nz9l1p,qxkm65kj,576re5d8,q25o57jk,owo7lpk9,1
j1nz9l1p,qxkm65kj,576re5d8,z27gx420,None,2
j1nz9l1p,qxkm65kj,369p9231,xk989542,None,2
j1nz9l1p,qxkm65kj,576re5d8,z27gx420,None,7
j1nz9l1p,qxkm65kj,576re5d8,q25o57jk,xd1j6q5d,1
j1nz9l1p,qxkm65kj,576re5d8,rklgg7wd,owo7lpk9,2
j1nz9l1p,qxkm65kj,576re5d8,q25o57jk,owo7lpk9,2
j1nz9l1p,qxkm65kj,576re5d8,q25o57jk,5920373d,2
j1nz9l1p,qxkm65kj,576re5d8,z27gx420,None,3
j1nz9l1p,qxkm65kj,576re5d8,q25o57jk,xd40nor9,1
j1nz9l1p,qxkm65kj,9d394gdl,n2y1vj72,None,17
j1nz9l1p,qxkm65kj,k6qxrz1g,7kjz3ezd,None,4
j1nz9l1p,qxkm65kj,9dowwok1,wkpormv2,None,3
j1nz9l1p,qxkm65kj,576re5d8,q25o57jk,n93q8jzw,1
j1nz9l1p,qxkm65kj,576re5d8,q25o57jk,xd0kl549,2
j1nz9l1p,qxkm65kj,576re5d8,q25o57jk,z98rekpd,3
j1nz9l1p,qxkm65kj,576re5d8,q25o57jk,29vmjrl9,2
j1nz9l1p,qxkm65kj,vo6g4962,xk90mvk0,None,5
j1nz9l1p,qxkm65kj,576re5d8,q25o57jk,rw6qr6gd,1
j1nz9l1p,qxkm65kj,yo1yyr1q,5dwj0gkg,None,66
j1nz9l1p,qxkm65kj,576re5d8,q25o57jk,5920373d,3
j1nz9l1p,qxkm65kj,369p9231,xk989542,None,1
j1nz9l1p,qxkm65kj,576re5d8,q25o57jk,n93q8jzw,2
j1nz9l1p,qxkm65kj,576re5d8,q25o57jk,y9m5yoxd,1
j1nz9l1p,qxkm65kj,576re5d8,q25o57jk,5wkk87pw,1
j1nz9l1p,qxkm65kj,576re5d8,q25o57jk,ewp7e6jw,1
j1nz9l1p,qxkm65kj,576re5d8,q25o57jk,owo7lpk9,3
j1nz9l1p,qxkm65kj,vo6g4962,z27g5o42,ewp7e1jw,1
j1nz9l1p,qxkm65kj,vo6g4962,z27g5o42,rdnor6vw,1
j1nz9l1p,qxkm65kj,vo6g4962,xk90mvk0,None,2
j1nz9l1p,qxkm65kj,vo6g4962,jdzpzqvk,None,2
j1nz9l1p,qxkm65kj,vo6g4962,z27g5o42,29vmj4l9,1
j1nz9l1p,qxkm65kj,vo6g4962,z27g5o42,rw6qr8gd,1
j1nz9l1p,qxkm65kj,vo6g4962,z27g5o42,ldy1jnrd,1
j1nz9l1p,qxkm65kj,vo6g4962,z27g5o42,ewp7e1jw,3
j1nz9l1p,qxkm65kj,vo6g4962,z27g5o42,z98reyld,1
j1nz9l1p,qxkm65kj,vo6g4962,z27g5o42,rdnor67w,1
j1nz9l1p,qxkm65kj,vo6g4962,z27g5o42,z98reypd,3
j1nz9l1p,qxkm65kj,y65pgede,n2yjz8z2,None,6
j1nz9l1p,qxkm65kj,k6q429dg,w20zvn5d,592jz06w,2
j1nz9l1p,qxkm65kj,pd0ky21e,w20zl18d,None,3
j1nz9l1p,qxkm65kj,576re5d8,q25o57jk,xd0kl549,3
j1nz9l1p,qxkm65kj,k6q429dg,9d8j67kn,None,3
j1nz9l1p,qxkm65kj,j1nz9l1p,q25oowgk,None,49
j1nz9l1p,qxkm65kj,j1ll7oj1,xk9g3rgd,None,2
j1nz9l1p,qxkm65kj,369l3g6l,zd3lezyd,None,79
j1nz9l1p,qxkm65kj,ok6q001g,5dwj9lkg,None,28
j1nz9l1p,qxkm65kj,4d799vn1,jdrxl8xd,None,36
j1nz9l1p,qxkm65kj,4d799vn1,wkpo1m02,None,6
j1nz9l1p,qxkm65kj,m1m97462,7dg0pmxk,None,9
j1nz9l1p,qxkm65kj,vo6g4962,xk90mvk0,None,4
j1nz9l1p,qxkm65kj,ok6q991g,9d8x7el2,None,24
j1nz9l1p,qxkm65kj,9d37jw6l,q2513jdo,None,2
j1nz9l1p,qxkm65kj,m1mg8j12,xd1mvj7d,o9x2443w,5
j1nz9l1p,qxkm65kj,m1mg8j12,xd1mvj7d,r9gzxxjd,13
j1nz9l1p,qxkm65kj,vo6g4962,xk90mvk0,None,11
j1nz9l1p,qxkm65kj,vo6g4962,xk90mvk0,None,6
j1nz9l1p,qxkm65kj,576re5d8,z27gx420,None,4
j1nz9l1p,qxkm65kj,y65j74de,9d8v8q6k,None,6
j1nz9l1p,jo35or7j,v1pxk8p6,n2yx441d,n93rz4z9,2
j1nz9l1p,jo35or7j,v1pxk8p6,n2yx441d,29vqz13d,4
j1nz9l1p,jo35or7j,v1pxk8p6,n2yx441d,592ynxgw,4
j1nz9l1p,jo35or7j,v1pxk8p6,n2yx441d,rdny26n9,5
j1nz9l1p,jo35or7j,v1pxk8p6,n2yx441d,ldyo8nj9,2
j1nz9l1p,jo35or7j,v1pxk8p6,n2yx441d,rw6zeprd,2
j1nz9l1p,jo35or7j,v1pxk8p6,n2yx441d,n93ryvn9,2
j1nz9l1p,jo35or7j,v1pxk8p6,n2yx441d,592yngow,3
j1nz9l1p,jo35or7j,v1pxk8p6,n2yx441d,69z1nv6w,2
j1nz9l1p,jo35or7j,v1pxk8p6,n2yx441d,xd083m09,4
j1nz9l1p,jo35or7j,v1pxk8p6,n2yx441d,r9gp1vq9,7
j1nz9l1p,jo35or7j,v1pxk8p6,n2yx441d,o9xjxm0d,3
j1nz9l1p,jo35or7j,v1pxk8p6,n2yx441d,xd4lr729,2
j1nz9l1p,jo35or7j,v1pxk8p6,n2yx441d,5wk31759,2
j1nz9l1p,jo35or7j,v1pxk8p6,n2yx441d,gdrz1389,2
j1nz9l1p,jo35or7j,v1pxk8p6,n2yx441d,ewpl0lld,2
j1nz9l1p,jo35or7j,v1pxk8p6,n2yx441d,oworqrvw,3
j1nz9l1p,jo35or7j,v1pxk8p6,n2yx441d,n93ry679,3
j1nz9l1p,jo35or7j,v1pxk8p6,7kj455zk,n93ryv79,1
j1nz9l1p,jo35or7j,v1pxk8p6,7kj455zk,z98xgy7d,1
j1nz9l1p,jo35or7j,v1pxk8p6,n2yx441d,69z18plw,1
j1nz9l1p,jo35or7j,v1pxk8p6,7kj455zk,xd4lr409,1
j1nz9l1p,jo35or7j,v1pxk8p6,n2yx441d,29vq541d,6
j1nz9l1p,jo35or7j,v1pxk8p6,n2yx441d,5d7gzo5d,1
j1nz9l1p,jo35or7j,v1pxk8p6,n2yx441d,y9mn1vld,2
j1nz9l1p,jo35or7j,v1pxk8p6,7kj455zk,rw6ze8nd,1
j1nz9l1p,jo35or7j,m1mx7nx6,vdononok,None,2
j1nz9l1p,jo35or7j,om1mw4d2,l9kv40kg,None,27
j1nz9l1p,jo35or7j,m1mx7nx6,wkpo8182,None,4
j1nz9l1p,jo35or7j,3dxk0jy1,9d8yww3k,nwl58xrd,1
j1nz9l1p,jo35or7j,3dxk0jy1,jdrr00xd,None,2
j1nz9l1p,jo35or7j,om1mw4d2,l9kv40kg,None,29
j1nz9l1p,jo35or7j,j1nz9l1p,jdz66mr2,ldye1jjw,3
j1nz9l1p,jo35or7j,lde3eme6,ndx940vd,None,71
j1nz9l1p,jo35or7j,j1nz9l1p,jdz66mr2,z98jre7w,5
j1nz9l1p,jo35or7j,om1mw4d2,l9kv40kg,None,6
j1nz9l1p,jo35or7j,m1mx7nx6,02qo5gjk,None,2
j1nz9l1p,jo35or7j,m1mx7nx6,xk9vzvxd,None,2
j1nz9l1p,jo35or7j,m1mx7nx6,wkpo8182,None,2
j1nz9l1p,jo35or7j,om1mw4d2,l9kv40kg,None,213
j1nz9l1p,jo35or7j,yd4km2k6,02q93w7k,None,36
j1nz9l1p,jo35or7j,yd4km2k6,ndxe9xjk,nwl4rxe9,3
j1nz9l1p,jo35or7j,yd4km2k6,ndxe9xjk,rdq4x229,3
j1nz9l1p,jo35or7j,m1mx7nx6,5dw5mg0d,None,3
j1nz9l1p,jo35or7j,268w3ko6,zd3v7y82,gdr60n6d,1
j1nz9l1p,jo35or7j,268w3ko6,zd3v7y82,rdq4m8k9,1
j1nz9l1p,jo35or7j,268w3ko6,xd117m7d,29vn863d,2
j1nz9l1p,jo35or7j,268w3ko6,zd3v7y82,xd4g512d,1
j1nz9l1p,jo35or7j,268w3ko6,xd117m7d,69zel5l9,1
j1nz9l1p,jo35or7j,268w3ko6,xd117m7d,rdn4m7q9,1
j1nz9l1p,jo35or7j,268w3ko6,xd117m7d,r9gqml5d,1
j1nz9l1p,jo35or7j,268w3ko6,xd117m7d,592e6ko9,1
j1nz9l1p,jo35or7j,268w3ko6,xd117m7d,o9xryg09,1
j1nz9l1p,jo35or7j,268w3ko6,xd117m7d,y9m4m659,1
j1nz9l1p,jo35or7j,268w3ko6,xd117m7d,xd1lzpe9,1
j1nz9l1p,jo35or7j,268w3ko6,xd117m7d,ywexvyy9,1
j1nz9l1p,jo35or7j,268w3ko6,xd117m7d,ldylrxk9,1
j1nz9l1p,jo35or7j,268w3ko6,xd117m7d,n93zx1nw,1
j1nz9l1p,jo35or7j,268w3ko6,xd117m7d,5wk4mx2d,1
j1nz9l1p,jo35or7j,268w3ko6,zd3v7y82,z984o3gw,1
j1nz9l1p,jo35or7j,268w3ko6,xd117m7d,kwj4kgnw,1
j1nz9l1p,jo35or7j,268w3ko6,zd3v7y82,rw6571rd,1
j1nz9l1p,jo35or7j,268w3ko6,zd3v7y82,xd06e1xd,1
j1nz9l1p,jo35or7j,268w3ko6,xd117m7d,495xq20d,1
j1nz9l1p,jo35or7j,268w3ko6,xd117m7d,5d7qj1gw,1
j1nz9l1p,jo35or7j,46w3km91,7kj809nd,z985yxg9,2
j1nz9l1p,jo35or7j,46w3km91,7kj809nd,ldyknokw,2
j1nz9l1p,jo35or7j,46w3km91,7kj809nd,n93lvrn9,1
j1nz9l1p,jo35or7j,46w3km91,7kj809nd,rdqopekw,2
j1nz9l1p,jo35or7j,76rxq246,jdzw1xgd,None,54
j1nz9l1p,pj0n1q38,76r55vd8,w20w1lzd,None,517
j1nz9l1p,pj0n1q38,m1mm3x12,zd3z7rkn,None,1
j1nz9l1p,pj0n1q38,m1mm3x12,zd3z7rkn,None,1
j1nz9l1p,pj0n1q38,m1mm3x12,xd1z7w28,None,1
j1nz9l1p,pj0n1q38,76rkkvd8,wdm87po2,None,1
j1nz9l1p,pj0n1q38,yo1yyr1q,mkeoe9d6,None,16
j1nz9l1p,pj0n1q38,9d3eqg1l,824xyzed,None,3
j1nz9l1p,pj0n1q38,yo1yyr1q,jdzpx6rk,rw6qz06d,1
j1nz9l1p,pj0n1q38,yo1yyr1q,5dwj0gkg,None,10
j1nz9l1p,pj0n1q38,9d3rwg9d,5dw5lznd,592q4139,1
j1nz9l1p,pj0n1q38,9d3rwg9d,n2y50zmk,592q4139,1
j1nz9l1p,pj0n1q38,9d3rwg9d,wk675yrd,592q4139,1
j1nz9l1p,pj0n1q38,om1mw4d2,jzd33ndn,None,53
j1nz9l1p,pj0n1q38,9d3rwg9d,5dw5lznd,592q4139,1
j1nz9l1p,pj0n1q38,9d394gdl,n2y1vj72,None,3
j1nz9l1p,pj0n1q38,o1y90l46,rklj0qwd,None,1
j1nz9l1p,pj0n1q38,yo1yyr1q,jdzpx6rk,5920y16d,4
j1nz9l1p,pj0n1q38,yo1yyr1q,jdzpx6rk,5wkk3vxw,3
j1nz9l1p,pj0n1q38,j1nz9l1p,q25oowgk,None,30
j1nz9l1p,pj0n1q38,m1mx7nx6,xd1e81z2,None,4
j1nz9l1p,pj0n1q38,om1mw4d2,l9kv40kg,None,42
j1nz9l1p,pj0n1q38,268ezok6,5dw884ed,kwjzn8z9,7
j1nz9l1p,pj0n1q38,268ezok6,5dw884ed,o9x7p31d,9
j1nz9l1p,pj0n1q38,268ezok6,5dw884ed,49557lj9,6
j1nz9l1p,pj0n1q38,yo1yyr1q,wkpj5wkr,None,8
j1nz9l1p,pj0n1q38,pdvr5k1w,5dwmmnkg,None,6
j1nz9l1p,pj0n1q38,m1mx7nx6,vdoore1d,None,2
j1nz9l1p,pj0n1q38,om1mw4d2,prkl4wdn,None,13
j1nz9l1p,pj0n1q38,j1ll4ye1,vdooq41d,None,2
j1nz9l1p,pj0n1q38,o6gywn62,wk61qxqd,o9xn6v0w,7
j1nz9l1p,pj0n1q38,o6gywn62,xk9jzo4d,o9xn6v0w,7
j1nz9l1p,pj0n1q38,o6gywn62,xk9jzo4d,o9xn6v0w,2
j1nz9l1p,pj0n1q38,kyd45w6e,xk90pyk0,None,15
j1nz9l1p,pj0n1q38,j1ll4ye1,vdooq41d,None,3
j1nz9l1p,pj0n1q38,j1ll4ye1,7dgr5gxk,None,1
j1nz9l1p,pj0n1q38,o6gywn62,xk9jzo4d,nwll0v0w,5
j1nz9l1p,pj0n1q38,o6gywn62,wk61qxqd,nwll0v0w,4
j1nz9l1p,pj0n1q38,o6gywn62,mkej1g82,nwll0v0w,7
j1nz9l1p,pj0n1q38,o6gywn62,xk9jzo4d,xd4jpq2d,5
j1nz9l1p,pj0n1q38,o6gywn62,7dg5vw72,nwll0v0w,11
j1nz9l1p,pj0n1q38,o6gywn62,mkej1g82,xd4jpq2d,6
j1nz9l1p,pj0n1q38,o6gywn62,wk61qxqd,xd4jpq2d,6
j1nz9l1p,pj0n1q38,o6gywn62,xk9jzo4d,xd4jpq2d,3
j1nz9l1p,pj0n1q38,o6gywn62,xk9jzo4d,nwll0v0w,3
j1nz9l1p,pj0n1q38,o6gywn62,wk61qxqd,4956p00d,5
j1nz9l1p,pj0n1q38,o6gywn62,mkej1g82,4956p00d,4
j1nz9l1p,pj0n1q38,o6gywn62,wk61qxqd,ywe107yd,4
j1nz9l1p,pj0n1q38,o6gywn62,wk61qxqd,r9g26o5d,6
j1nz9l1p,pj0n1q38,o6gywn62,wk61qxqd,69z37vld,6
j1nz9l1p,pj0n1q38,o6gywn62,xk9jzo4d,69z37vld,9
j1nz9l1p,pj0n1q38,o6gywn62,mkej1g82,ywe107yd,7
j1nz9l1p,pj0n1q38,o6gywn62,xk9jzo4d,69z37vld,2
j1nz9l1p,pj0n1q38,o6gywn62,mkej1g82,r9g26o5d,4
j1nz9l1p,pj0n1q38,o6gywn62,xk9jzo4d,4956p00d,3
j1nz9l1p,pj0n1q38,o6gywn62,xk9jzo4d,r9g26o5d,7
j1nz9l1p,pj0n1q38,o6gywn62,xk9jzo4d,ywe107yd,1
j1nz9l1p,pj0n1q38,o6gywn62,xk9jzo4d,ywe107yd,8
j1nz9l1p,pj0n1q38,o6gywn62,xk9jzo4d,r9g26o5d,7
j1nz9l1p,pj0n1q38,yo1yyr1q,9d8pg37k,None,17
j1nz9l1p,pj0n1q38,9d3loedl,rklg58rd,z98jmp7w,4
j1nz9l1p,pj0n1q38,om1mw4d2,l9kv40kg,None,244
j1nz9l1p,pj0n1q38,j1nz9l1p,02qm3nzd,None,6
j1nz9l1p,pj0n1q38,yo1yyr1q,xd1r7v7k,n93qq47w,17
j1nz9l1p,pj0n1q38,yo1yyr1q,xd1r7v7k,29vmm719,15
j1nz9l1p,pj0n1q38,yo1yyr1q,xd1r7v7k,ldy11gjd,14
j1nz9l1p,pj0n1q38,yo1yyr1q,xd1r7v7k,z98rr77d,14
j1nz9l1p,pj0n1q38,m1mx7nx6,vdoore1d,None,13
j1nz9l1p,pj0n1q38,76rkkvd8,9d8j7wwk,None,3
j1nz9l1p,pj0n1q38,om1mw4d2,l9kv40kg,None,51
j1nz9l1p,pj0n1q38,76rkkvd8,jdr1g0n2,None,2
j1nz9l1p,pj0n1q38,76rkkvd8,rklewyw2,None,5
j1nz9l1p,pj0n1q38,76rkkvd8,jdr1gyn2,None,14
j1nz9l1p,pj0n1q38,76rkkvd8,xk9jy6vd,None,3
j1nz9l1p,pj0n1q38,76rkkvd8,rklewyw2,None,4
j1nz9l1p,pj0n1q38,m1mx7nx6,wkpo8182,None,7
j1nz9l1p,pj0n1q38,om1mw4d2,l9kv40kg,None,8
j1nz9l1p,pj0n1q38,om1mw4d2,xd1v634d,kwjv8o0w,11
j1nz9l1p,pj0n1q38,o6gywn62,xk9jzo4d,r9g3epjw,6
j1nz9l1p,qj29vq7x,v1pxk8p6,n2yx441d,n93rz4z9,1
j1nz9l1p,qj29vq7x,v1pxk8p6,n2yx441d,69z1e3gw,1
j1nz9l1p,qj29vq7x,v1pxk8p6,n2yx441d,y9mn1q5d,2
j1nz9l1p,qj29vq7x,v1pxk8p6,n2yx441d,o9xj3e6d,2
j1nz9l1p,qj29vq7x,v1pxk8p6,n2yx441d,xd4lr409,2
j1nz9l1p,qj29vq7x,v1pxk8p6,n2yx441d,xd083m09,2
j1nz9l1p,qj29vq7x,v1pxk8p6,n2yx441d,xd1n8gqw,2
j1nz9l1p,qj29vq7x,v1pxk8p6,n2yx441d,y9mn1lld,4
j1nz9l1p,qj29vq7x,v1pxk8p6,n2yx441d,yweom6q9,2
j1nz9l1p,qj29vq7x,v1pxk8p6,n2yx441d,69z1nk6w,2
j1nz9l1p,qj29vq7x,v1pxk8p6,n2yx441d,yweomry9,2
j1nz9l1p,qj29vq7x,v1pxk8p6,n2yx441d,oworqpvw,2
j1nz9l1p,qj29vq7x,v1pxk8p6,n2yx441d,ewpl8pkd,2
j1nz9l1p,qj29vq7x,v1pxk8p6,n2yx441d,r9gp1vq9,2
j1nz9l1p,qj29vq7x,v1pxk8p6,n2yx441d,xd083rx9,2
j1nz9l1p,qj29vq7x,v1pxk8p6,n2yx441d,5d7gz05d,3
j1nz9l1p,qj29vq7x,v1pxk8p6,n2yx441d,592yngow,2
j1nz9l1p,qj29vq7x,v1pxk8p6,n2yx441d,z98xg17d,2
j1nz9l1p,qj29vq7x,v1pxk8p6,n2yx441d,gdrz1589,2
j1nz9l1p,qj29vq7x,v1pxk8p6,n2yx441d,nwl8p8pd,3
j1nz9l1p,qj29vq7x,v1pxk8p6,n2yx441d,xd084vx9,2
j1nz9l1p,qj29vq7x,v1pxk8p6,n2yx441d,o9xj3p6d,2
j1nz9l1p,qj29vq7x,v1pxk8p6,n2yx441d,xd083509,2
j1nz9l1p,qj29vq7x,v1pxk8p6,n2yx441d,y9mn260d,1
j1nz9l1p,qj29vq7x,v1pxk8p6,n2yx441d,29vqz6xd,1
j1nz9l1p,qj29vq7x,v1pxk8p6,n2yx441d,592y4k6w,1
j1nz9l1p,qj29vq7x,v1pxk8p6,n2yx441d,5wk3qxx9,1
j1nz9l1p,qj29vq7x,v1pxk8p6,n2yx441d,n93rm2n9,1
j1nz9l1p,qj29vq7x,v1pxk8p6,n2yx441d,z98xgvgd,2
j1nz9l1p,qj29vq7x,v1pxk8p6,n2yx441d,ewpl8kkd,1
j1nz9l1p,qj29vq7x,v1pxk8p6,n2yx441d,rdny2vn9,1
j1nz9l1p,qj29vq7x,v1pxk8p6,n2yx441d,ldyo8vj9,1
j1nz9l1p,qj29vq7x,v1pxk8p6,n2yx441d,yweom7q9,1
j1nz9l1p,qj29vq7x,v1pxk8p6,n2yx441d,r9gp1oq9,1
j1nz9l1p,qj29vq7x,v1pxk8p6,n2yx441d,o9xj3v6d,1
j1nz9l1p,qj29vq7x,v1pxk8p6,n2yx441d,495el029,1
j1nz9l1p,qj29vq7x,v1pxk8p6,n2yx441d,kwj21mr9,1
j1nz9l1p,qj29vq7x,v1pxk8p6,n2yx441d,xd1n8oqw,1
j1nz9l1p,qj29vq7x,v1pxk8p6,n2yx441d,ewpl0vld,1
j1nz9l1p,qj29vq7x,v1pxk8p6,n2yx441d,n93ryj79,1
j1nz9l1p,qj29vq7x,v1pxk8p6,n2yx441d,69z1ng6w,1
j1nz9l1p,qj29vq7x,v1pxk8p6,n2yx441d,495el129,1
j1nz9l1p,qj29vq7x,v1pxk8p6,n2yx441d,rdqe5kmd,1
j1nz9l1p,qj29vq7x,v1pxk8p6,n2yx441d,5d7gzm5d,1
j1nz9l1p,qj29vq7x,v1pxk8p6,n2yx441d,ewpl06ld,1
j1nz9l1p,qj29vq7x,v1pxk8p6,n2yx441d,592yn7gw,1
j1nz9l1p,qj29vq7x,v1pxk8p6,n2yx441d,29vq5q1d,2
j1nz9l1p,qj29vq7x,v1pxk8p6,n2yx441d,ldyo8oj9,1
j1nz9l1p,qj29vq7x,v1pxk8p6,n2yx441d,gdrz1z89,1
j1nz9l1p,qj29vq7x,v1pxk8p6,n2yx441d,xd1n4jew,1
j1nz9l1p,qj29vq7x,v1pxk8p6,n2yx441d,owor37ow,1
j1nz9l1p,qj29vq7x,v1pxk8p6,n2yx441d,kwj2v7n9,1
j1nz9l1p,qj29vq7x,v1pxk8p6,n2yx441d,5d7g2ygd,1
j1nz9l1p,qj29vq7x,v1pxk8p6,n2yx441d,o9xj3j6d,1
j1nz9l1p,qj29vq7x,v1pxk8p6,n2yx441d,rdqenzkd,1
j1nz9l1p,qj29vq7x,v1pxk8p6,n2yx441d,495ele29,2
j1nz9l1p,qj29vq7x,v1pxk8p6,n2yx441d,495emk09,1
j1nz9l1p,qj29vq7x,v1pxk8p6,n2yx441d,o9xjx10d,1
j1nz9l1p,qj29vq7x,v1pxk8p6,n2yx441d,r9gp7y59,1
j1nz9l1p,qj29vq7x,v1pxk8p6,n2yx441d,yweoq2y9,1
j1nz9l1p,qj29vq7x,v1pxk8p6,n2yx441d,rdnyqoq9,1
j1nz9l1p,qj29vq7x,v1pxk8p6,n2yx441d,xd084kx9,1
j1nz9l1p,qj29vq7x,v1pxk8p6,n2yx441d,xd4lk029,1
j1nz9l1p,qj29vq7x,v1pxk8p6,n2yx441d,5wk3qk29,1
j1nz9l1p,qj29vq7x,v1pxk8p6,n2yx441d,xd1n4vew,2
j1nz9l1p,qj29vq7x,v1pxk8p6,n2yx441d,owor3gow,1
j1nz9l1p,qj29vq7x,v1pxk8p6,n2yx441d,kwj2von9,4
j1nz9l1p,qj29vq7x,v1pxk8p6,n2yx441d,495emv09,1
j1nz9l1p,qj29vq7x,v1pxk8p6,n2yx441d,r9gp7k59,1
j1nz9l1p,qj29vq7x,v1pxk8p6,n2yx441d,69z18mlw,1
j1nz9l1p,qj29vq7x,v1pxk8p6,n2yx441d,ewpl0lld,1
j1nz9l1p,qj29vq7x,v1pxk8p6,n2yx441d,y9mn1nld,1
j1nz9l1p,qj29vq7x,v1pxk8p6,n2yx441d,5wk31359,1
j1nz9l1p,qj29vq7x,v1pxk8p6,n2yx441d,592ynygw,1
j1nz9l1p,qj29vq7x,v1pxk8p6,n2yx441d,29vq5o1d,1
j1nz9l1p,qj29vq7x,v1pxk8p6,n2yx441d,ldyo34k9,1
j1nz9l1p,qj29vq7x,v1pxk8p6,n2yx441d,z98xm2gd,1
j1nz9l1p,qj29vq7x,v1pxk8p6,n2yx441d,rw6zmkrd,1
j1nz9l1p,qj29vq7x,v1pxk8p6,n2yx441d,xd4lkv29,1
j1nz9l1p,qj29vq7x,v1pxk8p6,n2yx441d,29vqz13d,1
j1nz9l1p,qj29vq7x,v1pxk8p6,n2yx441d,592y4vow,1
j1nz9l1p,qj29vq7x,v1pxk8p6,n2yx441d,5wk3qg29,1
j1nz9l1p,qj29vq7x,v1pxk8p6,n2yx441d,xd1n8eew,1
j1nz9l1p,qj29vq7x,v1pxk8p6,n2yx441d,kwj21ln9,1
j1nz9l1p,qj29vq7x,v1pxk8p6,n2yx441d,5d7gzkgd,1
j1nz9l1p,qj29vq7x,v1pxk8p6,n2yx441d,rdqe52kd,1
j1nz9l1p,qj29vq7x,v1pxk8p6,n2yx441d,kwj21nr9,1
j1nz9l1p,qj29vq7x,v1pxk8p6,n2yx441d,495elo09,1
j1nz9l1p,qj29vq7x,v1pxk8p6,n2yx441d,r9gp1059,1
j1nz9l1p,qj29vq7x,v1pxk8p6,n2yx441d,69z1nolw,1
j1nz9l1p,qj29vq7x,v1pxk8p6,n2yx441d,yweomky9,1
j1nz9l1p,qj29vq7x,v1pxk8p6,n2yx441d,nwl8px0d,1
j1nz9l1p,qj29vq7x,v1pxk8p6,n2yx441d,xd4lr729,1
j1nz9l1p,qj29vq7x,v1pxk8p6,n2yx441d,29vq5e3d,1
j1nz9l1p,qj29vq7x,v1pxk8p6,n2yx441d,5wk31y59,1
j1nz9l1p,qj29vq7x,v1pxk8p6,n2yx441d,oworqoow,1
j1nz9l1p,qj29vq7x,v1pxk8p6,n2yx441d,5d7gzngd,1
j1nz9l1p,qj29vq7x,v1pxk8p6,n2yx441d,rdqe5pkd,1
j1nz9l1p,qj29vq7x,v1pxk8p6,n2yx441d,495el309,1
j1nz9l1p,qj29vq7x,v1pxk8p6,n2yx441d,o9xj380d,1
j1nz9l1p,qj29vq7x,v1pxk8p6,n2yx441d,nwl8pq0d,1
j1nz9l1p,qj29vq7x,v1pxk8p6,n2yx441d,z98xgygd,1
j1nz9l1p,qj29vq7x,v1pxk8p6,n2yx441d,n93ryvn9,1
j1nz9l1p,qj29vq7x,v1pxk8p6,n2yx441d,29vq541d,5
j1nz9l1p,qj29vq7x,v1pxk8p6,n2yx441d,ldyo8nj9,1
j1nz9l1p,qj29vq7x,v1pxk8p6,n2yx441d,rdqe5vmd,2
j1nz9l1p,qj29vq7x,v1pxk8p6,n2yx441d,69z1n16w,1
j1nz9l1p,qj29vq7x,v1pxk8p6,n2yx441d,y9mn1vld,1
j1nz9l1p,qj29vq7x,v1pxk8p6,n2yx441d,gdrz1v89,1
j1nz9l1p,qj29vq7x,v1pxk8p6,n2yx441d,5d7gzg5d,1
j1nz9l1p,qj29vq7x,v1pxk8p6,n2yx441d,kwj212r9,1
j1nz9l1p,qj29vq7x,v1pxk8p6,n2yx441d,ldyo8mj9,1
j1nz9l1p,qj29vq7x,v1pxk8p6,n2yx441d,nwl8prpd,1
j1nz9l1p,qj29vq7x,v1pxk8p6,n2yx441d,nwl8pvpd,1
j1nz9l1p,qj29vq7x,v1pxk8p6,n2yx441d,gdrz1469,1
j1nz9l1p,qj29vq7x,9do3z7dp,xk90mrgk,None,1
j1nz9l1p,qj29vq7x,lde3eme6,zd35ezrk,None,1
j1nz9l1p,qj29vq7x,4d79y4n1,z274lq52,None,1
j1nz9l1p,qj29vq7x,3dxk0jy1,jdrr00xd,None,1
j1nz9l1p,qj29vq7x,j1l7g7dg,rkln1r2n,None,1
j1nz9l1p,qj29vq7x,lde3eme6,ndx940vd,None,7
j1nz9l1p,qj29vq7x,9d3loedl,rklg58rd,rdn5q3nd,1
j1nz9l1p,qj29vq7x,9d3loedl,rklg58rd,nwl620pw,1
j1nz9l1p,qj29vq7x,9d3loedl,rklg58rd,z98jmp7w,1
j1nz9l1p,qj29vq7x,9d3loedl,rklg58rd,ldye3qjw,1
j1nz9l1p,qj29vq7x,9d3loedl,rklg58rd,gdrjyr8w,1
j1nz9l1p,qj29vq7x,j1nz9l1p,jdz66mr2,n930q879,2
j1nz9l1p,qj29vq7x,9d3loedl,vdo0onvd,None,1
j1nz9l1p,qj29vq7x,om1mw4d2,jzd33ndn,None,19
j1nz9l1p,qjn3ll1x,om1mw4d2,jzd33ndn,None,14
j1nz9l1p,qjn3ll1x,lde3eme6,ndx940vd,None,20
j1nz9l1p,qjn3ll1x,om1mw4d2,l9kv40kg,None,20
j1nz9l1p,qjn3ll1x,om1mw4d2,xd1v634d,n93yl6ed,8
j1nz9l1p,qjn3ll1x,om1mw4d2,xd1v634d,29v50ond,9
j1nz9l1p,qjn3ll1x,om1mw4d2,xd1v634d,xd4reqp9,6
j1nz9l1p,qjn3ll1x,om1mw4d2,xd1v634d,xd03nz1d,4
j1nz9l1p,qjn3ll1x,om1mw4d2,xd1v634d,rw6egj7d,5
j1nz9l1p,qjn3ll1x,om1mw4d2,xd1v634d,rw6egj7d,5
j1nz9l1p,qjn3ll1x,w6jl324d,9kv7pwok,None,15
j1nz9l1p,qjn3ll1x,4pd0n31e,7wkp6v2r,None,138
j1nz9l1p,qjn3ll1x,4pd0n31e,n2yq98ko,None,107
j1nz9l1p,qjn3ll1x,m1mx7nx6,7dgrwnlk,None,2
j1nz9l1p,qjn3ll1x,j1nz9l1p,q25oowgk,None,38
j1nz9l1p,qjn3ll1x,om1mw4d2,l9kv40kg,None,228
j1nz9l1p,qjn3ll1x,4pd0n31e,lvdowokp,None,137
j1nz9l1p,jp47275j,lde3eme6,9d83gx32,rdq5vx2d,1
j1nz9l1p,jp47275j,lde3eme6,9d83gx32,495l073d,1
j1nz9l1p,jp47275j,o1y9j9v6,7dgr144k,o9x7mxpd,8
j1nz9l1p,jp47275j,o1y9j9v6,7dgr144k,ywe5zq7w,15
j1nz9l1p,jp47275j,o1y9j9v6,mkezwq9k,ywe5zq7w,12
j1nz9l1p,jp47275j,om1mw4d2,l9kv40kg,None,30
j1nz9l1p,jp47275j,lde3eme6,9d83gx32,kwj1mx7w,1
j1nz9l1p,jp47275j,lde3eme6,9d83gx32,o9x3vpp9,1
j1nz9l1p,jp47275j,lde3eme6,ndx940vd,None,8
j1nz9l1p,jp47275j,lde3eme6,9d83gx32,5d7z0n6w,1
j1nz9l1p,jp47275j,lde3eme6,9d83gx32,owoqvokd,1
j1nz9l1p,jp47275j,om1mw4d2,jzd33ndn,None,15
j1nz9l1p,jp47275j,o1y9j9v6,5dw5q7gd,o9x7mxpd,32
j1nz9l1p,jp47275j,lde3eme6,9d83gx32,69znvkg9,1
j1nz9l1p,jp47275j,lde3eme6,9d83gx32,r9g1ovp9,1
j1nz9l1p,jp47275j,j1nz9l1p,q25oowgk,None,21
j1nz9l1p,zx7q0087,4pd0n31e,xwdmg4dq,8xd43q9m,16
j1nz9l1p,zx7q0087,4pd0n31e,xwdmg4dq,rw6qrzgd,5
j1nz9l1p,zx7q0087,4pd0n31e,xw20jzkn,rw6qrzgd,7
j1nz9l1p,zx7q0087,yd4ljx1e,9kvm74ek,o9xnxg0w,13
j1nz9l1p,zx7q0087,yd4ljx1e,n2y5198k,o9xnxg0w,20
j1nz9l1p,zx7q0087,n268nk6p,7dg8xp24,None,110
j1nz9l1p,zx7q0087,4pd0n31e,7wkp6v2r,None,93
j1nz9l1p,zx7q0087,y65og41e,jdrj6n26,None,12
j1nz9l1p,zx7q0087,4pd0n31e,xwdmg4dq,q5wkrv94,3
j1nz9l1p,zx7q0087,4pd0n31e,xw20jzkn,q5wkrv94,4
j1nz9l1p,zx7q0087,46wlwl1r,zd3yqwn2,None,4
j1nz9l1p,zx7q0087,46wlwl1r,xd1m5g8d,None,22
j1nz9l1p,zx7q0087,46wlwl1r,jdrpnv02,None,36
j1nz9l1p,zx7q0087,4pd0n31e,xwdmg4dq,lewpqy9n,34
j1nz9l1p,zx7q0087,4pd0n31e,xw20jzkn,lewpqy9n,15
j1nz9l1p,zx7q0087,46wlwl1r,jdrpnv02,None,23
j1nz9l1p,zx7q0087,9d3wpw1l,jdro6gd6,None,17
j1nz9l1p,zx7q0087,ok6q991g,9d8x7el2,None,25
j1nz9l1p,zx7q0087,4pd0n31e,xwdmg4dq,zldyypd3,9
j1nz9l1p,zx7q0087,4pd0n31e,xw20jzkn,kn9372d0,13
j1nz9l1p,zx7q0087,4pd0n31e,xw20jzkn,nowo2jd6,15
j1nz9l1p,zx7q0087,4pd0n31e,xw20jzkn,ykwje09g,10
j1nz9l1p,zx7q0087,4pd0n31e,xw20jzkn,3y9mpz95,11
j1nz9l1p,zx7q0087,4pd0n31e,xw20jzkn,zldyypd3,11
j1nz9l1p,zx7q0087,4pd0n31e,xw20jzkn,329vkqdv,8
j1nz9l1p,zx7q0087,4pd0n31e,xw20jzkn,jxd15zwo,18
j1nz9l1p,zx7q0087,4pd0n31e,xw20jzkn,4rw6npd7,7
j1nz9l1p,zx7q0087,4pd0n31e,xw20jzkn,kn9377d0,14
j1nz9l1p,zx7q0087,4pd0n31e,xw20jzkn,oz9867dl,4
j1nz9l1p,zx7q0087,4pd0n31e,xw20jzkn,krdn05wm,13
j1nz9l1p,zx7q0087,4pd0n31e,xw20jzkn,p592o7d6,11
j1nz9l1p,zx7q0087,4pd0n31e,xw20jzkn,8xd43q9m,55
j1nz9l1p,zx7q0087,4pd0n31e,xw20jzkn,oz986rdl,12
j1nz9l1p,zx7q0087,4pd0n31e,xw20jzkn,7xd07mwq,12
j1nz9l1p,zx7q0087,4pd0n31e,xwdmg4dq,krdn05wm,15
j1nz9l1p,zx7q0087,j1nz9l1p,02qm3nzd,None,9
j1nz9l1p,zx7q0087,ok6q991g,9d8x7el2,None,76
j1nz9l1p,zx7q0087,4d79xr17,q254njdo,None,29
j1nz9l1p,zx7q0087,nj1np96p,pmkeg926,None,17
j1nz9l1p,zx7q0087,4pd0n31e,lvdowokp,None,189
j1nz9l1p,zx7q0087,4pd0n31e,xwdmg4dq,3y9mpz95,21
j1nz9l1p,48g2211j,j1nz9l1p,q25oowgk,None,10
j1nz9l1p,48g2211j,o1yjnvr1,7dgyqyxd,None,1
j1nz9l1p,48g2211j,o1yjnvr1,w20nlnvd,None,1
j1nz9l1p,48g2211j,o1yjnvr1,mkeynyx2,None,1
j1nz9l1p,48g2211j,o1yjnvr1,5dwnonnd,None,1
j1nz9l1p,48g2211j,o1yjnvr1,wk6393rk,None,1
j1nz9l1p,48g2211j,om1mw4d2,l9kv40kg,None,2
j1nz9l1p,48g2211j,om1mw4d2,l9kv40kg,None,13
j1nz9l1p,48g2211j,46w33l1r,9d8p7ylk,None,1
j1nz9l1p,48g2211j,46w33l1r,zd30l5vd,ewpm4jwn,1
j1nz9l1p,48g2211j,46w33l1r,9d8p7ylk,None,6
j1nz9l1p,48g2211j,46w33l1r,n2y7o982,rdnj379m,1
j1nz9l1p,48g2211j,46w33l1r,zd30l5vd,ewpm4jwn,2
j1nz9l1p,48g2211j,46w33l1r,wk6pxmqd,None,22
j1nz9l1p,48g2211j,46w33l1r,zd30l5vd,z98vppwl,6
j1nz9l1p,48g2211j,46w33l1r,zd30l5vd,rw6p2g97,6
j1nz9l1p,48g2211j,46w33l1r,zd30l5vd,xd0rp4dq,7
j1nz9l1p,48g2211j,46w33l1r,zd30l5vd,xd47prdm,7
j1nz9l1p,48g2211j,46w33l1r,zd30l5vd,29vegldv,6
j1nz9l1p,48g2211j,46w33l1r,zd30l5vd,592gm3w6,7
j1nz9l1p,48g2211j,46w33l1r,zd30l5vd,owo18k96,7
j1nz9l1p,48g2211j,46w33l1r,zd30l5vd,kwjl07dg,9
j1nz9l1p,48g2211j,46w33l1r,zd30l5vd,5d7kp6wy,7
j1nz9l1p,48g2211j,46w33l1r,zd30l5vd,495ox3dp,6
j1nz9l1p,48g2211j,46w33l1r,zd30l5vd,rdq242dx,6
j1nz9l1p,48g2211j,46w33l1r,zd30l5vd,o9x5rpwl,4
j1nz9l1p,48g2211j,46w33l1r,zd30l5vd,r9g0qpw2,5
j1nz9l1p,48g2211j,46w33l1r,zd30l5vd,69zoegd1,5
j1nz9l1p,48g2211j,46w33l1r,zd30l5vd,nwlx4ewv,6
j1nz9l1p,48g2211j,46w33l1r,zd30l5vd,ldy7lrd3,4
j1nz9l1p,48g2211j,46w33l1r,zd30l5vd,z98v4pwl,6
j1nz9l1p,48g2211j,46w33l1r,zd30l5vd,n935zzw0,6
j1nz9l1p,48g2211j,46w33l1r,zd30l5vd,rw6p5g97,8
j1nz9l1p,48g2211j,46w33l1r,zd30l5vd,29venldv,6
j1nz9l1p,48g2211j,46w33l1r,zd30l5vd,5wkz4pw4,8
j1nz9l1p,48g2211j,46w33l1r,zd30l5vd,y9mq4xd5,7
j1nz9l1p,48g2211j,j1ll22j1,z27l9xgd,None,11
j1nz9l1p,48g2211j,3dx2jpg1,zd38yp8k,None,1
j1nz9l1p,48g2211j,46w33l1r,n2y1l12o,None,2
j1nz9l1p,48g2211j,46w33l1r,n2y1l12o,None,2
j1nz9l1p,48g2211j,j1ll22j1,wkpmr88k,None,6
j1nz9l1p,48g2211j,46w33l1r,9d8pj53k,n935kzw0,7
j1nz9l1p,48g2211j,46w33l1r,9d8pj53k,rdnj379m,8
j1nz9l1p,48g2211j,46w33l1r,9d8pj53k,rw6p2g97,5
j1nz9l1p,48g2211j,46w33l1r,9d8pj53k,ewpm4jwn,14
j1nz9l1p,48g2211j,46w33l1r,zd30l5vd,rdnj379m,6
j1nz9l1p,48g2211j,46w33l1r,zd30l5vd,y9mq0xd5,4
j1nz9l1p,48g2211j,46w33l1r,9d8p7ylk,None,60
j1nz9l1p,48g2211j,46w33l1r,zd30l5vd,xd1ep5wo,5
j1nz9l1p,48g2211j,46w33l1r,zd30l5vd,xd0r64dq,1
j1nz9l1p,48g2211j,46w33l1r,9kvpjr8k,o9x15m3d,1
j1nz9l1p,48g2211j,46w33l1r,zd30l5vd,ewpmnjwn,2
j1nz9l1p,48g2211j,46w33l1r,zd30l5vd,5wkz0pw4,1
j1nz9l1p,48g2211j,46w33l1r,zd30l5vd,ldy7qrd3,2
j1nz9l1p,48g2211j,46w33l1r,9kvpjr8k,r9gy0kj9,1
j1nz9l1p,48g2211j,pdvjl9dw,9d8jyl6k,None,1
j1nz9l1p,48g2211j,pdvjl9dw,9d8jyl6k,None,1
j1nz9l1p,48g2211j,46w33l1r,zd30l5vd,ywekx7wl,10
j1nz9l1p,48g2211j,46w33l1r,zd30l5vd,rdnj479m,1
j1nz9l1p,48g2211j,3dx2jpg1,7kjppyzk,None,1
j1nz9l1p,48g2211j,3dx2jpg1,7kjppyzk,None,1
j1nz9l1p,48g2211j,46w33l1r,zd30l5vd,n935kzw0,7
j1nz9l1p,48g2211j,46w33l1r,zd30l5vd,r9gy0kj9,1
j1nz9l1p,48g2211j,46w33l1r,zd30l5vd,xd47grdm,7
j1nz9l1p,48g2211j,3dx2jpg1,zdn443xk,None,1
j1nz9l1p,48g2211j,3dx2jpg1,wk677jrd,None,1
j1nz9l1p,48g2211j,j1ll22j1,9d8onn32,None,4
j1nz9l1p,48g2211j,3dx2jpg1,wk677gpd,None,2
j1nz9l1p,48g2211j,46w33l1r,zd30l5vd,gdr46lwz,6
j1nz9l1p,48g2211j,nd2jov10,z277y5z2,z98j3m1w,5
j1nz9l1p,48g2211j,nd2jov10,zdnqpo9d,z98j3m1w,5
j1nz9l1p,48g2211j,nd2jov10,xk9l156k,z98j3m1w,3
j1nz9l1p,48g2211j,nd2jov10,7kjr4l42,z98j3m1w,5
j1nz9l1p,48g2211j,46w33l1r,zd30l5vd,gdr46lwz,2
j1nz9l1p,48g2211j,46w33l1r,zd30l5vd,nwlx4ewv,2
j1nz9l1p,48g2211j,46w33l1r,zd30l5vd,ywekx7wl,4
j1nz9l1p,48g2211j,46w33l1r,zd30l5vd,69zoegd1,2
j1nz9l1p,48g2211j,46w33l1r,zd30l5vd,r9g0qpw2,3
j1nz9l1p,48g2211j,46w33l1r,zd30l5vd,o9x5rpwl,2
j1nz9l1p,48g2211j,46w33l1r,zd30l5vd,n935zzw0,2
j1nz9l1p,48g2211j,46w33l1r,zd30l5vd,z98v4pwl,2
j1nz9l1p,48g2211j,46w33l1r,zd30l5vd,ldy7lrd3,2
j1nz9l1p,48g2211j,46w33l1r,zd30l5vd,o9x15m3d,1
j1nz9l1p,18vy7n8l,j1nz9l1p,02qm3nzd,None,10
j1nz9l1p,18vy7n8l,m1zvv060,zdnw7ved,None,2
j1nz9l1p,18vy7n8l,4pd0n31e,7wkp6v2r,None,489
j1nz9l1p,kjpz0okx,v1pxk8p6,n2yx441d,rdqe5vmd,1
j1nz9l1p,kjpz0okx,v1pxk8p6,n2yx441d,29vq5q1d,1
j1nz9l1p,kjpz0okx,v1pxk8p6,n2yx441d,oworqvvw,1
j1nz9l1p,kjpz0okx,v1pxk8p6,n2yx441d,rdnyq469,1
j1nz9l1p,kjpz0okx,v1pxk8p6,n2yx441d,xd083m09,3
j1nz9l1p,kjpz0okx,v1pxk8p6,n2yx441d,r9gp1vq9,3
j1nz9l1p,kjpz0okx,v1pxk8p6,n2yx441d,xd084vx9,2
j1nz9l1p,kjpz0okx,v1pxk8p6,n2yx441d,ewpl0mkd,2
j1nz9l1p,kjpz0okx,v1pxk8p6,n2yx441d,ldyo87k9,2
j1nz9l1p,kjpz0okx,v1pxk8p6,n2yx441d,z98xgvgd,1
j1nz9l1p,kjpz0okx,v1pxk8p6,n2yx441d,rdqe52kd,1
j1nz9l1p,kjpz0okx,v1pxk8p6,n2yx441d,29vqz13d,1
j1nz9l1p,kjpz0okx,v1pxk8p6,n2yx441d,gdrzyk69,1
j1nz9l1p,kjpz0okx,v1pxk8p6,n2yx441d,o9xjx10d,1
j1nz9l1p,kjpz0okx,v1pxk8p6,n2yx441d,n93rm2n9,1
j1nz9l1p,kjpz0okx,v1pxk8p6,n2yx441d,o9xj350d,1
j1nz9l1p,kjpz0okx,v1pxk8p6,n2yx441d,kwj21mr9,1
j1nz9l1p,kjpz0okx,v1pxk8p6,n2yx441d,nwl8p8pd,1
j1nz9l1p,kjpz0okx,v1pxk8p6,n2yx441d,gdrz1389,1
j1nz9l1p,kjpz0okx,v1pxk8p6,n2yx441d,5wk31v59,1
j1nz9l1p,kjpz0okx,v1pxk8p6,n2yx441d,nwl8pjpd,1
j1nz9l1p,kjpz0okx,v1pxk8p6,n2yx441d,r9gp1gq9,1
j1nz9l1p,kjpz0okx,v1pxk8p6,n2yx441d,592yn1gw,1
j1nz9l1p,kjpz0okx,v1pxk8p6,n2yx441d,rdny2jq9,1
j1nz9l1p,kjpz0okx,v1pxk8p6,n2yx441d,n93ry5n9,1
j1nz9l1p,kjpz0okx,v1pxk8p6,n2yx441d,29vq5r1d,1
j1nz9l1p,kjpz0okx,v1pxk8p6,n2yx441d,kwj21xn9,1
j1nz9l1p,kjpz0okx,v1pxk8p6,n2yx441d,r9gp1e59,1
j1nz9l1p,kjpz0okx,v1pxk8p6,n2yx441d,rdny26q9,1
j1nz9l1p,kjpz0okx,v1pxk8p6,n2yx441d,xd4lro09,1
j1nz9l1p,kjpz0okx,v1pxk8p6,n2yx441d,ldyo31k9,1
j1nz9l1p,kjpz0okx,v1pxk8p6,n2yx441d,gdrzyp69,1
j1nz9l1p,kjpz0okx,v1pxk8p6,n2yx441d,nwl82g0d,1
j1nz9l1p,kjpz0okx,v1pxk8p6,n2yx441d,xd4lrq09,1
j1nz9l1p,kjpz0okx,v1pxk8p6,n2yx441d,xd083z09,1
j1nz9l1p,kjpz0okx,v1pxk8p6,n2yx441d,5d7gzg5d,1
j1nz9l1p,kjpz0okx,v1pxk8p6,n2yx441d,xd4lrl09,1
j1nz9l1p,kjpz0okx,v1pxk8p6,n2yx441d,xd1n8qqw,1
j1nz9l1p,kjpz0okx,v1pxk8p6,n2yx441d,y9mn1old,1
j1nz9l1p,kjpz0okx,v1pxk8p6,n2yx441d,oworqzvw,1
j1nz9l1p,kjpz0okx,v1pxk8p6,n2yx441d,495elo09,1
j1nz9l1p,kjpz0okx,v1pxk8p6,n2yx441d,29vq541d,2
j1nz9l1p,kjpz0okx,v1pxk8p6,n2yx441d,ldyo34k9,1
j1nz9l1p,kjpz0okx,v1pxk8p6,n2yx441d,rdny26n9,1
j1nz9l1p,kjpz0okx,v1pxk8p6,n2yx441d,kwj212r9,1
j1nz9l1p,kjpz0okx,v1pxk8p6,n2yx441d,y9mn1lld,1
j1nz9l1p,kjpz0okx,v1pxk8p6,n2yx441d,592ynxgw,1
j1nz9l1p,kjpz0okx,v1pxk8p6,n2yx441d,xd1n8kew,1
j1nz9l1p,kjpz0okx,v1pxk8p6,n2yx441d,oworqpvw,1
j1nz9l1p,kjpz0okx,j1nz9l1p,q25oowgk,None,7
j1nz9l1p,kjpz0okx,v1pxk8p6,n2yx441d,ldyo8mj9,1
j1nz9l1p,kjpz0okx,v1pxk8p6,n2yx441d,kwj21nr9,1
j1nz9l1p,kjpz0okx,v1pxk8p6,n2yx441d,xd1n4jew,1
j1nz9l1p,kjpz0okx,v1pxk8p6,n2yx441d,ewpl06ld,1
j1nz9l1p,kjpz0okx,j1nz9l1p,jdz66mr2,z98jre7w,2
j1nz9l1p,kjpz0okx,j1nz9l1p,jdz66mr2,ldye1jjw,1
j1nz9l1p,kjpz0okx,v1pxk8p6,n2yx441d,29vqzm3d,1
j1nz9l1p,kjpz0okx,lde3eme6,ndx940vd,None,24
j1nz9l1p,kjpz0okx,om1mw4d2,jzd33ndn,None,43
j1nz9l1p,kjpz0okx,om1mw4d2,vdooo1vd,ldyyq57d,10
j1nz9l1p,kjpz0okx,om1mw4d2,vdooo1vd,xd0gp2jw,10
j1nz9l1p,kjpz0okx,o1y9j9v6,7dgr144k,ywe5zq7w,465
j1nz9l1p,kjpz0okx,4pd0n31e,7wkp6v2r,None,84
j1nz9l1p,kjpz0okx,yd40gg1e,xk953y20,None,161
j1nz9l1p,jmlpg9o8,9do79k6p,02q8n972,None,7
j1nz9l1p,jmlpg9o8,9do79k6p,q258nxj2,None,10
j1nz9l1p,jmlpg9o8,om1mw4d2,jzd33ndn,None,16
j1nz9l1p,jmlpg9o8,lde3eme6,ndx940vd,None,39
j1nz9l1p,jmlpg9o8,om1mw4d2,l9kv40kg,None,19
j1nz9l1p,jmlpg9o8,om1mw4d2,l9kv40kg,None,35
j1nz9l1p,jmlpg9o8,j1nz9l1p,q25oowgk,None,5
j1nz9l1p,jmlpg9o8,m1mx7nx6,wkpo8182,None,1
j1nz9l1p,jmlpg9o8,m1mx7nx6,wkpo8182,None,1
j1nz9l1p,jmlpg9o8,m1mx7nx6,wkpo8182,None,1
j1nz9l1p,jmlpg9o8,m1mx7nx6,wkpo8182,None,2
j1nz9l1p,jmlpg9o8,nd22xvd0,w20pq58k,None,150
j1nz9l1p,jmlpg9o8,om1mw4d2,l9kv40kg,None,79
j1nz9l1p,jmlpg9o8,v1pejmd8,wkpqnggd,gdrek0z9,7
j1nz9l1p,jmlpg9o8,j1npme6p,mkeyl926,None,784
j1nz9l1p,jmlpg9o8,4pd0n31e,wk6pexd1,None,750
j1nz9l1p,jmlpg9o8,j1npme6p,mkeyl926,None,1868
j1nz9l1p,jmlpg9o8,nd2e9erd,jdr95l0d,None,8
j1nz9l1p,8d3nq45x,om1mw4d2,jzd33ndn,None,735
j1nz9l1p,8d3nq45x,om1mw4d2,jzd33ndn,None,221
j1nz9l1p,8d3nq45x,j1nz9l1p,q25oowgk,None,39
j1nz9l1p,8d3nq45x,4pd0n31e,7wkp6v2r,None,587
j1nz9l1p,8d3nq45x,om1mw4d2,xd1v634d,29v50ond,10
j1nz9l1p,8d3nq45x,om1mw4d2,l9kv40kg,None,313
j1nz9l1p,8d3nq45x,yd4jl5de,7kjr4mx2,None,5
j1nz9l1p,8d3nq45x,yd4jl5de,vdo4gwv2,None,20
j1nz9l1p,8d3nq45x,om1mw4d2,xd1v634d,29v50ond,19
j1nz9l1p,xko6kv68,j1nz9l1p,02qm3nzd,None,19
j1nz9l1p,xko6kv68,4pd0n31e,7wkp6v2r,None,950
j1nz9l1p,xko6kv68,om1mw4d2,jzd33ndn,None,542
j1nz9l1p,jpr2gny8,om1mw4d2,l9kv40kg,None,16
j1nz9l1p,jpr2gny8,j1nz9l1p,q25oowgk,None,6
j1nz9l1p,jpr2gny8,j1nz9l1p,jdz66mr2,ewpp7zkw,2
j1nz9l1p,jpr2gny8,j1nz9l1p,jdz66mr2,y9me5r5d,1
j1nz9l1p,jpr2gny8,j1nz9l1p,jdz66mr2,n930q879,3
j1nz9l1p,jpr2gny8,j1nz9l1p,jdz66mr2,z98jre7w,4
j1nz9l1p,jpr2gny8,4pd0n31e,n2yq98ko,None,78
j1nz9l1p,jpr2gny8,o1y908r6,w20vmrok,None,2
j1nz9l1p,jpr2gny8,om1mw4d2,l9kv40kg,None,45
j1nz9l1p,jpr2gny8,om1mw4d2,jzd33ndn,None,51
j1nz9l1p,jpr2gny8,46w3km91,7kj809nd,z985yxg9,3
j1nz9l1p,jpr2gny8,46w3km91,7kj809nd,n93lvrn9,2
j1nz9l1p,jpr2gny8,46w3km91,7kj809nd,rdqopekw,1
j1nz9l1p,jpr2gny8,46w3km91,xd14z57d,None,4
j1nz9l1p,j92e7gv8,j1n8rxe1,5dwx9q52,None,4
j1nz9l1p,j92e7gv8,j1n8rxe1,5dwx9q52,None,4
j1nz9l1p,j92e7gv8,om1mw4d2,l9kv40kg,None,18
j1nz9l1p,j92e7gv8,j1nz9l1p,q25oowgk,None,11
j1nz9l1p,j92e7gv8,om1mw4d2,l9kv40kg,None,109
j1nz9l1p,zxz44e4j,nd22xvd0,ndx8zvjk,None,35
j1nz9l1p,zxz44e4j,nd22xvd0,w20pq58k,None,408
j1nz9l1p,zxz44e4j,nd22xvd0,w20pq58k,None,59
j1nz9l1p,zxz44e4j,yd4km2k6,ndxe9xjk,xd1lkv59,1
j1nz9l1p,zxz44e4j,yd4km2k6,02q93w7k,None,6
j1nz9l1p,zxz44e4j,yd4km2k6,ndxe9xjk,kwj4xo7w,1
j1nz9l1p,zxz44e4j,yd4km2k6,w208g6zd,xd1lkv59,1
j1nz9l1p,zxz44e4j,yd4km2k6,ndxe9xjk,owo4ogk9,1
j1nz9l1p,zxz44e4j,4pd0n31e,7wkp6v2r,None,40
j1nz9l1p,zxz44e4j,4pd0n31e,lvdowokp,None,47
j1nz9l1p,zxz44e4j,v1p4rp18,wdm4o8ed,None,1
j1nz9l1p,zxz44e4j,yd4km2k6,ndxe9xjk,rdq4x229,2
j1nz9l1p,zxz44e4j,yd4km2k6,ndxe9xjk,nwl4rxe9,4
j1nz9l1p,zxz44e4j,yd4km2k6,ndxe9xjk,ywex6k79,2
j1nz9l1p,zxz44e4j,4pd0n31e,wk6pexd1,None,264
j1nz9l1p,zxz44e4j,v1p4rp18,wdm4o8ed,None,1
j1nz9l1p,zxz44e4j,4pd0n31e,n2yq98ko,None,116
j1nz9l1p,zxz44e4j,lde3eme6,n2yomp1d,None,2
j1nz9l1p,zxz44e4j,kyd45w6e,xk90pyk0,None,12
j1nz9l1p,zxz44e4j,kyd45w6e,xk9lj6gk,rw6vkz69,2
j1nz9l1p,zxz44e4j,kyd45w6e,xk9lj6gk,n9302rr9,2
j1nz9l1p,zxz44e4j,kyd45w6e,xk9lj6gk,xd00v8jd,2
j1nz9l1p,zxz44e4j,kyd45w6e,xk9lj6gk,xd46vq89,2
j1nz9l1p,zxz44e4j,om1mw4d2,jzd33ndn,None,113
j1nz9l1p,zxz44e4j,j1nz9l1p,q25oowgk,None,34
j1nz9l1p,zxz44e4j,kyd45w6e,xk9lj6gk,o9x2mp7w,2
j1nz9l1p,zxz44e4j,kyd45w6e,xk9lj6gk,gdrjk5kw,2
j1nz9l1p,zxz44e4j,kyd45w6e,xk9lj6gk,kwjyon1w,2
j1nz9l1p,zxz44e4j,kyd45w6e,xk9lj6gk,rw6vkj69,2
j1nz9l1p,zxz44e4j,kyd45w6e,xk9lj6gk,ywe4z64d,2
j1nz9l1p,zxz44e4j,kyd45w6e,xk9lj6gk,592jvx6w,2
j1nz9l1p,zxz44e4j,lde3eme6,ndx940vd,None,81
j1nz9l1p,zxz44e4j,o1y9j9v6,wk67rved,ywe5zq7w,108
j1nz9l1p,zxz44e4j,o1y9j9v6,7dgr144k,ywe5zq7w,637
j1nz9l1p,zxz44e4j,9d3loedl,rklg58rd,rdn5q3nd,2
j1nz9l1p,zxz44e4j,9d3loedl,vdo4yvy2,rdn5q3nd,1
j1nz9l1p,zxz44e4j,om1mw4d2,prkl4wdn,None,28
j1nz9l1p,zxz44e4j,om1mw4d2,7dgy3ypd,kwjv8o0w,2
j1nz9l1p,zxz44e4j,om1mw4d2,l9kv40kg,None,199
j1nz9l1p,8vk25r5j,j1nz9l1p,q25oowgk,None,53
j1nz9l1p,qjnz4n4j,4pd0n31e,7wkp6v2r,None,62
j1nz9l1p,qjnz4n4j,ok6q001g,5dwj9lkg,None,7
j1nz9l1p,qjnz4n4j,n268nk6p,7dg8xp24,None,55
j1nz9l1p,qjnz4n4j,nj1np96p,pmkeg926,None,6
j1nz9l1p,qjnz4n4j,ok6q991g,824x05nd,owokveyd,11
j1nz9l1p,qjnz4n4j,y65gk8de,7dgnm9x2,None,6
j1nz9l1p,qjnz4n4j,ok6q991g,9d8x7el2,None,16
j1nz9l1p,qjnz4n4j,nd22xvd0,w20pq58k,None,708
j1nz9l1p,qjnz4n4j,4pd0n31e,xw20jzkn,lewpqy9n,12
j1nz9l1p,qjnz4n4j,4pd0n31e,xwdmg4dq,lewpqy9n,28
j1nz9l1p,qjnz4n4j,4pd0n31e,lvdowokp,None,117
j1nz9l1p,qjnz4n4j,kdkg4x1m,824plg32,None,13
j1nz9l1p,qjnz4n4j,kdkg4x1m,02qj93zd,None,8
j1nz9l1p,qjnz4n4j,kdkg4x1m,jdrp9v02,None,3
j1nz9l1p,qjnz4n4j,kdkg4x1m,q254xgwd,xd103yq9,2
j1nz9l1p,qjnz4n4j,kdkg4x1m,zdnqn07d,xd103yq9,3
j1nz9l1p,qjnz4n4j,kdkg4x1m,jdz5e9xd,None,5
j1nz9l1p,qjnz4n4j,j1nz9l1p,02qm3nzd,None,16
j1nz9l1p,7j4739dj,om1mw4d2,l9kv40kg,None,43
j1nz9l1p,7j4739dj,om1mw4d2,jzd33ndn,None,53
j1nz9l1p,7j4739dj,j1nz9l1p,q25oowgk,None,14
j1nz9l1p,7j4739dj,om1mw4d2,l9kv40kg,None,106
j1nz9l1p,7j4739dj,w6j7one6,wk601qek,None,1
j1nz9l1p,7j4739dj,4pd0n31e,lvdowokp,None,28
j1nz9l1p,7j4739dj,pd0w3vv1,ndx97rvd,None,8
j1nz9l1p,7j4739dj,pd0w3vv1,wkp1vljk,None,35
j1nz9l1p,7j4739dj,4pd0n31e,xw20jzkn,8xd43q9m,1
j1nz9l1p,7j4739dj,76rxevl6,wkp1wojk,None,4
j1nz9l1p,7j4739dj,76rxevl6,wkp1wojk,None,21
j1nz9l1p,7j4739dj,4pd0n31e,7wkp6v2r,None,75
j1nz9l1p,7j4739dj,4pd0n31e,n2yq98ko,None,94
j1nz9l1p,7j4739dj,4pd0n31e,02qoxl7k,kn9372d0,12
j1nz9l1p,7j4739dj,4pd0n31e,wk6pexd1,None,67
j1nz9l1p,7j4739dj,w6j7one6,n2yejlek,None,1
j1nz9l1p,7j4739dj,ldemjl13,ndx8xljk,None,247
j1nz9l1p,dx3p0le8,4pd0n31e,n2yq98ko,None,62
j1nz9l1p,dx3p0le8,kdkz2edm,w20p8gzk,rw6qo1rd,9
j1nz9l1p,dx3p0le8,om1mw4d2,jzd33ndn,None,35
j1nz9l1p,dx3p0le8,ldegnl13,5dwjwznk,None,27
j1nz9l1p,dx3p0le8,j1nz9l1p,q25oowgk,None,27
j1nz9l1p,dx3p0le8,9dow271p,7kjzwzd3,None,11
j1nz9l1p,dx3p0le8,9d3ro49d,jdrxe15d,None,6
j1nz9l1p,dx3p0le8,y65420de,xd13zwk8,None,25
j1nz9l1p,dx3p0le8,kdkz2edm,w20p8gzk,69zp27lw,5
j1nz9l1p,dx3p0le8,kdkz2edm,7dg5vl24,None,15
j1nz9l1p,dx3p0le8,kdkz2edm,w20p8gzk,owo768o9,4
j1nz9l1p,dx3p0le8,9d3ro49d,jdrxe15d,None,4
j1nz9l1p,dx3p0le8,lde3eme6,ndx940vd,None,47
j1nz9l1p,dx3p0le8,3697n81l,w20mj8kn,None,4
j1nz9l1p,dx3p0le8,yo1yyr1q,mkeoe9d6,None,197
j1nz9l1p,dx3p0le8,om1mw4d2,l9kv40kg,None,153
j1nz9l1p,dx3p0le8,3697n81l,jdz8g96d,None,3
j1nz9l1p,dx3p0le8,3697n81l,jdz8g96d,None,4
j1nz9l1p,dx3p0le8,3697n81l,9d8vrllk,None,5
j1nz9l1p,dx3p0le8,kyd4pxde,xd1m7rd8,None,53
j1nz9l1p,dx3p0le8,j1nz9l1p,02qm3nzd,None,14
j1nz9l1p,dx3p0le8,om1mw4d2,prkl4wdn,None,37
j1nz9l1p,dx3p0le8,nd22xvd0,w20pq58k,None,1031
j1nz9l1p,dx3p0le8,kyd4pxde,8247nn25,None,28
j1nz9l1p,x354047j,om1mw4d2,l9kv40kg,None,88
j1nz9l1p,x354047j,om1mw4d2,jzd33ndn,None,194
j1nz9l1p,x354047j,j1nz9l1p,q25oowgk,None,28
j1nz9l1p,x354047j,yd4km2k6,02q93w7k,None,30
j1nz9l1p,xyrr1lzj,j1lqp0e6,rkln7w62,None,1
j1nz9l1p,xyrr1lzj,j1lqp0e6,rkln7w62,None,1
j1nz9l1p,xyrr1lzj,j1lqp0e6,vdopq162,None,1
j1nz9l1p,xyrr1lzj,yd4y8kde,02q8wzj2,ldypo5zd,1
j1nz9l1p,xyrr1lzj,pdvz4v6w,9kvmv3kg,None,263
j1nz9l1p,xyrr1lzj,yd4y8kde,02q8wzj2,z988xzl9,2
j1nz9l1p,xyrr1lzj,yd4y8kde,824me4m2,z988xzl9,2
j1nz9l1p,xyrr1lzj,om1mw4d2,vdooo1vd,xd0gp2jw,31
j1nz9l1p,xyrr1lzj,m1mx7nx6,824rmqnd,None,13
j1nz9l1p,xyrr1lzj,j1nz9l1p,jdz66mr2,nwl6gn0w,3
j1nz9l1p,xyrr1lzj,yd4y8kde,02q8wzj2,rdnpylv9,2
j1nz9l1p,jmo7e4y8,369pj21l,wdmwye2q,None,30
j1nz9l1p,jmo7e4y8,j1llwz1g,9kvnmy3d,z98oxlpd,1
j1nz9l1p,jmo7e4y8,j1llwz1g,9kvnmy3d,xd0e8ox9,1
j1nz9l1p,jmo7e4y8,j1llwz1g,9kvnmy3d,n93xr3z9,1
j1nz9l1p,jmo7e4y8,j1llwz1g,9kvnmy3d,ldyro0k9,1
j1nz9l1p,jmo7e4y8,j1llwz1g,9kvnmy3d,ldyrm1z9,1
j1nz9l1p,jmo7e4y8,j1llwz1g,9kvnmy3d,29v8qp3d,1
j1nz9l1p,jmo7e4y8,j1llwz1g,9kvnmy3d,ldyro0r9,1
j1nz9l1p,jmo7e4y8,j1llwz1g,9kvnmy3d,y9mmnz59,1
j1nz9l1p,jmo7e4y8,j1llwz1g,9kvnmy3d,xd45l82w,1
j1nz9l1p,jmo7e4y8,j1llwz1g,9d86ql2n,None,6
j1nz9l1p,jmo7e4y8,4d795gn1,rkll6l6k,None,1
j1nz9l1p,jmo7e4y8,j1llwz1g,9kvnmy3d,5wkm3l2d,1
j1nz9l1p,jmo7e4y8,j1llwz1g,9kvnmy3d,rdnmyg79,1
j1nz9l1p,jmo7e4y8,j1llwz1g,9kvnmy3d,ewp2l5k9,1
j1nz9l1p,jmo7e4y8,j1llwz1g,9kvnmy3d,rw67zyr9,1
j1nz9l1p,jmo7e4y8,j1llwz1g,9kvnmy3d,n93xr3n9,1
j1nz9l1p,jmo7e4y8,3698my8d,5dwqmzld,None,57
j1nz9l1p,jmo7e4y8,j1llwz1g,9kvnmy3d,rdnmyg79,1
j1nz9l1p,jmo7e4y8,k6q488md,wk6v8rxd,None,6
j1nz9l1p,jmo7e4y8,k6q488md,7kj16lxk,None,2
j1nz9l1p,jmo7e4y8,pdvz4v6w,xd15evz2,69zlk34d,2
j1nz9l1p,jmo7e4y8,pdvz4v6w,xd15evz2,r9gmv229,2
j1nz9l1p,jmo7e4y8,pdvz4v6w,xd15evz2,n93x6gr9,2
j1nz9l1p,jmo7e4y8,pdvz4v6w,9kvnm93d,xd0ez7j9,3
j1nz9l1p,jmo7e4y8,pdvz4v6w,zd3q6xrk,29v8ojqd,1
j1nz9l1p,jmo7e4y8,j1llwz1g,9kvnmy3d,xd0e8ox9,1
j1nz9l1p,jmo7e4y8,w6jlzgxd,mkeq6m8k,None,11
j1nz9l1p,jmo7e4y8,4d795gn1,rkll6l6k,None,1
j1nz9l1p,jmo7e4y8,4d795gn1,rkll6l6k,None,1
j1nz9l1p,jmo7e4y8,4d795gn1,rkll6l6k,None,1
j1nz9l1p,jmo7e4y8,4d795gn1,rkll6l6k,None,2
j1nz9l1p,jmo7e4y8,pd0w3vv1,wkp1vljk,None,332
j1nz9l1p,jmo7e4y8,9doxp7dp,9d8eo7dn,None,12
j1nz9l1p,jmo7e4y8,4d795gn1,rkll6l6k,None,1
j1nz9l1p,jmo7e4y8,pdv2vl46,7kjlr332,None,3
j1nz9l1p,jmo7e4y8,j1llwz1g,9kvnmy3d,rdnmygq9,2
j1nz9l1p,jmo7e4y8,4d795gn1,rkll6l6k,None,2
j1nz9l1p,jmo7e4y8,4d795gn1,rkll6l6k,None,1
j1nz9l1p,jmo7e4y8,4d795gn1,rkll6l6k,None,1
j1nz9l1p,jmo7e4y8,4d795gn1,rkll6l6k,None,2
j1nz9l1p,jmo7e4y8,j1llwz1g,9kvnmy3d,5926ypod,1
j1nz9l1p,jmo7e4y8,4d795gn1,rkll6l6k,None,2
j1nz9l1p,jmo7e4y8,4d795gn1,rkll6l6k,None,1
j1nz9l1p,jmo7e4y8,j1llwz1g,9kvnmy3d,z98oxlpd,1
j1nz9l1p,jmo7e4y8,j1llwz1g,xd1eyw28,None,4
j1nz9l1p,jmo7e4y8,j1nz9l1p,q25oowgk,None,35
j1nz9l1p,jmo7e4y8,o1y9j9v6,7kjpl1gk,None,3267
j1nz9l1p,jmo7e4y8,pd0wol1e,ndxmxo2q,None,16
j1nz9l1p,jmo7e4y8,4pd0n31e,wk6pexd1,None,121
j1nz9l1p,jmo7e4y8,pdvz4v6w,9kvmv3kg,None,55
j1nz9l1p,jmo7e4y8,lde3eme6,ndx940vd,None,53
j1nz9l1p,jmo7e4y8,4pd0n31e,7wkp6v2r,None,389
j1nz9l1p,jmo7e4y8,j1llwz1g,9kvnmy3d,gdr0z7ld,1
j1nz9l1p,jmo7e4y8,om1mw4d2,l9kv40kg,None,13
j1nz9l1p,jmo7e4y8,om1mw4d2,l9kv40kg,None,134
j1nz9l1p,jmo7e4y8,om1mw4d2,jzd33ndn,None,75
j1nz9l1p,jmo7e4y8,om1mw4d2,vdooo1vd,xd4jpy8d,13
j1nz9l1p,jmo7e4y8,yd4km2k6,02q93w7k,None,35
j1nz9l1p,jmo7e4y8,m1zjgy36,xk9pym4d,5d7q26qw,7
j1nz9l1p,jmo7e4y8,m1zjgy36,xk9pym4d,nwl42ko9,12
j1nz9l1p,jmo7e4y8,m1zjgy36,xk9pym4d,kwj4vo0w,8
j1nz9l1p,jmo7e4y8,m1zjgy36,xk9pym4d,owo43gj9,8
j1nz9l1p,jmo7e4y8,om1mw4d2,vdooo1vd,z986pgrd,2
j1nz9l1p,jmo7e4y8,o6glvqod,wk6v7xed,None,9
j1nz9l1p,jmo7e4y8,o6glvqod,zd3w68vk,None,4
j1nz9l1p,jmo7e4y8,o6gxkxd2,wk61z4od,None,18
j1nz9l1p,jmo7e4y8,o1y908r6,w20vmrok,None,4
j1nz9l1p,jmo7e4y8,4pd0n31e,n2yq98ko,None,246
j1nz9l1p,jmo7e4y8,o6gxkxd2,9kvpqrjk,None,3
j1nz9l1p,jmo7e4y8,4pd0n31e,02qoxl7k,x5d73q9y,18
j1nz9l1p,jmo7e4y8,o6gxkxd2,mkejn582,69z4gvxw,5
j1nz9l1p,jmo7e4y8,o6glvqod,mke9qq8d,None,6
j1nz9l1p,jmo7e4y8,o6glvqod,wk6v7xed,None,73
j1nz9l1p,jmo7e4y8,m1mlp362,rklg9qwd,5wk2nq5w,1
j1nz9l1p,jmo7e4y8,m1mlp362,rklg9qwd,r9gzj7qd,4
j1nz9l1p,jmo7e4y8,m1mlp362,xd1m13zd,None,1
j1nz9l1p,jmo7e4y8,m1mlp362,rklg9qwd,5d77e25d,3
j1nz9l1p,jmo7e4y8,m1mlp362,rklg9qwd,y9mer2ld,1
j1nz9l1p,jmo7e4y8,76rxz468,9kvrjw82,None,25
j1nz9l1p,jmo7e4y8,76rxz468,vdopqo92,None,13
j1nz9l1p,jmo7e4y8,76rxz468,wkpv6pwk,None,120
j1nz9l1p,jmo7e4y8,o6gxkxd2,xd13qn7k,None,16
j1nz9l1p,jmo7e4y8,o6gxkxd2,xd131l8k,None,6
j1nz9l1p,jmo7e4y8,o6gxkxd2,xd13qn7k,None,7
j1nz9l1p,jmo7e4y8,v1pooq46,jdrxl3nd,None,25
j1nz9l1p,jmo7e4y8,o6gxkxd2,xd13qn7k,None,9
j1nz9l1p,jo26vqn8,om1mw4d2,jzd33ndn,None,181
j1nz9l1p,jo26vqn8,j1nz9l1p,q25oowgk,None,40
j1nz9l1p,8gmely78,v1pxk8p6,n2yx441d,xd1n8oqw,5
j1nz9l1p,8gmely78,v1pxk8p6,n2yx441d,r9gp1059,2
j1nz9l1p,8gmely78,v1pxk8p6,n2yx441d,o9xj350d,1
j1nz9l1p,8gmely78,m1mx7nx6,wkpo8182,None,1
j1nz9l1p,8gmely78,j1nz9l1p,q25oowgk,None,8
j1nz9l1p,8gmely78,lde3eme6,zd3x78vd,ywem767d,2
j1nz9l1p,8gmely78,y65gk8de,7dgnm9x2,None,111
j1nz9l1p,8gmely78,m1mx7nx6,wkpo8182,None,4
j1nz9l1p,qj2pq368,ok6q991g,9d8x7el2,None,2
j1nz9l1p,qj2pq368,ok6q991g,824x05nd,495j0rjw,1
j1nz9l1p,qj2pq368,ok6q991g,824x05nd,rdq0v31w,1
j1nz9l1p,qj2pq368,ok6q991g,824x05nd,29vyvln9,1
j1nz9l1p,qj2pq368,y6540v3d,z27or84d,None,4
j1nz9l1p,qj2pq368,y65gk8de,7dgnm9x2,None,5
j1nz9l1p,qj2pq368,4pd0n31e,7wkp6v2r,None,82
j1nz9l1p,qj2pq368,m1mx7nx6,vdoore1d,None,3
j1nz9l1p,qj2pq368,om1mw4d2,jzd33ndn,None,71
j1nz9l1p,qj2pq368,j1nz9l1p,q25oowgk,None,4
j1nz9l1p,qj2pq368,4pd0n31e,n2yq98ko,None,64
j1nz9l1p,qj2pq368,om1mw4d2,l9kv40kg,None,9
j1nz9l1p,qj2pq368,om1mw4d2,l9kv40kg,None,132
j1nz9l1p,qjnw6g4j,268ezok6,jdz71v6k,None,1
j1nz9l1p,qjnw6g4j,76r43l18,vdoor39d,None,23
j1nz9l1p,qjnw6g4j,om1mw4d2,prkl4wdn,None,15
j1nz9l1p,qjnw6g4j,om1mw4d2,l9kv40kg,None,126
j1nz9l1p,qjnw6g4j,268ezok6,5dw884ed,5wknjk5w,2
j1nz9l1p,qjnw6g4j,268ezok6,5dw884ed,xd16p6z9,3
j1nz9l1p,qjnw6g4j,268ezok6,5dw884ed,xd4y022d,2
j1nz9l1p,qjnw6g4j,268ezok6,5dw884ed,n938g52w,2
j1nz9l1p,qjnw6g4j,268ezok6,5dw884ed,xd02kqx9,3
j1nz9l1p,qjnw6g4j,268ezok6,5dw884ed,xd12g36w,1
j1nz9l1p,qjnw6g4j,268ezok6,5dw884ed,n93nq4nw,3
j1nz9l1p,qjnw6g4j,268ezok6,5dw884ed,ldygm5zd,2
j1nz9l1p,qjnw6g4j,268ezok6,5dw884ed,ywemx8ld,1
j1nz9l1p,qjnw6g4j,268ezok6,5dw884ed,gdrx58zd,2
j1nz9l1p,qjnw6g4j,268ezok6,5dw884ed,5d7zq3qw,3
j1nz9l1p,qjnw6g4j,268ezok6,5dw884ed,z98njr79,2
j1nz9l1p,qjnw6g4j,268ezok6,5dw884ed,xd16j1y9,3
j1nz9l1p,qjnw6g4j,268ezok6,5dw884ed,495ylx0w,2
j1nz9l1p,qjnw6g4j,j1nz9l1p,q25oowgk,None,45
j1nz9l1p,o8617pjz,4pd0n31e,lvdowokp,None,1
j1nz9l1p,o8617pjz,om1mw4d2,jzd33ndn,None,4
j1nz9l1p,o8617pjz,lde3eme6,ndx940vd,None,3
j1nz9l1p,o8617pjz,om1mw4d2,jzd33ndn,None,1
j1nz9l1p,o8617pjz,4pd0n31e,xw20jzkn,8xd43q9m,1
j1nz9l1p,o8617pjz,4pd0n31e,7wkp6v2r,None,4
j1nz9l1p,o8617pjz,yd4km2k6,02q93w7k,None,2
j1nz9l1p,o8617pjz,kyd45w6e,xk90pyk0,None,1
j1nz9l1p,o8617pjz,ok6q991g,9d8x7el2,None,21
j1nz9l1p,o8617pjz,j1nz9l1p,q25oowgk,None,22
j1nz9l1p,o8617pjz,om1mw4d2,vdooo1vd,xd4jpy8d,3
j1nz9l1p,o8617pjz,om1mw4d2,vdooo1vd,n937knrd,3
j1nz9l1p,o8617pjz,om1mw4d2,vdooo1vd,z986pz1d,5
j1nz9l1p,o8617pjz,om1mw4d2,vdooo1vd,ldyyq57d,11
j1nz9l1p,o8617pjz,om1mw4d2,vdooo1vd,z986pgrd,2
j1nz9l1p,o8617pjz,om1mw4d2,xd1v634d,29v50ond,3
j1nz9l1p,o8617pjz,om1mw4d2,xd1v634d,xd4reqp9,5
j1nz9l1p,o8617pjz,om1mw4d2,xd1v634d,xd03nz1d,9
j1nz9l1p,o8617pjz,om1mw4d2,xd1v634d,rw6egj7d,4
j1nz9l1p,o8617pjz,om1mw4d2,xd1v634d,n93yl6ed,2
j1nz9l1p,o8617pjz,om1mw4d2,l9kv40kg,None,8
j1nz9l1p,o8617pjz,lde3eme6,n2yomp1d,None,2
j1nz9l1p,o8617pjz,k6q7pzdg,wdm8r1o2,None,3
j1nz9l1p,o8617pjz,k6q7pzdg,wk61j4pd,None,2
j1nz9l1p,o8617pjz,k6q7pzdg,w20yn45k,None,3
j1nz9l1p,o8617pjz,k6q7pzdg,vdo3yvvd,None,2
j1nz9l1p,o8617pjz,lde3eme6,9kvoq5e2,None,5
j1nz9l1p,o8617pjz,j1nz9l1p,q25oowgk,None,3
j1nz9l1p,o8617pjz,m1mx7nx6,vdoore1d,None,2
j1nz9l1p,o8617pjz,om1mw4d2,l9kv40kg,None,4
j1nz9l1p,o8617pjz,m1mx7nx6,vdoore1d,None,1
j1nz9l1p,o8617pjz,m1mx7nx6,q25m0wwd,None,1
j1nz9l1p,o8617pjz,om1mw4d2,mkeqpjjk,n937ky2d,1
j1nz9l1p,o8617pjz,v1p4rp18,w20140ok,None,7
j1nz9l1p,o8617pjz,j1nz9l1p,02qm3nzd,None,13
j1nz9l1p,7j444glj,lde3eme6,zd35ezrk,None,4
j1nz9l1p,7j444glj,j1nz9l1p,jdz66mr2,owok7lod,1
j1nz9l1p,7j444glj,j1nz9l1p,q25oowgk,None,13
j1nz9l1p,7j444glj,lde3eme6,ndx940vd,None,25
j1nz9l1p,7j444glj,j1nz9l1p,02qm3nzd,None,2
j1nz9l1p,7j444glj,j1nz9l1p,jdz66mr2,ldye1jkw,2
j1nz9l1p,7j444glj,j1nz9l1p,jdz66mr2,rdq0zgkw,1
j1nz9l1p,7j444glj,om1mw4d2,l9kv40kg,None,34
j1nz9l1p,7j444glj,j1nz9l1p,jdz66mr2,5d77ylgd,1
j1nz9l1p,7j444glj,j1nz9l1p,jdz66mr2,69zrpxld,2
j1nz9l1p,7j444glj,om1mw4d2,jzd33ndn,None,38
j1nz9l1p,7j444glj,j1nz9l1p,jdz66mr2,gdrjpg6w,2
j1nz9l1p,7j444glj,om1mw4d2,prkl4wdn,None,8
j1nz9l1p,7j444glj,om1mw4d2,vdooo1vd,xd4jpy8d,8
j1nz9l1p,7j444glj,j1nz9l1p,jdz66mr2,r9gzyr5d,2
j1nz9l1p,7j444glj,j1nz9l1p,jdz66mr2,z98jre7w,7
j1nz9l1p,7j444glj,j1nz9l1p,jdz66mr2,z98jregw,3
j1nz9l1p,7j444glj,j1nz9l1p,jdz66mr2,ywe42nyd,3
j1nz9l1p,7j444glj,pdvgo9dw,ndxjjwo2,y9mlelw5,27
j1nz9l1p,7j444glj,j1l7g7dg,rkln1r2n,None,2
j1nz9l1p,7j444glj,j1nz9l1p,jdz66mr2,rdn5orqd,2
j1nz9l1p,7j444glj,m1mx7nx6,zdn458xk,None,3
j1nz9l1p,7j444glj,m1mx7nx6,xk9vzvxd,None,1
j1nz9l1p,7j444glj,lde3eme6,xd1v7l4d,o9x3vpp9,2
j1nz9l1p,7j444glj,lde3eme6,xd1v7l4d,owoqvokd,2
j1nz9l1p,7j444glj,lde3eme6,xd1v7l4d,69znvkg9,2
j1nz9l1p,7j444glj,lde3eme6,xd1v7l4d,kwj1mx7w,2
j1nz9l1p,7j444glj,lde3eme6,xd1v7l4d,5d7z0n6w,2
j1nz9l1p,7j444glj,lde3eme6,xd1v7l4d,495l073d,2
j1nz9l1p,7j444glj,lde3eme6,xd1v7l4d,r9g1ovp9,2
j1nz9l1p,7j444glj,lde3eme6,xd1v7l4d,rdq5vx2d,2
j1nz9l1p,7j444glj,lde3eme6,xd1v7l4d,ywem767d,2
j1nz9l1p,7j444glj,lde3eme6,9d83gx32,o9x3vpp9,4
j1nz9l1p,7j444glj,lde3eme6,9d83gx32,rdq5vx2d,3
j1nz9l1p,7j444glj,lde3eme6,9d83gx32,ywem767d,5
j1nz9l1p,7j444glj,lde3eme6,9d83gx32,r9g1ovp9,2
j1nz9l1p,7j444glj,lde3eme6,9d83gx32,69znvkg9,3
j1nz9l1p,7j444glj,lde3eme6,9d83gx32,5d7z0n6w,3
j1nz9l1p,7j444glj,lde3eme6,9d83gx32,495l073d,5
j1nz9l1p,7j444glj,lde3eme6,9d83gx32,owoqvokd,2
j1nz9l1p,7j444glj,lde3eme6,9d83gx32,kwj1mx7w,4
j1nz9l1p,7j444glj,om1mw4d2,vdooo1vd,rw642l69,9
j1nz9l1p,7j444glj,om1mw4d2,vdooo1vd,n937ky2d,9
j1nz9l1p,7j444glj,om1mw4d2,vdooo1vd,z986pz1d,9
j1nz9l1p,7j444glj,om1mw4d2,vdooo1vd,rdn03l6w,9
j1nz9l1p,7j444glj,om1mw4d2,vdooo1vd,xd0gp2jw,14
j1nz9l1p,7j444glj,lde3eme6,n2yomp1d,None,4
j1nz9l1p,7j444glj,om1mw4d2,vdooo1vd,ldyyq57d,17
j1nz9l1p,7j444glj,lde3eme6,n2yomp1d,None,6
j1nz9l1p,7j444glj,om1mw4d2,vdooo1vd,n937knrd,11
j1nz9l1p,814lg658,j1nz9l1p,jdz66mr2,z98jre7w,8
j1nz9l1p,814lg658,j1nz9l1p,jdz66mr2,n930q879,5
j1nz9l1p,814lg658,j1nz9l1p,jdz66mr2,ldye1jjw,5
j1nz9l1p,814lg658,j1nz9l1p,jdz66mr2,rdn5ornd,2
j1nz9l1p,814lg658,4pd0n31e,wk6pexd1,None,749
j1nz9l1p,814lg658,pd0py36e,vdo3oqyd,None,901
j1nz9l1p,814lg658,46w34n71,n2yon3md,None,12
j1nz9l1p,814lg658,46w34n71,wdm9814k,592elko9,19
j1nz9l1p,zxz9r48q,om1mw4d2,jzd33ndn,None,92
j1nz9l1p,zxz9r48q,4pd0n31e,n2yq98ko,None,72
j1nz9l1p,zxz9r48q,vo6g8512,q25o9mjk,None,13
j1nz9l1p,zxz9r48q,9dowy4o1,7dg45zxd,None,2
j1nz9l1p,zxz9r48q,9dowy4o1,7dg45zxd,None,1
j1nz9l1p,zxz9r48q,9dowy4o1,mkeq4q8k,None,2
j1nz9l1p,zxz9r48q,pdvekv6w,jdrpz8n2,None,2
j1nz9l1p,zxz9r48q,m1mrz462,zd37yjr2,None,4
j1nz9l1p,zxz9r48q,m1mrz462,7kjzmozd,None,2
j1nz9l1p,zxz9r48q,ldegnl13,zd3091yd,None,12
j1nz9l1p,zxz9r48q,ldek7ed3,n2yq4e8k,None,4
j1nz9l1p,zxz9r48q,ldek7ed3,wk6jjyod,ewppz2kw,2
j1nz9l1p,zxz9r48q,46wnzn6r,wk6jqopd,None,4
j1nz9l1p,zxz9r48q,ldek7ed3,n2yq4e8k,None,4
j1nz9l1p,zxz9r48q,ldek7ed3,n2yq4e8k,None,4
j1nz9l1p,zxz9r48q,m1z3kxd0,wk6w8e21,None,13
j1nz9l1p,zxz9r48q,j1l9w71g,7dg8p142,None,6
j1nz9l1p,zxz9r48q,m1z3kxd0,7dg53wp2,None,54
j1nz9l1p,zxz9r48q,j1nz9l1p,02qm3nzd,None,12
j1nz9l1p,zxz9r48q,v1pkp8d8,vdoo3n9d,None,11
j1nz9l1p,zxz9r48q,n268nk6p,7dg8xp24,None,122
j1nz9l1p,zxz9r48q,xv1pq4d8,7dgn5xl2,None,1
j1nz9l1p,zxz9r48q,j1ljpzdg,7kj3v4g2,None,12
j1nz9l1p,zxz9r48q,kdk4e21m,wkpyw5vk,rw6vx569,3
j1nz9l1p,zxz9r48q,kdk4e21m,wkpyw5vk,rw6vx569,6
j1nz9l1p,zxz9r48q,j1nenx1p,n2y53mko,None,33
j1nz9l1p,zxz9r48q,k6qw7o6g,mke9w8d6,None,2
j1nz9l1p,zxz9r48q,nd2zoed0,xk90j7gk,None,2
j1nz9l1p,zxz9r48q,k6qw7o6g,wkp1ggkr,None,5
j1nz9l1p,zxz9r48q,ok6q991g,9d8x7el2,None,100
j1nz9l1p,zxz9r48q,ok6q991g,l824pw25,None,6
j1nz9l1p,zxz9r48q,nd2r5v60,zd30q3vd,None,16
j1nz9l1p,zxz9r48q,nd2r5v60,wdm3x3kq,xd413rdm,28
j1nz9l1p,zxz9r48q,nd2r5v60,wdm3x3kq,xd0174wq,23
j1nz9l1p,zxz9r48q,nd2r5v60,wdm3x3kq,n931gzd0,10
j1nz9l1p,zxz9r48q,nd2r5v60,wdm3x3kq,z9838pdl,8
j1nz9l1p,zxz9r48q,nd2r5v60,wdm3x3kq,rw61ng97,13
j1nz9l1p,zxz9r48q,ok6q001g,5dwj9lkg,None,31
j1nz9l1p,zxz9r48q,nj1n3xdp,rklx5nkn,None,27
j1nz9l1p,zxz9r48q,j1ljpzdg,n2yoqxed,None,7
j1nz9l1p,zxz9r48q,j1ljpzdg,7kj3v4g2,None,18
j1nz9l1p,zxz9r48q,j1ljpzdg,7kj3v4g2,None,13
j1nz9l1p,zxz9r48q,4pd0n31e,xwdmg4dq,ykwje09g,14
j1nz9l1p,zxz9r48q,j1ljpzdg,7kj3v4g2,None,14
j1nz9l1p,zxz9r48q,4pd0n31e,lvdowokp,None,162
j1nz9l1p,zxz9r48q,v1p4rp18,n2yjeq72,None,8
j1nz9l1p,zxz9r48q,4pd0n31e,wk6pexd1,None,202
j1nz9l1p,zxz9r48q,4pd0n31e,7wkp6v2r,None,130
j1nz9l1p,zxz9r48q,4pd0n31e,xwdmg4dq,lewpqy9n,43
j1nz9l1p,zxz9r48q,w6j4076j,q25ojv8k,None,1
j1nz9l1p,zxz9r48q,m1zkpm10,zd3wq8kn,None,43
j1nz9l1p,zxz9r48q,vo6g8512,lvdojo2p,None,3
j1nz9l1p,zxz9r48q,yo1yyr1q,mkeoe9d6,None,213
j1nz9l1p,zxz9r48q,9dowr31p,9kvoznj2,None,4
j1nz9l1p,zxz9r48q,9dowr31p,wkpqo0dr,None,5
j1nz9l1p,zxz9r48q,9dowr31p,xk9ggj6d,None,27
j1nz9l1p,zxz9r48q,vo6g8512,7wkp7vkr,None,5
j1nz9l1p,zxz9r48q,pdvr5k1w,5dwmmnkg,None,16
j1nz9l1p,zxz9r48q,pdvr5k1w,xk9oo6k0,592lm6d6,7
j1nz9l1p,zxz9r48q,pdvr5k1w,xk9oo6k0,xd1rpy9o,9
j1nz9l1p,zxz9r48q,pdvr5k1w,xk9oo6k0,rdqrygwx,7
j1nz9l1p,zxz9r48q,pdvr5k1w,xk9oo6k0,5d75pewy,10
j1nz9l1p,zxz9r48q,pdvr5k1w,xk9oo6k0,owon83d6,8
j1nz9l1p,zxz9r48q,pdvr5k1w,xk9oo6k0,r9g562d2,4
j1nz9l1p,zxz9r48q,pdvr5k1w,xk9oo6k0,y9m300w5,7
j1nz9l1p,zxz9r48q,om1mw4d2,xd1v634d,kwjv8o0w,18
j1nz9l1p,zxz9r48q,om1mw4d2,l9kv40kg,None,13
j1nz9l1p,zxz9r48q,vo6g8512,37dgq424,None,7
j1nz9l1p,zxz9r48q,o6gn7o12,jdreqnk6,None,115
j1nz9l1p,zxz9r48q,46wgq7dr,xd1mowrd,None,5
j1nz9l1p,zxz9r48q,46wgq7dr,zd3y45y2,None,5
j1nz9l1p,zxz9r48q,76rjrq18,9kv3n02g,None,16
j1nz9l1p,zxz9r48q,m1zjpm60,xk9g5yd0,None,63
j1nz9l1p,zxz9r48q,m1zjpm60,7kjp9xk3,None,65
j1nz9l1p,zxz9r48q,76rjrq18,9kv3n02g,None,2
j1nz9l1p,zxz9r48q,v1pxxz68,9kvy6jkg,None,100
j1nz9l1p,zxz9r48q,v1pxxz68,zdn1zekq,None,30
j1nz9l1p,zxz9r48q,k6qw7o6g,7dgn1724,None,3
j1nz9l1p,zxz9r48q,kyd45w6e,xk90pyk0,None,37
j1nz9l1p,zxz9r48q,v1pxxz68,xd1747d8,None,23
j1nz9l1p,zxz9r48q,om1mw4d2,l9kv40kg,None,273
j1nz9l1p,zxz9r48q,v1pxxz68,9d8ge6kn,None,68
j1nz9l1p,zxz9r48q,om1mw4d2,prkl4wdn,None,53
j1nz9l1p,zx7q2108,om1mw4d2,l9kv40kg,None,2
j1nz9l1p,zx7q2108,om1mw4d2,xd1v634d,kwjv8o0w,3
j1nz9l1p,zx7q2108,9do3z7dp,xk90mrgk,None,5
j1nz9l1p,zx7q2108,j1lpzzdg,xd1r14rk,None,18
j1nz9l1p,zx7q2108,9do3z7dp,9d8pjn3k,None,3
j1nz9l1p,zx7q2108,j1nz9l1p,02qm3nzd,None,7
j1nz9l1p,814w59q8,v1pxk8p6,n2yx441d,29vq541d,11
j1nz9l1p,814w59q8,om1mw4d2,jzd33ndn,None,5
j1nz9l1p,814w59q8,j1nz9l1p,q25oowgk,None,16
j1nz9l1p,814w59q8,lde3eme6,ndx940vd,None,44
j1nz9l1p,kjp95oy8,kdkz2edm,ndxj1xo2,None,3
j1nz9l1p,kjp95oy8,kdkz2edm,w20p8gzk,69zp27lw,4
j1nz9l1p,kjp95oy8,kdkz2edm,w20p8gzk,n93q41nw,4
j1nz9l1p,kjp95oy8,kdkz2edm,w20p8gzk,rdqz7ykd,7
j1nz9l1p,kjp95oy8,kdkz2edm,w20p8gzk,29vm7639,6
j1nz9l1p,kjp95oy8,kdkz2edm,7dg5vl24,None,10
j1nz9l1p,kjp95oy8,kdkz2edm,w20p8gzk,o9x1760d,9
j1nz9l1p,kjp95oy8,kdkz2edm,wkpvyn8k,None,5
j1nz9l1p,kjp95oy8,kdkz2edm,w20p8gzk,xd402129,9
j1nz9l1p,kjp95oy8,y65420de,wk6pmoqd,5d7y4jgd,6
j1nz9l1p,kjp95oy8,y65420de,02qp8ljd,None,4
j1nz9l1p,kjp95oy8,y65420de,wk6pmoqd,rdqz7mkd,6
j1nz9l1p,kjp95oy8,om1mw4d2,jzd33ndn,None,97
j1nz9l1p,kjp95oy8,kdkz2edm,w20p8gzk,y9m5x65d,11
j1nz9l1p,kjp95oy8,kdkz2edm,w20p8gzk,ywe250yw,11
j1nz9l1p,kjp95oy8,y65420de,wk6pmoqd,4951l3wp,8
j1nz9l1p,kjp95oy8,y65420de,wk6pmoqd,xd1j2zed,6
j1nz9l1p,kjp95oy8,y65420de,wk6pmoqd,ldyz8rw3,9
j1nz9l1p,kjp95oy8,y65420de,wk6pmoqd,owop3k96,6
j1nz9l1p,kjp95oy8,kdkz2edm,w20p8gzk,xd0kq1x9,8
j1nz9l1p,kjp95oy8,kdkz2edm,w20p8gzk,495k5p09,5
j1nz9l1p,kjp95oy8,j1nz9l1p,q25oowgk,None,33
j1nz9l1p,kjp95oy8,y65420de,wk6pmoqd,5wkk6o2w,13
j1nz9l1p,kjp95oy8,y65420de,wk6pmoqd,kwj7zknw,7
j1nz9l1p,kjp95oy8,y65420de,wk6pmoqd,y9m5x35d,4
j1nz9l1p,kjp95oy8,o6gl7qod,jdrlrogd,kwj3przd,2
j1nz9l1p,kjp95oy8,o6gl7qod,jdrlrogd,29vj2pn9,1
j1nz9l1p,kjp95oy8,o6gl7qod,jdrlrogd,y9my8z19,1
j1nz9l1p,kjp95oy8,kdkzrx2d,wk6vp4od,r9gryxpw,1
j1nz9l1p,kjp95oy8,kdkzrx2d,wk6vp4od,gdrgp2lw,3
j1nz9l1p,kjp95oy8,kdkzrx2d,wk6vp4od,ldyj12rd,3
j1nz9l1p,kjp95oy8,kdkzrx2d,wk6vp4od,69zxpzgd,1
j1nz9l1p,kjp95oy8,kdkzrx2d,wk6vp4od,ewpe7ej9,1
j1nz9l1p,kjp95oy8,kdkz2edm,w20p8gzk,5d7y4pgd,5
j1nz9l1p,kjp95oy8,kdkz2edm,w20p8gzk,xd1j2ped,9
j1nz9l1p,kjp95oy8,kdkz2edm,w20p8gzk,kwj7z0nw,9
j1nz9l1p,kjp95oy8,4pd0n31e,wk6pexd1,None,240
j1nz9l1p,kjp95oy8,kyd45w6e,xk90pyk0,None,13
j1nz9l1p,kjp95oy8,kdkz2edm,rklxj66k,None,10
j1nz9l1p,v8l0r6r8,om1mw4d2,7dgy3ypd,kwjv8o0w,5
j1nz9l1p,v8l0r6r8,om1mw4d2,jzd33ndn,None,10
j1nz9l1p,v8l0r6r8,4pd0n31e,7wkp6v2r,None,181
j1nz9l1p,v8l0r6r8,4pd0n31e,lvdowokp,None,69
j1nz9l1p,v8l0r6r8,v1p4rp18,w20180jk,None,2
j1nz9l1p,v8l0r6r8,9do3z7dp,9d8pjn3k,None,4
j1nz9l1p,v8l0r6r8,2684q9dp,02qjn39d,None,3
j1nz9l1p,v8l0r6r8,om1mw4d2,l9kv40kg,None,65
j1nz9l1p,v8l0r6r8,j1nz9l1p,02qm3nzd,None,8
j1nz9l1p,v8l0r6r8,4pd0n31e,n2yq98ko,None,152
j1nz9l1p,v8l0r6r8,v1p4rp18,7dg5x8g2,None,5
j1nz9l1p,v8l0r6r8,v1p4rp18,mkejvoj2,None,4
j1nz9l1p,v8l0r6r8,om1mw4d2,l9kv40kg,None,8
j1nz9l1p,v8l0r6r8,om1mw4d2,xd1v634d,kwjv8o0w,11
j1nz9l1p,v8l0r6r8,kdkg4x1m,jdrp9v02,None,4
j1nz9l1p,v8l0r6r8,om1mw4d2,prkl4wdn,None,41
j1nz9l1p,v8l0r6r8,4pd0n31e,xw20jzkn,ldy1jord,7
j1nz9l1p,v8l0r6r8,om1mw4d2,jzd33ndn,None,184
j1nz9l1p,v8l0r6r8,4pd0n31e,wk6pexd1,None,513
j1nz9l1p,v8l0r6r8,o1ypx21q,jdz5vz6d,None,139
j1nz9l1p,v8l0r6r8,om1mw4d2,l9kv40kg,None,304
j1nz9l1p,v8l0r6r8,4pd0n31e,xwdmg4dq,lewpqy9n,46
j1nz9l1p,v8l0r6r8,om1mw4d2,l9kv40kg,None,397
j1nz9l1p,v8l0r6r8,m1mx7nx6,5dw5mg0d,None,4
j1nz9l1p,v8l0r6r8,4pd0n31e,xw20jzkn,lewpqy9n,18
j1nz9l1p,816wn43x,j1nz9l1p,q25oowgk,None,54
j1nz9l1p,j9670yrj,v1pxk8p6,n2yx441d,oworqpvw,4
j1nz9l1p,j9670yrj,v1pxk8p6,n2yx441d,rw6zejnd,2
j1nz9l1p,j9670yrj,o1yjnvr1,7dgyqyxd,None,1
j1nz9l1p,j9670yrj,lde3eme6,ndx940vd,None,15
j1nz9l1p,j9670yrj,o1yjnvr1,w20nlnvd,None,1
j1nz9l1p,j9670yrj,o1yjnvr1,mkeynyx2,None,1
j1nz9l1p,j9670yrj,o1yjnvr1,5dwnonnd,None,1
j1nz9l1p,j9670yrj,o1yjnvr1,wk6393rk,None,1
j1nz9l1p,j9670yrj,j1nz9l1p,q25oowgk,None,3
j1nz9l1p,j9670yrj,om1mw4d2,jzd33ndn,None,11
j1nz9l1p,j9670yrj,o1yjnvr1,w20nlnvd,None,4
j1nz9l1p,j9670yrj,om1mw4d2,l9kv40kg,None,2
j1nz9l1p,j9670yrj,om1mw4d2,l9kv40kg,None,13
j1nz9l1p,j9670yrj,om1mw4d2,jzd33ndn,None,2
j1nz9l1p,j9670yrj,46w33l1r,9d8p7ylk,None,1
j1nz9l1p,1xyrw7mj,kdkz2edm,w20p8gzk,5wkk6x2w,9
j1nz9l1p,1xyrw7mj,kdkz2edm,w20p8gzk,495k5p09,10
j1nz9l1p,1xyrw7mj,j1ne2y1p,5dwj94gk,5d7y4m6d,5
j1nz9l1p,1xyrw7mj,kdkz2edm,w20p8gzk,y9m5x65d,17
j1nz9l1p,1xyrw7mj,j1nz9l1p,xd1mv9wd,ywe42nyd,1
j1nz9l1p,1xyrw7mj,j1nz9l1p,xd1mv9wd,495jky0w,1
j1nz9l1p,1xyrw7mj,j1nz9l1p,xd1mv9wd,ldye1jkw,1
j1nz9l1p,1xyrw7mj,j1nz9l1p,xd1mv9wd,z98jregw,2
j1nz9l1p,1xyrw7mj,j1nz9l1p,xd1mv9wd,gdrjpg6w,2
j1nz9l1p,1xyrw7mj,j1nz9l1p,xd1mv9wd,rdn5orqd,1
j1nz9l1p,1xyrw7mj,j1nz9l1p,02qm3nzd,None,17
j1nz9l1p,qxkv5y9j,om1mw4d2,jzd33ndn,None,90
j1nz9l1p,qxkv5y9j,lde3eme6,ndx940vd,None,62
j1nz9l1p,qxkv5y9j,kyd45w6e,xk9lj6gk,owokgz3d,4
j1nz9l1p,qxkv5y9j,kyd45w6e,xk9lj6gk,5wk2gyxw,4
j1nz9l1p,qxkv5y9j,kyd45w6e,xk9lj6gk,ewppkg4w,3
j1nz9l1p,qxkv5y9j,kyd45w6e,xk9lj6gk,n93026r9,3
j1nz9l1p,qxkv5y9j,kyd45w6e,xk9lj6gk,xd10vgy9,3
j1nz9l1p,qxkv5y9j,kyd45w6e,xk9lj6gk,xd00vzjd,3
j1nz9l1p,qxkv5y9j,kyd45w6e,xk9lj6gk,rw6vkj69,4
j1nz9l1p,qxkv5y9j,kyd45w6e,xk9lj6gk,29vy1ox9,3
j1nz9l1p,qxkv5y9j,kyd45w6e,xk9lj6gk,y9mekl0d,3
j1nz9l1p,qxkv5y9j,kyd45w6e,xk9lj6gk,592jvx6w,4
j1nz9l1p,qxkv5y9j,kyd45w6e,xk9lj6gk,495jv74w,3
j1nz9l1p,qxkv5y9j,kyd45w6e,xk9lj6gk,ldye4o7w,3
j1nz9l1p,qxkv5y9j,kyd45w6e,xk9lj6gk,ywe4z64d,4
j1nz9l1p,qxkv5y9j,kyd45w6e,xk9lj6gk,rdn5ky6d,3
j1nz9l1p,qxkv5y9j,kyd45w6e,xk9lj6gk,5d776oed,3
j1nz9l1p,qxkv5y9j,kyd45w6e,xk9lj6gk,xd00v8jd,4
j1nz9l1p,qxkv5y9j,kyd45w6e,xk9lj6gk,nwl6krgw,3
j1nz9l1p,qxkv5y9j,kyd45w6e,xk9lj6gk,kwjyon1w,4
j1nz9l1p,qxkv5y9j,kyd45w6e,xk9lj6gk,rdq06xgw,3
j1nz9l1p,qxkv5y9j,kyd45w6e,xk9lj6gk,gdrjk5kw,4
j1nz9l1p,qxkv5y9j,kyd45w6e,xk9lj6gk,69zrmk4d,3
j1nz9l1p,qxkv5y9j,kyd45w6e,xk9lj6gk,r9gzkv2d,3
j1nz9l1p,qxkv5y9j,kyd45w6e,xk9lj6gk,o9x2mp7w,4
j1nz9l1p,qxkv5y9j,kyd45w6e,xk9lj6gk,n9302rr9,4
j1nz9l1p,qxkv5y9j,kyd45w6e,xk9lj6gk,z98j2x1w,3
j1nz9l1p,qxkv5y9j,kyd45w6e,xk9lj6gk,rw6vkz69,4
j1nz9l1p,qxkv5y9j,kyd45w6e,xk9lj6gk,xd46vq89,4
j1nz9l1p,qxkv5y9j,4pd0n31e,lvdowokp,None,138
j1nz9l1p,qxkv5y9j,j1nz9l1p,q25oowgk,None,41
j1nz9l1p,qxkv5y9j,4pd0n31e,n2yq98ko,None,129
j1nz9l1p,qxkv5y9j,4pd0n31e,7wkp6v2r,None,210
j1nz9l1p,18v2olej,j1nz9l1p,q25oowgk,None,18
j1nz9l1p,18v2olej,om1mw4d2,l9kv40kg,None,20
j1nz9l1p,18v2olej,om1mw4d2,jzd33ndn,None,13
j1nz9l1p,18v2olej,lde3eme6,ndx940vd,None,9
j1nz9l1p,18v2olej,om1mw4d2,xd1v634d,29v50ond,5
j1nz9l1p,18v2olej,om1mw4d2,xd1v634d,29v50ond,9
j1nz9l1p,18v2olej,om1mw4d2,xd1v634d,29v50ond,7
j1nz9l1p,18v2olej,om1mw4d2,xd1v634d,29v50ond,8
j1nz9l1p,18v2olej,om1mw4d2,xd1v634d,29v50ond,6
j1nz9l1p,18v2olej,om1mw4d2,xd1v634d,xd4reqp9,4
j1nz9l1p,18v2olej,om1mw4d2,xd1v634d,xd4reqp9,6
j1nz9l1p,18v2olej,om1mw4d2,xd1v634d,xd4reqp9,8
j1nz9l1p,18v2olej,om1mw4d2,xd1v634d,xd4reqp9,9
j1nz9l1p,18v2olej,om1mw4d2,xd1v634d,xd4reqp9,10
j1nz9l1p,18v2olej,om1mw4d2,xd1v634d,xd03nz1d,2
j1nz9l1p,18v2olej,om1mw4d2,xd1v634d,xd03nz1d,4
j1nz9l1p,18v2olej,om1mw4d2,xd1v634d,xd03nz1d,10
j1nz9l1p,18v2olej,om1mw4d2,xd1v634d,xd03nz1d,6
j1nz9l1p,18v2olej,om1mw4d2,xd1v634d,xd03nz1d,7
j1nz9l1p,18v2olej,om1mw4d2,xd1v634d,rw6egj7d,9
j1nz9l1p,18v2olej,om1mw4d2,xd1v634d,rw6egj7d,5
j1nz9l1p,18v2olej,om1mw4d2,xd1v634d,rw6egj7d,5
j1nz9l1p,18v2olej,om1mw4d2,xd1v634d,rw6egj7d,8
j1nz9l1p,18v2olej,om1mw4d2,xd1v634d,rw6egj7d,7
j1nz9l1p,18v2olej,om1mw4d2,xd1v634d,rw6egj7d,10
j1nz9l1p,18v2olej,om1mw4d2,xd1v634d,n93yl6ed,7
j1nz9l1p,18v2olej,om1mw4d2,xd1v634d,n93yl6ed,8
j1nz9l1p,18v2olej,om1mw4d2,xd1v634d,n93yl6ed,3
j1nz9l1p,18v2olej,om1mw4d2,xd1v634d,n93yl6ed,5
j1nz9l1p,18v2olej,om1mw4d2,xd1v634d,n93yl6ed,10
j1nz9l1p,18v2olej,46w33l1r,9d8p7ylk,None,24
j1nz9l1p,18v2olej,v1pxe868,9kv7y0kg,None,11
j1nz9l1p,18v2olej,v1pxe868,xd1mqv8d,None,1
j1nz9l1p,18v2olej,8m1zw310,jdrq8lk6,None,19
j1nz9l1p,18v2olej,yd4o7g1e,zd36xydn,None,20
j1nz9l1p,18v2olej,46w33l1r,wk6jqpd1,None,5
j1nz9l1p,18v2olej,k6qxrz1g,7kjz3ezd,None,6
j1nz9l1p,18v2olej,om1mw4d2,vdooo1vd,xd4jpy8d,7
j1nz9l1p,18v2olej,om1mw4d2,l9kv40kg,None,33
j1nz9l1p,18v2olej,4pd0n31e,n2yq98ko,None,65
j1nz9l1p,18v2olej,j1l7g7dg,rkln1r2n,None,4
j1nz9l1p,18v2olej,om1mw4d2,prkl4wdn,None,2
j1nz9l1p,18v2olej,yd4oog1e,ndx8wvkq,None,27
j1nz9l1p,18v2olej,v1pxe868,wdmq1w32,n930xlr9,5
j1nz9l1p,18v2olej,v1pxe868,wdmq1w32,495jqx4w,2
j1nz9l1p,18v2olej,v1pxe868,wdmq1w32,z98jo51w,4
j1nz9l1p,18v2olej,v1pxe868,wdmq1w32,nwl6m4gw,3
j1nz9l1p,18v2olej,v1pxe868,wdmq1w32,rdn5mx6d,4
j1nz9l1p,18v2olej,om1mw4d2,jzd33ndn,None,8
j1nz9l1p,18v2olej,o1y908r6,9kvynxek,kwjppmzw,1
j1nz9l1p,18v2olej,w6jl324d,9kv7pwok,None,14
j1nz9l1p,18v2olej,4pd0n31e,wk6pexd1,None,157
j1nz9l1p,18v2olej,om1mw4d2,l9kv40kg,None,31
j1nz9l1p,18v2olej,m1mx7nx6,mkezgxjk,None,1
j1nz9l1p,18v2olej,m1mx7nx6,5dw5mg0d,None,1
j1nz9l1p,18v2olej,m1mx7nx6,7dgrwnlk,None,2
j1nz9l1p,18v2olej,om1mw4d2,vdooo1vd,rdn03l6w,8
j1nz9l1p,18v2olej,v1pxe868,xd1ze428,None,1
j1nz9l1p,18v2olej,o1y908r6,9kvynxek,495440jw,1
j1nz9l1p,18v2olej,o1y908r6,9kvynxek,5d7880vw,1
j1nz9l1p,18v2olej,o1y908r6,w20vmrok,None,3
j1nz9l1p,18v2olej,o1y908r6,vdo35j6d,None,3
j1nz9l1p,18v2olej,om1mw4d2,l9kv40kg,None,42
j1nz9l1p,18v2olej,om1mw4d2,vdooo1vd,xd0gp2jw,9
j1nz9l1p,18v2olej,om1mw4d2,xd1v634d,kwjv8o0w,6
j1nz9l1p,18v2olej,m1mx7nx6,7dgrwnlk,None,3
j1nz9l1p,18v2olej,om1mw4d2,mkeqpjjk,n937knrd,2
j1nz9l1p,18v2olej,m1mx7nx6,zdn458xk,None,2
j1nz9l1p,18v2olej,om1mw4d2,vdooo1vd,z986pz1d,8
j1nz9l1p,18v2olej,om1mw4d2,vdooo1vd,n937ky2d,5
j1nz9l1p,18v2olej,kyd45w6e,xk90pyk0,None,5
j1nz9l1p,18v2olej,om1mw4d2,l9kv40kg,None,61
j1nz9l1p,18v2olej,om1mw4d2,l9kv40kg,None,72
j1nz9l1p,18v2olej,om1mw4d2,xd1v634d,kwjv8o0w,5
j1nz9l1p,18v2olej,j1nz9l1p,02qm3nzd,None,4
j1nz9l1p,x7mkd70x,j1nz9l1p,q25oowgk,None,55
j1nz9l1p,x7mkd70x,4pd0n31e,7wkp6v2r,None,976
j1nz9l1p,8wl25k4j,9d3ry0wd,rklvo9wd,None,4
j1nz9l1p,8wl25k4j,om1mw4d2,l9kv40kg,None,349
j1nz9l1p,8wl25k4j,j1nz9l1p,q25oowgk,None,46
j1nz9l1p,kjp7v4jq,o1y9yq46,zd3858nk,None,1
j1nz9l1p,kjp7v4jq,268weo76,824l96wd,None,3
j1nz9l1p,kjp7v4jq,v1poy886,mke4e0x2,None,6
j1nz9l1p,kjp7v4jq,o1y9yq46,5dw7q4nk,ywen0gyw,5
j1nz9l1p,kjp7v4jq,2684podp,zdnqvj9d,None,2
j1nz9l1p,kjp7v4jq,3dx9g5dy,n2y5lvek,None,2
j1nz9l1p,kjp7v4jq,9d3ro9ed,wkpoq8v2,None,3
j1nz9l1p,kjp7v4jq,lde3zgn6,wk6o74pk,None,2
j1nz9l1p,kjp7v4jq,2684podp,zdnq94xd,None,3
j1nz9l1p,kjp7v4jq,v1poz768,mkejl826,None,23
j1nz9l1p,kjp7v4jq,3dx9g5dy,9kvjqlok,None,56
j1nz9l1p,kjp7v4jq,j1ljkjdg,zd309jed,None,62
j1nz9l1p,kjp7v4jq,yd4vq5de,n2yqonzk,None,40
j1nz9l1p,kjp7v4jq,j1nz9l1p,02qm3nzd,None,18
j1nz9l1p,y8dgmw98,yd4km2k6,02q93w7k,None,13
j1nz9l1p,y8dgmw98,om1mw4d2,jzd33ndn,None,48
j1nz9l1p,y8dgmw98,om1mw4d2,l9kv40kg,None,71
j1nz9l1p,y8dgmw98,lde3eme6,ndx940vd,None,42
j1nz9l1p,y8dgmw98,lde3eme6,n2yomp1d,None,4
j1nz9l1p,y8dgmw98,lde3eme6,n2yomp1d,None,5
j1nz9l1p,y8dgmw98,j1nz9l1p,02qm3nzd,None,15
j1nz9l1p,qxknmpkx,j1nz9l1p,02qm3nzd,None,11
j1nz9l1p,qxknmpkx,om1mw4d2,jzd33ndn,None,389
j1nz9l1p,1xydnpvx,4pd0n31e,xw20jzkn,8xd43q9m,1
j1nz9l1p,1xydnpvx,k6q4e80d,jdz603r2,None,1
j1nz9l1p,1xydnpvx,4pd0n31e,xwdmg4dq,329vkqdv,9
j1nz9l1p,1xydnpvx,4pd0n31e,xw20jzkn,7xd07mwq,6
j1nz9l1p,1xydnpvx,4pd0n31e,n2yq98ko,None,81
j1nz9l1p,1xydnpvx,4d793gz1,w20vq3vk,None,1
j1nz9l1p,1xydnpvx,j1nz9l1p,q25oowgk,None,47
j1nz9l1p,1xydnpvx,4pd0n31e,wk6pexd1,None,55
j1nz9l1p,1xydnpvx,m1m97462,8246m53d,None,78
j1nz9l1p,1xydnpvx,y65ky86e,wdm9035k,None,27
j1nz9l1p,1xydnpvx,m1zo32d0,824po3m2,None,5
j1nz9l1p,1xydnpvx,4d79xvg1,jdz8xj3d,None,38
j1nz9l1p,1xydnpvx,ldemjl13,ndx8xljk,None,287
j1nz9l1p,jn36lg2x,om1mw4d2,jzd33ndn,None,46
j1nz9l1p,jn36lg2x,lde3eme6,ndx940vd,None,75
j1nz9l1p,jn36lg2x,4pd0n31e,lvdowokp,None,5
j1nz9l1p,jn36lg2x,4pd0n31e,xw20jzkn,nowo2jd6,2
j1nz9l1p,jn36lg2x,4pd0n31e,xw20jzkn,p592o7d6,3
j1nz9l1p,jn36lg2x,4pd0n31e,n2yq98ko,None,29
j1nz9l1p,jn36lg2x,4pd0n31e,xwdmg4dq,4rw6npd7,6
j1nz9l1p,jn36lg2x,4pd0n31e,xw20jzkn,8xd43q9m,1
j1nz9l1p,jn36lg2x,4pd0n31e,xwdmg4dq,7xd07mwq,8
j1nz9l1p,jn36lg2x,4pd0n31e,xwdmg4dq,p592o7d6,10
j1nz9l1p,jn36lg2x,4pd0n31e,xwdmg4dq,krdn05wm,5
j1nz9l1p,jn36lg2x,kdkg4x1m,jdrp9v02,None,2
j1nz9l1p,jn36lg2x,4pd0n31e,wk6pexd1,None,19
j1nz9l1p,jn36lg2x,4pd0n31e,7wkp6v2r,None,24
j1nz9l1p,jn36lg2x,3dxv5y6y,wk6p41pd,None,6
j1nz9l1p,jn36lg2x,om1mw4d2,l9kv40kg,None,330
j1nz9l1p,jn36lg2x,j1nz9l1p,q25oowgk,None,31
j1nz9l1p,jn36lg2x,k6q4e80d,ndx5lyok,None,2
j1nz9l1p,jn36lg2x,ok6q991g,9d8x7el2,None,41
j1nz9l1p,jn36lg2x,4pd0n31e,xwdmg4dq,lewpqy9n,21
j1nz9l1p,jn36lg2x,om1mw4d2,l9kv40kg,None,343
j1nz9l1p,jn36lg2x,v1p4rp18,vdoqz06k,None,1
j1nz9l1p,jn36lg2x,k6q4e80d,zd3o4ped,None,3
j1nz9l1p,jn36lg2x,4pd0n31e,xw20jzkn,krdn05wm,4
j1nz9l1p,jn36lg2x,v1p4rp18,wkp0n5w2,None,11
j1nz9l1p,8vko362j,v1pxk8p6,n2yx441d,29vq541d,17
j1nz9l1p,8vko362j,m1mx7nx6,zdn7g6nk,None,7
j1nz9l1p,8vko362j,9do4qe6p,zd3xm1vd,None,8
j1nz9l1p,8vko362j,om1mw4d2,jzd33ndn,None,30
j1nz9l1p,8vko362j,lde3eme6,9d83gx32,ywem767d,3
j1nz9l1p,8vko362j,lde3eme6,zd35ezrk,None,5
j1nz9l1p,8vko362j,om1mw4d2,vdooo1vd,xd4jpy8d,9
j1nz9l1p,8vko362j,36985lgd,n2yn5v7k,None,3
j1nz9l1p,8vko362j,om1mw4d2,jzd33ndn,None,7
j1nz9l1p,8vko362j,m1mn054d,7kjl38z2,None,2
j1nz9l1p,8vko362j,kyd45w6e,xk90pyk0,None,28
j1nz9l1p,8vko362j,4d79y4n1,z274lq52,None,3
j1nz9l1p,8vko362j,268w3ko6,xk9pn04d,None,1
j1nz9l1p,8vko362j,9do3z7dp,xk90mrgk,None,6
j1nz9l1p,8vko362j,om1mw4d2,l9kv40kg,None,29
j1nz9l1p,8vko362j,m1mx7nx6,q257g58d,None,3
j1nz9l1p,8vko362j,om1mw4d2,l9kv40kg,None,86
j1nz9l1p,8vko362j,yd4km2k6,02q93w7k,None,15
j1nz9l1p,8vko362j,46w3km91,xd14z57d,None,2
j1nz9l1p,8vko362j,lde3eme6,ndx940vd,None,33
j1nz9l1p,8vko362j,j1nz9l1p,q25oowgk,None,17
j1nz9l1p,8vko362j,om1mw4d2,l9kv40kg,None,6
j1nz9l1p,8vko362j,9d3loedl,vdo0onvd,None,3
j1nz9l1p,8vko362j,om1mw4d2,prkl4wdn,None,12
j1nz9l1p,8vko362j,om1mw4d2,l9kv40kg,None,7
j1nz9l1p,8vko362j,m1mx7nx6,02qo5gjk,None,2
j1nz9l1p,8vko362j,3dxk0jy1,jdrr00xd,None,6
j1nz9l1p,8vko362j,m1mx7nx6,xk9vzvxd,None,2
j1nz9l1p,8vko362j,om1mw4d2,l9kv40kg,None,96
j1nz9l1p,8vko362j,om1mw4d2,l9kv40kg,None,90
j1nz9l1p,8vko362j,om1mw4d2,l9kv40kg,None,202
j1nz9l1p,8vko362j,268w3ko6,xk9pn04d,None,2
j1nz9l1p,8vko362j,om1mw4d2,l9kv40kg,None,203
j1nz9l1p,8vko362j,om1mw4d2,l9kv40kg,None,253
j1nz9l1p,j92ergo8,v1pxk8p6,7kj455zk,z98xgk7d,1
j1nz9l1p,j92ergo8,v1pxk8p6,7kj455zk,nwl8p8pd,1
j1nz9l1p,j92ergo8,v1pxk8p6,n2yx441d,n93rz4z9,3
j1nz9l1p,j92ergo8,om1mw4d2,jzd33ndn,None,33
j1nz9l1p,j92ergo8,v1pxk8p6,n2yx441d,69z1e3gw,2
j1nz9l1p,j92ergo8,v1pxk8p6,n2yx441d,y9mn260d,4
j1nz9l1p,j92ergo8,v1pxk8p6,n2yx441d,o9xj380d,2
j1nz9l1p,j92ergo8,v1pxk8p6,n2yx441d,ewpl0mkd,4
j1nz9l1p,j92ergo8,v1pxk8p6,n2yx441d,ewpl0lld,3
j1nz9l1p,j92ergo8,v1pxk8p6,n2yx441d,29vq5o1d,3
j1nz9l1p,j92ergo8,v1pxk8p6,n2yx441d,z98xg17d,4
j1nz9l1p,j92ergo8,v1pxk8p6,n2yx441d,rdqe5kmd,2
j1nz9l1p,j92ergo8,v1pxk8p6,n2yx441d,5d7g2ygd,2
j1nz9l1p,j92ergo8,v1pxk8p6,n2yx441d,owor37ow,3
j1nz9l1p,j92ergo8,v1pxk8p6,n2yx441d,oworqpvw,4
j1nz9l1p,j92ergo8,v1pxk8p6,n2yx441d,592yn7gw,2
j1nz9l1p,j92ergo8,v1pxk8p6,n2yx441d,ldyo34k9,5
j1nz9l1p,j92ergo8,v1pxk8p6,n2yx441d,o9xjx10d,4
j1nz9l1p,j92ergo8,v1pxk8p6,n2yx441d,nwl8pvpd,2
j1nz9l1p,j92ergo8,v1pxk8p6,n2yx441d,29vqz13d,6
j1nz9l1p,j92ergo8,v1pxk8p6,n2yx441d,rdny26n9,6
j1nz9l1p,j92ergo8,v1pxk8p6,n2yx441d,592yngow,4
j1nz9l1p,j92ergo8,v1pxk8p6,n2yx441d,69z1nv6w,3
j1nz9l1p,j92ergo8,v1pxk8p6,n2yx441d,592ynygw,2
j1nz9l1p,j92ergo8,v1pxk8p6,n2yx441d,nwl8pq0d,2
j1nz9l1p,j92ergo8,v1pxk8p6,n2yx441d,n93ry5n9,2
j1nz9l1p,j92ergo8,v1pxk8p6,n2yx441d,ldyo8vj9,2
j1nz9l1p,j92ergo8,v1pxk8p6,n2yx441d,r9gp1vq9,6
j1nz9l1p,j92ergo8,v1pxk8p6,n2yx441d,kwj212r9,3
j1nz9l1p,j92ergo8,v1pxk8p6,n2yx441d,kwj21nr9,3
j1nz9l1p,j92ergo8,v1pxk8p6,n2yx441d,495el029,5
j1nz9l1p,j92ergo8,v1pxk8p6,n2yx441d,ldyo8oj9,2
j1nz9l1p,j92ergo8,v1pxk8p6,n2yx441d,gdrz1z89,2
j1nz9l1p,j92ergo8,v1pxk8p6,n2yx441d,gdrz1m69,2
j1nz9l1p,j92ergo8,v1pxk8p6,n2yx441d,o9xj3j6d,2
j1nz9l1p,j92ergo8,v1pxk8p6,n2yx441d,nwl8p8pd,3
j1nz9l1p,j92ergo8,v1pxk8p6,n2yx441d,69z1n16w,2
j1nz9l1p,j92ergo8,v1pxk8p6,n2yx441d,xd1n8qqw,2
j1nz9l1p,j92ergo8,v1pxk8p6,n2yx441d,nwl8prpd,2
j1nz9l1p,j92ergo8,v1pxk8p6,n2yx441d,gdrz1589,3
j1nz9l1p,j92ergo8,v1pxk8p6,n2yx441d,ewpl0gld,2
j1nz9l1p,j92ergo8,v1pxk8p6,n2yx441d,495el309,2
j1nz9l1p,j92ergo8,v1pxk8p6,n2yx441d,z98xm2gd,3
j1nz9l1p,j92ergo8,v1pxk8p6,n2yx441d,ldyo8nj9,3
j1nz9l1p,j92ergo8,v1pxk8p6,n2yx441d,n93ryvn9,3
j1nz9l1p,j92ergo8,v1pxk8p6,n2yx441d,oworqrvw,2
j1nz9l1p,j92ergo8,v1pxk8p6,n2yx441d,kwj21mr9,4
j1nz9l1p,j92ergo8,v1pxk8p6,n2yx441d,xd083509,3
j1nz9l1p,j92ergo8,v1pxk8p6,n2yx441d,oworqvvw,3
j1nz9l1p,j92ergo8,v1pxk8p6,n2yx441d,n93ryj79,2
j1nz9l1p,j92ergo8,v1pxk8p6,n2yx441d,495emv09,3
j1nz9l1p,j92ergo8,v1pxk8p6,n2yx441d,xd1n8oqw,6
j1nz9l1p,j92ergo8,v1pxk8p6,n2yx441d,ldyo87k9,4
j1nz9l1p,j92ergo8,v1pxk8p6,n2yx441d,nwl8px0d,3
j1nz9l1p,j92ergo8,v1pxk8p6,n2yx441d,ewpl8kkd,3
j1nz9l1p,j92ergo8,v1pxk8p6,n2yx441d,owor3gow,2
j1nz9l1p,j92ergo8,v1pxk8p6,n2yx441d,o9xj350d,1
j1nz9l1p,j92ergo8,v1pxk8p6,n2yx441d,rw6zeznd,1
j1nz9l1p,j92ergo8,v1pxk8p6,n2yx441d,z98xgk7d,1
j1nz9l1p,j92ergo8,v1pxk8p6,n2yx441d,kwj21qr9,1
j1nz9l1p,j92ergo8,v1pxk8p6,n2yx441d,n93ryr79,1
j1nz9l1p,j92ergo8,v1pxk8p6,n2yx441d,z98xgx7d,1
j1nz9l1p,j92ergo8,v1pxk8p6,n2yx441d,rdqenzkd,1
j1nz9l1p,j92ergo8,v1pxk8p6,n2yx441d,yweoqzy9,1
j1nz9l1p,j92ergo8,v1pxk8p6,n2yx441d,rdny2en9,1
j1nz9l1p,j92ergo8,v1pxk8p6,n2yx441d,y9mn2k5d,1
j1nz9l1p,j92ergo8,v1pxk8p6,n2yx441d,kwj21ln9,1
j1nz9l1p,j92ergo8,v1pxk8p6,n2yx441d,495elo09,1
j1nz9l1p,j92ergo8,v1pxk8p6,n2yx441d,rdny21n9,1
j1nz9l1p,j92ergo8,v1pxk8p6,n2yx441d,yweomoq9,1
j1nz9l1p,j92ergo8,v1pxk8p6,n2yx441d,29vq541d,13
j1nz9l1p,j92ergo8,v1pxk8p6,n2yx441d,n93ry679,1
j1nz9l1p,j92ergo8,m1mx7nx6,zdn7g6nk,None,3
j1nz9l1p,j92ergo8,pdv27nv6,9kvr8682,None,24
j1nz9l1p,j92ergo8,lde3eme6,zd3x78vd,495l073d,1
j1nz9l1p,j92ergo8,lde3eme6,zd3x78vd,ywem767d,1
j1nz9l1p,j92ergo8,lde3eme6,ndx940vd,None,37
j1nz9l1p,j92ergo8,lde3eme6,zd35ezrk,None,8
j1nz9l1p,j92ergo8,4pd0n31e,wk6pexd1,None,560
j1nz9l1p,j92ergo8,4pd0n31e,02qoxl7k,x5d73q9y,16
j1nz9l1p,j92ergo8,4pd0n31e,02qoxl7k,ykwje09g,12
j1nz9l1p,j92ergo8,4pd0n31e,02qoxl7k,nowo2jd6,17
j1nz9l1p,j92ergo8,4pd0n31e,02qoxl7k,jxd15zwo,18
j1nz9l1p,j92ergo8,4pd0n31e,02qoxl7k,lewpqy9n,23
j1nz9l1p,j92ergo8,4pd0n31e,02qoxl7k,3y9mpz95,18
j1nz9l1p,j92ergo8,4pd0n31e,02qoxl7k,q5wkrv94,21
j1nz9l1p,j92ergo8,4pd0n31e,02qoxl7k,p592o7d6,15
j1nz9l1p,j92ergo8,4pd0n31e,02qoxl7k,329vkqdv,21
j1nz9l1p,j92ergo8,4pd0n31e,02qoxl7k,8xd43q9m,20
j1nz9l1p,j92ergo8,4pd0n31e,02qoxl7k,7xd07mwq,20
j1nz9l1p,j92ergo8,4pd0n31e,02qoxl7k,4rw6npd7,16
j1nz9l1p,j92ergo8,4pd0n31e,02qoxl7k,kn9372d0,21
j1nz9l1p,j92ergo8,4pd0n31e,02qoxl7k,oz986rdl,14
j1nz9l1p,j92ergo8,4pd0n31e,02qoxl7k,krdn05wm,15
j1nz9l1p,j92ergo8,4pd0n31e,02qoxl7k,zldyypd3,16
j1nz9l1p,j92ergo8,4pd0n31e,02qoxl7k,kn9377d0,14
j1nz9l1p,j92ergo8,4pd0n31e,02qoxl7k,oz9867dl,13
j1nz9l1p,j92ergo8,4pd0n31e,02qoxl7k,xd0kl849,9
j1nz9l1p,j92ergo8,4pd0n31e,02qoxl7k,rw6qrzgd,9
j1nz9l1p,j92ergo8,4pd0n31e,02qoxl7k,n93q8rzw,10
j1nz9l1p,j92ergo8,4pd0n31e,02qoxl7k,z98rexpd,9
j1nz9l1p,j92ergo8,4pd0n31e,02qoxl7k,rdnory7w,7
j1nz9l1p,j92ergo8,4pd0n31e,02qoxl7k,ldy1jord,9
j1nz9l1p,j92ergo8,4pd0n31e,xwdmg4dq,x5d73q9y,17
j1nz9l1p,j92ergo8,4pd0n31e,xwdmg4dq,ykwje09g,18
j1nz9l1p,j92ergo8,4pd0n31e,xwdmg4dq,nowo2jd6,12
j1nz9l1p,j92ergo8,4pd0n31e,xwdmg4dq,jxd15zwo,15
j1nz9l1p,j92ergo8,4pd0n31e,xwdmg4dq,lewpqy9n,47
j1nz9l1p,j92ergo8,4pd0n31e,xwdmg4dq,3y9mpz95,25
j1nz9l1p,j92ergo8,4pd0n31e,xwdmg4dq,q5wkrv94,24
j1nz9l1p,j92ergo8,4pd0n31e,xwdmg4dq,p592o7d6,18
j1nz9l1p,j92ergo8,4pd0n31e,xwdmg4dq,329vkqdv,18
j1nz9l1p,j92ergo8,4pd0n31e,xwdmg4dq,8xd43q9m,22
j1nz9l1p,j92ergo8,4pd0n31e,xwdmg4dq,7xd07mwq,25
j1nz9l1p,j92ergo8,4pd0n31e,xwdmg4dq,4rw6npd7,17
j1nz9l1p,j92ergo8,4pd0n31e,xwdmg4dq,kn9372d0,20
j1nz9l1p,j92ergo8,4pd0n31e,xwdmg4dq,oz986rdl,14
j1nz9l1p,j92ergo8,4pd0n31e,xwdmg4dq,krdn05wm,20
j1nz9l1p,j92ergo8,4pd0n31e,xwdmg4dq,zldyypd3,13
j1nz9l1p,j92ergo8,4pd0n31e,xwdmg4dq,kn9377d0,12
j1nz9l1p,j92ergo8,4pd0n31e,xwdmg4dq,oz9867dl,18
j1nz9l1p,j92ergo8,4pd0n31e,xwdmg4dq,xd0kl849,10
j1nz9l1p,j92ergo8,4pd0n31e,xwdmg4dq,rw6qrzgd,9
j1nz9l1p,j92ergo8,4pd0n31e,xwdmg4dq,n93q8rzw,10
j1nz9l1p,j92ergo8,4pd0n31e,xwdmg4dq,z98rexpd,8
j1nz9l1p,j92ergo8,4pd0n31e,xwdmg4dq,rdnory7w,14
j1nz9l1p,j92ergo8,4pd0n31e,xwdmg4dq,ldy1jord,8
j1nz9l1p,j92ergo8,4pd0n31e,xw20jzkn,x5d73q9y,14
j1nz9l1p,j92ergo8,4pd0n31e,xw20jzkn,ykwje09g,14
j1nz9l1p,j92ergo8,4pd0n31e,xw20jzkn,nowo2jd6,14
j1nz9l1p,j92ergo8,4pd0n31e,xw20jzkn,jxd15zwo,14
j1nz9l1p,j92ergo8,4pd0n31e,xw20jzkn,lewpqy9n,19
j1nz9l1p,j92ergo8,4pd0n31e,xw20jzkn,3y9mpz95,12
j1nz9l1p,j92ergo8,4pd0n31e,xw20jzkn,q5wkrv94,11
j1nz9l1p,j92ergo8,4pd0n31e,xw20jzkn,p592o7d6,16
j1nz9l1p,j92ergo8,4pd0n31e,xw20jzkn,329vkqdv,10
j1nz9l1p,j92ergo8,4pd0n31e,xw20jzkn,8xd43q9m,1
j1nz9l1p,j92ergo8,4pd0n31e,xw20jzkn,7xd07mwq,14
j1nz9l1p,j92ergo8,4pd0n31e,xw20jzkn,4rw6npd7,11
j1nz9l1p,j92ergo8,4pd0n31e,xw20jzkn,kn9372d0,12
j1nz9l1p,j92ergo8,4pd0n31e,xw20jzkn,oz986rdl,16
j1nz9l1p,j92ergo8,4pd0n31e,xw20jzkn,krdn05wm,14
j1nz9l1p,j92ergo8,4pd0n31e,xw20jzkn,zldyypd3,7
j1nz9l1p,j92ergo8,4pd0n31e,xw20jzkn,kn9377d0,11
j1nz9l1p,j92ergo8,4pd0n31e,xw20jzkn,oz9867dl,7
j1nz9l1p,j92ergo8,4pd0n31e,xw20jzkn,xd0kl849,9
j1nz9l1p,j92ergo8,4pd0n31e,xw20jzkn,rw6qrzgd,11
j1nz9l1p,j92ergo8,4pd0n31e,xw20jzkn,n93q8rzw,8
j1nz9l1p,j92ergo8,4pd0n31e,xw20jzkn,z98rexpd,7
j1nz9l1p,j92ergo8,4pd0n31e,xw20jzkn,rdnory7w,6
j1nz9l1p,j92ergo8,4pd0n31e,xw20jzkn,ldy1jord,9
j1nz9l1p,j92ergo8,m1mx7nx6,vdoore1d,None,4
j1nz9l1p,j92ergo8,om1mw4d2,l9kv40kg,None,92
j1nz9l1p,j92ergo8,lde3eme6,9kvoq5e2,None,3
j1nz9l1p,j92ergo8,om1mw4d2,vdooo1vd,rw642l69,8
j1nz9l1p,j92ergo8,om1mw4d2,vdooo1vd,xd4jpy8d,11
j1nz9l1p,j92ergo8,om1mw4d2,vdooo1vd,n937knrd,8
j1nz9l1p,j92ergo8,om1mw4d2,vdooo1vd,ldyyq57d,13
j1nz9l1p,j92ergo8,om1mw4d2,vdooo1vd,n937ky2d,11
j1nz9l1p,j92ergo8,om1mw4d2,vdooo1vd,z986pgrd,8
j1nz9l1p,j92ergo8,j1nz9l1p,q25oowgk,None,36
j1nz9l1p,j92ergo8,pd0w3vv1,vdo839ok,5d7exnvw,18
j1nz9l1p,j92ergo8,pd0w3vv1,wkp1vljk,None,165
j1nz9l1p,j92ergo8,lde3eme6,9d83gx32,495l073d,2
j1nz9l1p,j92ergo8,om1mw4d2,vdooo1vd,xd0gp2jw,21
j1nz9l1p,j92ergo8,om1mw4d2,vdooo1vd,z986pz1d,10
j1nz9l1p,j92ergo8,om1mw4d2,vdooo1vd,rdn03l6w,11
j1nz9l1p,j92ergo8,4pd0n31e,n2yq98ko,None,518
j1nz9l1p,j92ergo8,46w3km91,7kj809nd,rdnx6yqw,2
j1nz9l1p,j92ergo8,46w3km91,7kj809nd,z985yxg9,4
j1nz9l1p,j92ergo8,46w3km91,7kj809nd,n93lvrn9,3
j1nz9l1p,jo2v5d08,v1pxk8p6,n2yx441d,xd4lkv29,4
j1nz9l1p,jo2v5d08,om1mw4d2,jzd33ndn,None,29
j1nz9l1p,jo2v5d08,m1mx7nx6,zdn7g6nk,None,6
j1nz9l1p,jo2v5d08,76r55vd8,w20w1lzd,None,2003
j1nz9l1p,jo2v5d08,o1y9j9v6,7kjpl1gk,None,2456
j1nz9l1p,jo2v5d08,j1nz9l1p,q25oowgk,None,19
j1nz9l1p,jo2v5d08,lde3eme6,zd35ezrk,None,7
j1nz9l1p,jo2v5d08,lde3eme6,ndx940vd,None,100
j1nz9l1p,jo2v5d08,4pd0n31e,7wkp6v2r,None,413
j1nz9l1p,qjor4knj,9d3rojyd,7dgrr0pk,5d7vpzqd,5
j1nz9l1p,qjor4knj,kdkz2edm,w20p8gzk,29vm7639,5
j1nz9l1p,qjor4knj,kdkz2edm,xd1l4w4k,495k5p09,3
j1nz9l1p,qjor4knj,ldeprl13,jdz5ryvd,5d77qled,4
j1nz9l1p,qjor4knj,ldeprl13,jdz5ryvd,gdrj6gkw,4
j1nz9l1p,qjor4knj,w6jlw85d,9kv6oq82,xd185eqw,3
j1nz9l1p,qjor4knj,m1m2oxd2,z273wr5d,None,10
j1nz9l1p,qjor4knj,w6jlw85d,xd1gpmwd,z98g8v7w,8
j1nz9l1p,qjor4knj,w6jlw85d,xd1gpmwd,r9g130q9,7
j1nz9l1p,qjor4knj,m1m2oxd2,5dwp47nk,None,3
j1nz9l1p,qjor4knj,lde3r2l6,zd3wlgyk,nwly4je9,7
j1nz9l1p,qjor4knj,j1nz9l1p,xd1mv9wd,z98jregw,1
j1nz9l1p,qjor4knj,y65420de,jdzv9qxk,rdnoz8qw,2
j1nz9l1p,qjor4knj,y65420de,jdzv9qxk,kwj7zknw,7
j1nz9l1p,qjor4knj,kdkz2edm,7dg5vl24,None,25
j1nz9l1p,qjor4knj,kdkz2edm,wkpvyn8k,None,10
j1nz9l1p,qjor4knj,y65420de,wk6pmoqd,ldyz8rw3,10
j1nz9l1p,qjor4knj,kdkz2edm,rklxj66k,None,23
j1nz9l1p,qjor4knj,kdkz2edm,ndxj1xo2,None,5
j1nz9l1p,qjor4knj,y65420de,wk6pmoqd,owop3k96,8
j1nz9l1p,qjor4knj,kdkz2edm,w20p8gzk,xd1j2ped,5
j1nz9l1p,qjor4knj,kdkz2edm,w20p8gzk,495k5p09,6
j1nz9l1p,qjor4knj,y65420de,wk6pmoqd,5wk7qpd4,2
j1nz9l1p,qjor4knj,kdkz2edm,xd1l4w4k,y9m5x65d,4
j1nz9l1p,qjor4knj,y65420de,wk6pmoqd,gdr31ldz,5
j1nz9l1p,qjor4knj,y65420de,wk6pmoqd,4951l3wp,9
j1nz9l1p,qjor4knj,9do4qe6p,z271eqg2,rdql1r1w,1
j1nz9l1p,qjor4knj,9do4qe6p,z271eqg2,ewprqyzd,2
j1nz9l1p,qjor4knj,kdkz2edm,w20p8gzk,5wkk6x2w,18
j1nz9l1p,qjor4knj,ldeoy563,7dgg6vpd,z988k5l9,3
j1nz9l1p,qjor4knj,ldeprl13,jdz5ryvd,o9x2rk7w,4
j1nz9l1p,qjor4knj,y65420de,wk6pmoqd,xd1j2zed,26
j1nz9l1p,qjor4knj,kdkz2edm,w20p8gzk,rw6qo1rd,21
j1nz9l1p,qjor4knj,ldeprl13,02qje5pd,None,19
j1nz9l1p,qjor4knj,ldeprl13,jdz5ryvd,ywe4xn4d,5
j1nz9l1p,qjor4knj,9d3rojyd,wdmww9o2,None,4
j1nz9l1p,qxkeow2x,j1nz9l1p,q25oowgk,None,51
j1nz9l1p,qxkeow2x,4pd0n31e,7wkp6v2r,None,1143
j1nz9l1p,5j56r4nx,369p8k81,vdoon46d,None,8
j1nz9l1p,5j56r4nx,v1pxk8p6,n2yx441d,rdny26n9,4
j1nz9l1p,5j56r4nx,v1pxk8p6,n2yx441d,y9mn2k5d,2
j1nz9l1p,5j56r4nx,v1pxk8p6,n2yx441d,592yn1gw,2
j1nz9l1p,5j56r4nx,v1pxk8p6,n2yx441d,r9gp1gq9,2
j1nz9l1p,5j56r4nx,v1pxk8p6,n2yx441d,495el129,2
j1nz9l1p,5j56r4nx,v1pxk8p6,n2yx441d,xd1n8oqw,3
j1nz9l1p,5j56r4nx,v1pxk8p6,n2yx441d,nwl8px0d,2
j1nz9l1p,5j56r4nx,v1pxk8p6,n2yx441d,kwj21mr9,1
j1nz9l1p,5j56r4nx,v1pxk8p6,n2yx441d,oworqvvw,1
j1nz9l1p,5j56r4nx,v1pxk8p6,n2yx441d,y9mn1vld,3
j1nz9l1p,5j56r4nx,v1pxk8p6,n2yx441d,xd083509,1
j1nz9l1p,5j56r4nx,v1pxk8p6,n2yx441d,rw6ze6nd,1
j1nz9l1p,5j56r4nx,v1pxk8p6,n2yx441d,ldyo8zj9,1
j1nz9l1p,5j56r4nx,v1pxk8p6,n2yx441d,o9xj3e6d,1
j1nz9l1p,5j56r4nx,v1pxk8p6,n2yx441d,ewpl8pkd,1
j1nz9l1p,5j56r4nx,v1pxk8p6,n2yx441d,nwl8p8pd,1
j1nz9l1p,5j56r4nx,v1pxk8p6,n2yx441d,o9xjx10d,1
j1nz9l1p,5j56r4nx,v1pxk8p6,n2yx441d,oworqrvw,1
j1nz9l1p,5j56r4nx,v1pxk8p6,n2yx441d,xd1n8nqw,1
j1nz9l1p,5j56r4nx,v1pxk8p6,n2yx441d,gdrzyk69,2
j1nz9l1p,5j56r4nx,v1pxk8p6,n2yx441d,ldyo34k9,1
j1nz9l1p,5j56r4nx,v1pxk8p6,n2yx441d,rdnyqkq9,1
j1nz9l1p,5j56r4nx,v1pxk8p6,n2yx441d,n93rm2n9,3
j1nz9l1p,5j56r4nx,v1pxk8p6,n2yx441d,rw6zmkrd,1
j1nz9l1p,5j56r4nx,v1pxk8p6,n2yx441d,z98xg17d,1
j1nz9l1p,5j56r4nx,v1pxk8p6,n2yx441d,xd084vx9,1
j1nz9l1p,5j56r4nx,v1pxk8p6,n2yx441d,29vqz13d,1
j1nz9l1p,5j56r4nx,v1pxk8p6,n2yx441d,ewpl8kkd,1
j1nz9l1p,5j56r4nx,v1pxk8p6,n2yx441d,oworq1ow,1
j1nz9l1p,5j56r4nx,v1pxk8p6,n2yx441d,5d7gzkgd,1
j1nz9l1p,5j56r4nx,v1pxk8p6,n2yx441d,r9gp1vq9,1
j1nz9l1p,5j56r4nx,v1pxk8p6,n2yx441d,o9xj3p6d,1
j1nz9l1p,5j56r4nx,v1pxk8p6,n2yx441d,rdqe5xmd,1
j1nz9l1p,5j56r4nx,v1pxk8p6,n2yx441d,rdqe52kd,1
j1nz9l1p,5j56r4nx,v1pxk8p6,n2yx441d,xd1n8gqw,1
j1nz9l1p,5j56r4nx,v1pxk8p6,n2yx441d,ewpl0gld,1
j1nz9l1p,5j56r4nx,v1pxk8p6,n2yx441d,y9mn1lld,1
j1nz9l1p,5j56r4nx,v1pxk8p6,n2yx441d,ldyo87k9,1
j1nz9l1p,5j56r4nx,v1pxk8p6,n2yx441d,rw6zeprd,1
j1nz9l1p,5j56r4nx,v1pxk8p6,n2yx441d,xd083rx9,1
j1nz9l1p,5j56r4nx,v1pxk8p6,n2yx441d,5wk31z29,1
j1nz9l1p,5j56r4nx,v1pxk8p6,n2yx441d,ewpl0mkd,1
j1nz9l1p,5j56r4nx,v1pxk8p6,n2yx441d,592ynxgw,1
j1nz9l1p,5j56r4nx,v1pxk8p6,n2yx441d,29vq541d,1
j1nz9l1p,5j56r4nx,v1pxk8p6,n2yx441d,69z1nylw,1
j1nz9l1p,5j56r4nx,v1pxk8p6,n2yx441d,yweomry9,1
j1nz9l1p,5j56r4nx,v1pxk8p6,n2yx441d,gdrz1m69,1
j1nz9l1p,5j56r4nx,v1pxk8p6,n2yx441d,ldyo8nk9,1
j1nz9l1p,5j56r4nx,v1pxk8p6,n2yx441d,z98xgy7d,1
j1nz9l1p,5j56r4nx,v1pxk8p6,n2yx441d,n93ryv79,1
j1nz9l1p,5j56r4nx,v1pxk8p6,n2yx441d,xd083m09,1
j1nz9l1p,5j56r4nx,v1pxk8p6,n2yx441d,xd4lr409,1
j1nz9l1p,5j56r4nx,v1pxk8p6,n2yx441d,ldyo8mj9,1
j1nz9l1p,5j56r4nx,v1pxk8p6,n2yx441d,gdrz1589,1
j1nz9l1p,5j56r4nx,v1pxk8p6,n2yx441d,yweom6q9,1
j1nz9l1p,5j56r4nx,v1pxk8p6,n2yx441d,69z1nk6w,1
j1nz9l1p,5j56r4nx,om1mw4d2,l9kv40kg,None,3
j1nz9l1p,5j56r4nx,j1nz9l1p,jdz66mr2,ewpp7zkw,1
j1nz9l1p,5j56r4nx,j1nz9l1p,q25oowgk,None,1
j1nz9l1p,5j56r4nx,j1nz9l1p,jdz66mr2,n930q879,1
j1nz9l1p,5j56r4nx,yd4km2k6,02q93w7k,None,1
j1nz9l1p,5j56r4nx,46w3km91,xd14z57d,None,1
j1nz9l1p,5j56r4nx,om1mw4d2,jzd33ndn,None,6
j1nz9l1p,5j56r4nx,lde3eme6,ndx940vd,None,6
j1nz9l1p,5j56r4nx,3dxk0jy1,jdrr00xd,None,3
j1nz9l1p,5j56r4nx,j1nz9l1p,jdz66mr2,69zrpxld,1
j1nz9l1p,5j56r4nx,9do3z7dp,xk90mrgk,None,3
j1nz9l1p,5j56r4nx,j1nz9l1p,jdz66mr2,ldye1jkw,1
j1nz9l1p,5j56r4nx,j1nz9l1p,jdz66mr2,z98jre7w,1
j1nz9l1p,5j56r4nx,kyd45w6e,xk9lj6gk,5wk2gyxw,2
j1nz9l1p,5j56r4nx,yd4km2k6,ndxe9xjk,o9xrp5p9,1
j1nz9l1p,5j56r4nx,yd4km2k6,ndxe9xjk,r9gqv0pd,1
j1nz9l1p,5j56r4nx,yd4km2k6,ndxe9xjk,xd1lkv59,2
j1nz9l1p,5j56r4nx,yd4km2k6,ndxe9xjk,69zekog9,1
j1nz9l1p,5j56r4nx,yd4km2k6,ndxe9xjk,kwj4xo7w,2
j1nz9l1p,5j56r4nx,yd4km2k6,ndxe9xjk,495x7o3d,1
j1nz9l1p,5j56r4nx,yd4km2k6,ndxe9xjk,owo4ogk9,2
j1nz9l1p,5j56r4nx,yd4km2k6,ndxe9xjk,ywex6k79,1
j1nz9l1p,5j56r4nx,yd4km2k6,ndxe9xjk,nwl4rxe9,2
j1nz9l1p,5j56r4nx,yd4km2k6,ndxe9xjk,rdq4x229,1
j1nz9l1p,5j56r4nx,yd4km2k6,ndxe9xjk,5d7qn66w,1
j1nz9l1p,5j56r4nx,268w3ko6,xk9pn04d,None,1
j1nz9l1p,5j56r4nx,j1nz9l1p,jdz66mr2,y9me5r5d,3
j1nz9l1p,5j56r4nx,j1nz9l1p,jdz66mr2,rdq0zgkw,2
j1nz9l1p,5j56r4nx,j1nz9l1p,jdz66mr2,n930q8n9,1
j1nz9l1p,5j56r4nx,j1nz9l1p,jdz66mr2,z98jregw,2
j1nz9l1p,5j56r4nx,j1nz9l1p,jdz66mr2,owok7lod,2
j1nz9l1p,5j56r4nx,j1nz9l1p,jdz66mr2,xd10j6e9,1
j1nz9l1p,5j56r4nx,j1nz9l1p,jdz66mr2,o9x21k0w,1
j1nz9l1p,5j56r4nx,46w3km91,7kj809nd,kwj6x2nd,1
j1nz9l1p,5j56r4nx,j1nz9l1p,jdz66mr2,ywe42nyd,2
j1nz9l1p,5j56r4nx,j1nz9l1p,jdz66mr2,ldye1jjw,4
j1nz9l1p,5j56r4nx,j1nz9l1p,jdz66mr2,rdn5orqd,1
j1nz9l1p,5j56r4nx,om1mw4d2,vdooo1vd,rw642l69,4
j1nz9l1p,5j56r4nx,om1mw4d2,vdooo1vd,ldyyq57d,6
j1nz9l1p,5j56r4nx,om1mw4d2,vdooo1vd,xd0gp2jw,8
j1nz9l1p,j0vqrn4x,om1mw4d2,jzd33ndn,None,127
j1nz9l1p,j0vqrn4x,j1nz9l1p,q25oowgk,None,12
j1nz9l1p,y8dr1z9x,369p8k81,vdoon46d,None,1
j1nz9l1p,y8dr1z9x,v1pxk8p6,n2yx441d,oworqpvw,3
j1nz9l1p,y8dr1z9x,v1pxk8p6,n2yx441d,5wk31z29,2
j1nz9l1p,y8dr1z9x,yo1yyr1q,xd1r7v7k,n93qq47w,11
j1nz9l1p,y8dr1z9x,yo1yyr1q,xd1r7v7k,rw6qqond,9
j1nz9l1p,y8dr1z9x,yo1yyr1q,mkeoe9d6,None,24
j1nz9l1p,y8dr1z9x,lde3eme6,ndx940vd,None,5
j1nz9l1p,y8dr1z9x,om1mw4d2,jzd33ndn,None,17
j1nz9l1p,y8dr1z9x,4pd0n31e,xw20jzkn,8xd43q9m,1
j1nz9l1p,y8dr1z9x,om1mw4d2,l9kv40kg,None,6
j1nz9l1p,y8dr1z9x,j1nz9l1p,q25oowgk,None,26
j1nz9l1p,y8dr1z9x,76rkwed8,xd1erv42,None,67
j1nz9l1p,j51o2ez8,j1nz9l1p,q25oowgk,None,4
j1nz9l1p,j51o2ez8,pd0w3vv1,wdmx87ek,None,5
j1nz9l1p,j51o2ez8,om1mw4d2,jzd33ndn,None,26
j1nz9l1p,j51o2ez8,kdkm3re1,rkl9verk,None,28
j1nz9l1p,j51o2ez8,3dxk0jy1,jdrr00xd,None,4
j1nz9l1p,j51o2ez8,9do3z7dp,9d8pjn3k,None,1
j1nz9l1p,j51o2ez8,9d3ry0wd,rklvo9wd,None,7
j1nz9l1p,j51o2ez8,m1mx7nx6,zd363xrd,None,10
j1nz9l1p,j51o2ez8,yd4km2k6,02q93w7k,None,38
j1nz9l1p,j51o2ez8,om1mw4d2,l9kv40kg,None,111
j1nz9l1p,j2y17k68,om1mw4d2,jzd33ndn,None,66
j1nz9l1p,j2y17k68,4d7nrmr6,wkprzrw2,None,3
j1nz9l1p,j2y17k68,kyd45w6e,xk90pyk0,None,39
j1nz9l1p,j2y17k68,pd0w3vv1,wkp1vljk,None,40
j1nz9l1p,j2y17k68,w6j7zm46,zdno8972,None,4
j1nz9l1p,j2y17k68,w6j7zm46,zdno8972,None,3
j1nz9l1p,j2y17k68,om1mw4d2,l9kv40kg,None,145
j1nz9l1p,j2y17k68,ldejn5n1,7kjlvy42,None,18
j1nz9l1p,j2y17k68,lde3eme6,ndx940vd,None,56
j1nz9l1p,j2y17k68,46w3xnl1,02q30vzk,None,3
j1nz9l1p,j2y17k68,pd0qpz31,q251zyjd,None,10
j1nz9l1p,j2y17k68,kdkmyrx1,rklnn082,None,2
j1nz9l1p,j2y17k68,m1mx7nx6,vdoore1d,None,7
j1nz9l1p,j2y17k68,j1nz9l1p,q25oowgk,None,32
j1nz9l1p,j2y17k68,j1llrvj1,vdo8l49k,None,1
j1nz9l1p,j2y17k68,j1llrvj1,vdo8l49k,None,3
j1nz9l1p,j2y17k68,76rx5l68,zd37xy2n,None,30
j1nz9l1p,j2y17k68,4d79y4n1,z274lq52,None,6
j1nz9l1p,j2y17k68,3697y21l,wkp1m58k,None,4
j1nz9l1p,j2wn47lj,v1pxk8p6,n2yx441d,29vq541d,9
j1nz9l1p,j2wn47lj,m1mx7nx6,zdn7g6nk,None,2
j1nz9l1p,j2wn47lj,kdkmgq21,9kvr46j2,None,45
j1nz9l1p,j2wn47lj,m1mx7nx6,9d83ywl2,None,2
j1nz9l1p,j2wn47lj,om1mw4d2,prkl4wdn,None,3
j1nz9l1p,j2wn47lj,lde3eme6,ndx940vd,None,11
j1nz9l1p,j2wn47lj,lde3eme6,9d83gx32,ywem767d,2
j1nz9l1p,j2wn47lj,om1mw4d2,l9kv40kg,None,35
j1nz9l1p,j2wn47lj,om1mw4d2,l9kv40kg,None,50
j1nz9l1p,j2wn47lj,j1nz9l1p,jdz66mr2,z98jre7w,3
j1nz9l1p,j2wn47lj,j1nz9l1p,jdz66mr2,ldye1jjw,2
j1nz9l1p,j2wn47lj,4pd0n31e,7wkp6v2r,None,77
j1nz9l1p,j2wn47lj,om1mw4d2,jzd33ndn,None,68
j1nz9l1p,j2wn47lj,j1nz9l1p,q25oowgk,None,9
j1nz9l1p,j2wn47lj,j1nz9l1p,jdz66mr2,y9me5r5d,2
j1nz9l1p,j2wn47lj,lde3eme6,9d83gx32,495l073d,3
j1nz9l1p,j2wn47lj,3dxk0jy1,9d8yww3k,rdn7yjv9,1
j1nz9l1p,j2wn47lj,3dxk0jy1,9d8yww3k,z983xvld,1
j1nz9l1p,j2wn47lj,3dxk0jy1,9d8yww3k,yweyokrd,1
j1nz9l1p,j2wn47lj,3dxk0jy1,9d8yww3k,n931r5ed,1
j1nz9l1p,j2wn47lj,3dxk0jy1,9d8yww3k,69z51oo9,1
j1nz9l1p,j2wn47lj,3dxk0jy1,9d8yww3k,rw61zp79,1
j1nz9l1p,j2wn47lj,3dxk0jy1,9d8yww3k,r9glvkkw,1
j1nz9l1p,j2wn47lj,3dxk0jy1,9d8yww3k,xd018r1w,1
j1nz9l1p,j2wn47lj,3dxk0jy1,9d8yww3k,gdrnz4z9,1
j1nz9l1p,j2wn47lj,3dxk0jy1,9d8yww3k,xd41l7pd,1
j1nz9l1p,j2wn47lj,3dxk0jy1,9d8yww3k,ldyxo7z9,1
j1nz9l1p,j2wn47lj,3dxk0jy1,9d8yww3k,ldyxo7z9,1
j1nz9l1p,j2wn47lj,9do3z7dp,9d8pjn3k,None,1
j1nz9l1p,j2wn47lj,yd4km2k6,02q93w7k,None,22
j1nz9l1p,j2wn47lj,4pd0n31e,n2yq98ko,None,200
j1nz9l1p,v814rr38,v1pxk8p6,n2yx441d,29vq541d,9
j1nz9l1p,v814rr38,m1mn054d,7kjl38z2,None,1
j1nz9l1p,v814rr38,3dxk0jy1,9d8yww3k,nwl58xrd,2
j1nz9l1p,v814rr38,j1nz9l1p,jdz66mr2,ewpp7zkw,3
j1nz9l1p,v814rr38,lde3eme6,n2yomp1d,None,1
j1nz9l1p,v814rr38,kyd45w6e,xk9lj6gk,5d776oed,1
j1nz9l1p,v814rr38,kyd45w6e,xk9lj6gk,nwl6krgw,1
j1nz9l1p,v814rr38,kyd45w6e,xk9lj6gk,xd10vgy9,1
j1nz9l1p,v814rr38,kyd45w6e,xk9lj6gk,xd46vq89,1
j1nz9l1p,v814rr38,kyd45w6e,xk9lj6gk,y9mekl0d,1
j1nz9l1p,v814rr38,kyd45w6e,xk9lj6gk,z98j2x1w,1
j1nz9l1p,v814rr38,kyd45w6e,xk9lj6gk,495jv74w,1
j1nz9l1p,v814rr38,kyd45w6e,xk9lj6gk,n9302rr9,1
j1nz9l1p,v814rr38,kyd45w6e,xk9lj6gk,ewppkg4w,1
j1nz9l1p,v814rr38,kyd45w6e,xk9lj6gk,o9x2mp7w,1
j1nz9l1p,v814rr38,kyd45w6e,xk9lj6gk,592jvx6w,1
j1nz9l1p,v814rr38,kyd45w6e,xk9lj6gk,rw6vkz69,1
j1nz9l1p,v814rr38,kyd45w6e,xk9lj6gk,rw6vkj69,1
j1nz9l1p,v814rr38,kyd45w6e,xk9lj6gk,rdq06xgw,1
j1nz9l1p,v814rr38,kyd45w6e,xk9lj6gk,ldye4o7w,1
j1nz9l1p,v814rr38,kyd45w6e,xk9lj6gk,69zrmk4d,1
j1nz9l1p,v814rr38,kyd45w6e,xk9lj6gk,kwjyon1w,1
j1nz9l1p,v814rr38,kyd45w6e,xk9lj6gk,gdrjk5kw,1
j1nz9l1p,v814rr38,kyd45w6e,xk9lj6gk,xd00v8jd,1
j1nz9l1p,v814rr38,kyd45w6e,xk9lj6gk,xd00vzjd,1
j1nz9l1p,v814rr38,kyd45w6e,xk9lj6gk,owokgz3d,1
j1nz9l1p,v814rr38,kyd45w6e,xk9lj6gk,r9gzkv2d,1
j1nz9l1p,v814rr38,kyd45w6e,xk9lj6gk,rdn5ky6d,1
j1nz9l1p,v814rr38,kyd45w6e,xk9lj6gk,ywe4z64d,1
j1nz9l1p,v814rr38,kyd45w6e,xk9lj6gk,29vy1ox9,1
j1nz9l1p,v814rr38,kyd45w6e,xk9lj6gk,5wk2gyxw,1
j1nz9l1p,v814rr38,kyd45w6e,xk9lj6gk,n93026r9,1
j1nz9l1p,v814rr38,268w3ko6,xd117m7d,29vn863d,1
j1nz9l1p,v814rr38,268w3ko6,z27mog02,None,1
j1nz9l1p,v814rr38,j1nz9l1p,q25oowgk,None,2
j1nz9l1p,v814rr38,m1mx7nx6,jdzw3rrd,None,1
j1nz9l1p,v814rr38,j1nz9l1p,jdz66mr2,nwl6gn0w,2
j1nz9l1p,v814rr38,j1nz9l1p,q25oowgk,None,20
j1nz9l1p,v814rr38,j1nz9l1p,jdz66mr2,r9gzyr5d,1
j1nz9l1p,v814rr38,46w3km91,zd3ozq8d,None,1
j1nz9l1p,v814rr38,46w3km91,7kj809nd,ldyknokw,1
j1nz9l1p,v814rr38,46w3km91,7kj809nd,z985yxg9,1
j1nz9l1p,v814rr38,46w3km91,7kj809nd,xd1ykned,1
j1nz9l1p,v814rr38,46w3km91,7kj809nd,kwj6x2nd,2
j1nz9l1p,v814rr38,46w3km91,7kj809nd,69z6y1ld,1
j1nz9l1p,v814rr38,46w3km91,7kj809nd,owo5orod,1
j1nz9l1p,v814rr38,46w3km91,7kj809nd,r9gnep5d,1
j1nz9l1p,v814rr38,46w3km91,7kj809nd,5d7xngg9,1
j1nz9l1p,v814rr38,46w3km91,7kj809nd,495z3e09,1
j1nz9l1p,v814rr38,46w3km91,7kj809nd,gdromz6d,1
j1nz9l1p,v814rr38,46w3km91,7kj809nd,rdnx6yqw,1
j1nz9l1p,v814rr38,46w3km91,7kj809nd,o9xo8j09,1
j1nz9l1p,v814rr38,j1nz9l1p,jdz66mr2,gdrjpg6w,1
j1nz9l1p,v814rr38,46w3km91,7kj809nd,nwlzq80d,1
j1nz9l1p,v814rr38,46w3km91,7kj809nd,ywe3roy9,1
j1nz9l1p,v814rr38,m1mx7nx6,wkpo8182,None,3
j1nz9l1p,v814rr38,9d3loedl,rklg58rd,nwl620pw,2
j1nz9l1p,v814rr38,j1nz9l1p,jdz66mr2,kwjy73nw,1
j1nz9l1p,v814rr38,j1nz9l1p,jdz66mr2,rdn5ornd,1
j1nz9l1p,v814rr38,4d79y4n1,z274lq52,None,2
j1nz9l1p,v814rr38,j1nz9l1p,02qm3nzd,None,3
j1nz9l1p,v814rr38,4d79y4n1,xk9e84x2,None,1
j1nz9l1p,v814rr38,o1y908r6,vdo35j6d,None,1
j1nz9l1p,v814rr38,kyd45w6e,xk90pyk0,None,33
j1nz9l1p,v814rr38,m1mx7nx6,xk9vzvxd,None,2
j1nz9l1p,v814rr38,j1l7g7dg,rkln1r2n,None,3
j1nz9l1p,v814rr38,m1mx7nx6,zd363xrd,None,1
j1nz9l1p,v814rr38,om1mw4d2,mkeqpjjk,n937knrd,1
j1nz9l1p,v814rr38,m1mx7nx6,zd363xrd,None,2
j1nz9l1p,v814rr38,om1mw4d2,jzd33ndn,None,132
j1nz9l1p,v814rr38,lde3eme6,ndx940vd,None,182
