original_game_id,user_id,game_id,category_id,level_id,position
w6jlgqxd,x72e93y8,v1pje718,wk6vvoqd,495kn639,4
w6jlgqxd,x72e93y8,w6jlgqxd,9kv96132,None,35
w6jlgqxd,j96q5vrj,pd0py36e,vdo3oqyd,None,1519
w6jlgqxd,j96q5vrj,w6jlgqxd,jdrve302,None,45
w6jlgqxd,8w0z144j,3698my8d,7kj7xqgk,None,38
w6jlgqxd,8w0z144j,3698my8d,7kj7xqgk,None,16
w6jlgqxd,8w0z144j,w6jlgqxd,9d8l59w2,None,2
w6jlgqxd,8w0z144j,w6jlgqxd,8248q4ek,None,4
w6jlgqxd,xylkrryj,w6jlgqxd,jdrve302,None,47
w6jlgqxd,j4qqqlwx,w6jlgqxd,zd3xgxed,None,9
w6jlgqxd,j03m4r9j,w6jlgqxd,9kv96132,None,13
w6jlgqxd,8e66gmpj,w6jlgqxd,jdrve302,None,50
w6jlgqxd,8e66gmpj,w6jlgqxd,9kv96132,None,61
w6jlgqxd,x3m0wd78,w6jlgqxd,8248q4ek,None,24
w6jlgqxd,jn94671x,w6jlgqxd,9kv96132,None,32
w6jlgqxd,jn94671x,9dow9rm1,mke46p82,None,54
w6jlgqxd,jn94671x,pd0py36e,vdo3oqyd,None,2349
w6jlgqxd,j5ve2n68,w6jlgqxd,9kv96132,None,51
w6jlgqxd,j0vvwm4x,w6jlgqxd,9kv96132,None,65
w6jlgqxd,xz1m2g9j,w6jlgqxd,jdrve302,None,41
w6jlgqxd,xz1m2g9j,w6jlgqxd,8248q4ek,None,22
w6jlgqxd,8d4447l8,w6jlgqxd,jdrve302,None,6
w6jlgqxd,8dg9zp98,w6jlgqxd,jdrve302,None,42
w6jlgqxd,jon7p7n8,w6jlgqxd,jdrve302,None,45
w6jlgqxd,814k3d58,76rqeld8,9d8j6zwk,None,1
w6jlgqxd,814k3d58,76rqeld8,9d8j6zwk,None,3
w6jlgqxd,814k3d58,4d79j2g1,wk68jxr2,29v5x1nd,7
w6jlgqxd,814k3d58,4d79j2g1,wk68jxr2,o9x3qm19,10
w6jlgqxd,814k3d58,4d79j2g1,wk68jxr2,ldy861zw,3
w6jlgqxd,814k3d58,4d79j2g1,n2yg18m2,69znloo9,2
w6jlgqxd,814k3d58,4d79j2g1,w2031w52,owoqn7yd,5
w6jlgqxd,814k3d58,pd0wjr31,jdzw366d,5d7zp3ew,2
w6jlgqxd,814k3d58,pd0wjr31,8240xjnd,xd18p0yw,4
w6jlgqxd,814k3d58,pd0wjr31,jdzw366d,xd4rp689,1
w6jlgqxd,814k3d58,pd0wjr31,jdzw366d,y9m10e09,3
w6jlgqxd,814k3d58,pd0wjr31,jdzw366d,5d7zp7ew,1
w6jlgqxd,814k3d58,pd0wjr31,8240xjnd,kwj10y1w,13
w6jlgqxd,814k3d58,pd0wjr31,jdzw366d,ewp0np4d,2
w6jlgqxd,814k3d58,pd0wjr31,jdzw366d,rw6e2v6d,1
w6jlgqxd,814k3d58,pd0wjr31,8240xjnd,owoq8k3d,1
w6jlgqxd,814k3d58,pd0wjr31,jdzw366d,xd18p0yw,1
w6jlgqxd,814k3d58,pd0wjr31,jdzw366d,29v5gyxd,1
w6jlgqxd,814k3d58,pd0wjr31,jdzw366d,xd03p0jd,1
w6jlgqxd,814k3d58,pd0wjr31,jdzw366d,592nmj69,1
w6jlgqxd,814k3d58,pd0wjr31,jdzw366d,n93yk0rd,6
w6jlgqxd,814k3d58,pd0wjr31,jdzw366d,5wk102xd,1
w6jlgqxd,814k3d58,pd0wjr31,8240xjnd,z98gpj1w,1
w6jlgqxd,814k3d58,9dowe2o1,jdrvz452,None,8
w6jlgqxd,814k3d58,76rxm456,ndx9zpvd,None,3
w6jlgqxd,814k3d58,w6jlgqxd,jdz97gx2,None,3
w6jlgqxd,8lpq7w2j,w6jlgqxd,jdrve302,None,13
w6jlgqxd,8qomvv7j,w6jlgqxd,8248q4ek,None,3
w6jlgqxd,8qomvv7j,w6jlgqxd,jdrve302,None,3
w6jlgqxd,8g59zy2j,w6jlgqxd,jdrve302,None,48
w6jlgqxd,j511wwq8,w6jlgqxd,9d83ezw2,None,12
w6jlgqxd,8l435v7j,w6jlgqxd,jdrve302,None,24
w6jlgqxd,8l435v7j,nd2er3ed,9kvyy7ok,592qxq39,297
w6jlgqxd,8l435v7j,nd2er3ed,9kvyy7ok,ldy58ozw,18
w6jlgqxd,816v445x,j1lp2jdg,ndxj3312,29vm2x39,41
w6jlgqxd,816v445x,w6jlgqxd,9kv96132,None,58
w6jlgqxd,816v445x,j1nermw1,jdrvo6l2,5928leg9,64
w6jlgqxd,816v445x,yd4oqnk1,zdn0g5q2,None,3
w6jlgqxd,816v445x,yd4oqnk1,z27rz0gd,None,2
w6jlgqxd,816v445x,yd4oqnk1,zdn0g5q2,None,3
w6jlgqxd,816v445x,yd4oqnk1,jdrvy3x2,None,6
w6jlgqxd,816v445x,369pxvg1,xk9v8vyd,None,800
w6jlgqxd,8e9mpr6j,nd2z5qd0,9kvpxjjk,None,154
w6jlgqxd,8e9mpr6j,w6jlgqxd,9kv96132,None,16
w6jlgqxd,8e9mpr6j,w6jlgqxd,9d83ezw2,None,6
w6jlgqxd,jm33ezn8,w6jlgqxd,jdrve302,None,23
w6jlgqxd,jm33ezn8,j1lq4ze6,jdzlejr2,None,13
w6jlgqxd,j0v4y7rx,w6jlgqxd,zd3xgxed,None,5
w6jlgqxd,xk4o527j,w6jlgqxd,9kv96132,None,6
w6jlgqxd,x355oqkj,76rx9le6,8241np32,None,148
w6jlgqxd,x355oqkj,pd0py36e,vdo3oqyd,None,663
w6jlgqxd,x355oqkj,k6qerz6g,7kj1grgk,None,12
w6jlgqxd,x355oqkj,w6jlgqxd,jdz97gx2,None,6
w6jlgqxd,xk3on4k8,w6jlgqxd,9d8l59w2,None,11
w6jlgqxd,8w1p3plx,w6jlgqxd,9kv96132,None,3
w6jlgqxd,8w1p3plx,w6jlgqxd,9d83ezw2,None,4
w6jlgqxd,x3q417kj,pd0py36e,mkeoxrjd,rdnzyz7d,210
w6jlgqxd,x3q417kj,w6jlgqxd,jdrve302,None,28
w6jlgqxd,8gmwe2p8,w6jlgqxd,8248q4ek,None,1
w6jlgqxd,8gmwe2p8,w6jlgqxd,9d8l59w2,None,3
w6jlgqxd,j4ryled8,w6jlgqxd,9kv96132,None,34
w6jlgqxd,86nplppx,j1nl3xdp,ndxpoy52,None,485
w6jlgqxd,86nplppx,nd2z5qd0,9kvpxjjk,None,548
w6jlgqxd,86nplppx,nd2e0eed,9kvoly02,None,119
w6jlgqxd,86nplppx,nd2e0eed,zd3wr7nk,None,150
w6jlgqxd,86nplppx,268ejwo6,7kj3jjn2,None,51
w6jlgqxd,86nplppx,j1n5yx1p,xd13zxrk,None,73
w6jlgqxd,86nplppx,w6jlgqxd,9kv96132,None,62
w6jlgqxd,86nplppx,lde3e3e6,9d8441qk,None,134
w6jlgqxd,86nplppx,j1n5yx1p,xd13zxrk,None,29
w6jlgqxd,xk42ndkj,w6jlgqxd,9d83ezw2,None,14
w6jlgqxd,x35prgqj,w6jlgqxd,9kv96132,None,26
w6jlgqxd,8636po38,nd24q310,5dwy04lk,None,61
w6jlgqxd,8636po38,w6jlgqxd,jdrve302,None,16
w6jlgqxd,8w1r3llx,w6jlgqxd,9kv96132,None,37
w6jlgqxd,jopw5zex,w6jlgqxd,9d83ezw2,None,9
w6jlgqxd,5j55zgnj,kdkn7xdm,wkpq5jjd,None,12
w6jlgqxd,5j55zgnj,46w34n71,w208y4zd,592elko9,6
w6jlgqxd,5j55zgnj,w6jlgqxd,9d83ezw2,None,13
w6jlgqxd,5j55zgnj,w6jlgqxd,jdrve302,None,26
w6jlgqxd,jpo3kzk8,w6jlgqxd,9d8l59w2,None,8
w6jlgqxd,j2wlw46j,w6jlgqxd,jdrve302,None,43
w6jlgqxd,8voow05x,268elpk6,jdzwnvgd,None,21
w6jlgqxd,8voow05x,w6jlgqxd,jdrve302,None,8
w6jlgqxd,xyr0oryj,w6jlgqxd,9kv96132,None,64
w6jlgqxd,xyro5ryj,w6jlgqxd,jdrve302,None,44
w6jlgqxd,xyro5ryj,369pn801,5dw68x52,None,5
w6jlgqxd,xz1o27rj,w6jlgqxd,jdrve302,None,17
w6jlgqxd,qxkv5r7j,268wzok6,zdnz70ed,None,1
w6jlgqxd,qxkv5r7j,4d790y31,rklzj8q2,None,1
w6jlgqxd,qxkv5r7j,4d790y31,rklzj8q2,None,1
w6jlgqxd,qxkv5r7j,4d790y31,zd3r7myd,None,1
w6jlgqxd,qxkv5r7j,j1n8qpl1,rklnovq2,None,5
w6jlgqxd,qxkv5r7j,pd00lwde,824m8wn2,None,38
w6jlgqxd,qxkv5r7j,j1n8y4l1,vdoy58v2,None,2
w6jlgqxd,qxkv5r7j,w6jlgqxd,8248q4ek,None,12
w6jlgqxd,qxkv5r7j,w6jlgqxd,9kv96132,None,1
w6jlgqxd,qxkv5r7j,4d7npmz6,ndx396jd,None,20
w6jlgqxd,qxkv5r7j,k6qerz6g,vdo106y2,None,10
w6jlgqxd,qxkv5r7j,4d7wwr67,7dg5y642,None,7
w6jlgqxd,qxkv5r7j,nd24q310,wkpqp1wd,None,16
w6jlgqxd,qxkv5r7j,4d790y31,wkp5890d,None,2
w6jlgqxd,qxkv5r7j,nd2qgrd0,z27v73o2,None,7
w6jlgqxd,qxkv5r7j,pd0py36e,q257qx8d,None,29
w6jlgqxd,qxkv5r7j,4d7wwr67,7dg5y642,None,16
w6jlgqxd,qxkv5r7j,k6qw9eo6,xk9we6v2,None,9
w6jlgqxd,qxkv5r7j,lde3e3e6,9d8441qk,None,400
w6jlgqxd,qxkv5r7j,k6qerz6g,mke4oe82,None,4
w6jlgqxd,qxkv5r7j,k6qerz6g,wkp3jpg2,None,21
w6jlgqxd,qxkv5r7j,k6qerz6g,7dg68z7k,None,4
w6jlgqxd,qxkv5r7j,k6qerz6g,5dwgj0ek,None,15
w6jlgqxd,qxkv5r7j,k6qerz6g,wkp3jpg2,None,9
w6jlgqxd,qxkv5r7j,k6qerz6g,7dg68z7k,None,7
w6jlgqxd,qxkv5r7j,k6qerz6g,mke4oe82,None,6
w6jlgqxd,qxkv5r7j,w6jlgqxd,zd3xgxed,None,8
w6jlgqxd,qxkv5r7j,nd2e0eed,zd3wr7nk,None,334
w6jlgqxd,qxkv5r7j,o6g9j8d2,wdm4y14d,None,10
w6jlgqxd,qxkv5r7j,4d79o7n1,824ggrm2,None,476
w6jlgqxd,qxkv5r7j,nd24q310,7dg5znp2,None,29
w6jlgqxd,qxkv5r7j,nd24q310,7dg5znp2,None,20
w6jlgqxd,qxkv5r7j,9d3rpxgd,n2yony1d,None,60
w6jlgqxd,qxkv5r7j,j1nl3xdp,ndxpoy52,None,355
w6jlgqxd,qxkv5r7j,268ejwo6,7kj3jjn2,None,14
w6jlgqxd,qxkv5r7j,m1zok2d0,rkler462,None,9
w6jlgqxd,qxkv5r7j,w6jlgqxd,jdrve302,None,11
w6jlgqxd,qxkv5r7j,kdkzoxed,rklllvrk,None,51
w6jlgqxd,qxkv5r7j,pd00lwde,9d8jlrlk,None,3
w6jlgqxd,qxkv5r7j,k6qerz6g,xk9jz0yd,None,5
w6jlgqxd,qxkv5r7j,369nyldl,xd13jz4k,None,7
w6jlgqxd,qxkv5r7j,76rx9le6,jdrxjnnd,None,319
w6jlgqxd,qxkv5r7j,4d7983l1,wdmxgzok,None,4
w6jlgqxd,qxkv5r7j,o6glovxd,5dw49ynk,None,2
w6jlgqxd,qxkv5r7j,pd00lwde,rkl999nk,y9my8159,2
w6jlgqxd,qxkv5r7j,pd00lwde,7dg4nrxd,y9my8159,3
w6jlgqxd,qxkv5r7j,m1zjwj36,jdrvv4n2,None,5
w6jlgqxd,qxkv5r7j,m1zjwj36,jdrvv4n2,None,5
w6jlgqxd,qxkv5r7j,m1zjwj36,jdz99zr2,None,1
w6jlgqxd,qxkv5r7j,m1zjwj36,jdrvv4n2,None,1
w6jlgqxd,qxkv5r7j,nd2e3ped,jdrvv7g2,None,2
w6jlgqxd,qxkv5r7j,m1zjwj36,jdrvv4n2,None,6
w6jlgqxd,qxkv5r7j,nd2e3ped,zdn001e2,rdnl3v7w,1
w6jlgqxd,qxkv5r7j,nd2e3ped,zdn001e2,rdnl3v7w,3
w6jlgqxd,qxkv5r7j,nd2e3ped,jdrvv7g2,None,5
w6jlgqxd,qxkv5r7j,nd2e3ped,jdrvv7g2,None,12
w6jlgqxd,qxkv5r7j,nd2e3ped,jdrvv7g2,None,5
w6jlgqxd,qxkv5r7j,nd2e3ped,jdrvv7g2,None,5
w6jlgqxd,qxkv5r7j,w6jlgqxd,jdz97gx2,None,4
w6jlgqxd,qxkv5r7j,w6jlgqxd,02q3p1zk,None,2
w6jlgqxd,qxkv5r7j,y657k3de,jdr1wyg2,None,9
w6jlgqxd,qxkv5r7j,y657k3de,jdr1wyg2,None,4
w6jlgqxd,qxkv5r7j,y657k3de,jdr1wyg2,None,3
w6jlgqxd,qxkv5r7j,o1ywg2dq,9d8vyvwk,None,12
w6jlgqxd,qxkv5r7j,pdvxlv1w,z273qggd,None,1
w6jlgqxd,qxkv5r7j,pdvxlv1w,7kjze5xd,None,1
w6jlgqxd,qxkv5r7j,pd0py36e,vdo3oqyd,None,138
w6jlgqxd,qxkv5r7j,pd00lwde,824m8wn2,None,16
w6jlgqxd,qxkv5r7j,4d790y31,w20vxyvk,None,1
w6jlgqxd,qxkv5r7j,lde3kex6,9kvyg90k,None,3
w6jlgqxd,qxkv5r7j,4d790y31,rklv3lrd,None,1
w6jlgqxd,qxkv5r7j,4d790y31,xd1l788k,None,1
w6jlgqxd,qxkv5r7j,4d790y31,wdmlq34k,None,1
w6jlgqxd,qxkv5r7j,4d790y31,7kjq3vgd,None,1
w6jlgqxd,xyr142nj,w6jlgqxd,9kv96132,None,22
w6jlgqxd,8gr121px,9do8wj31,9kvq6mod,ldyl7mk9,2
w6jlgqxd,8gr121px,w6jlgqxd,zd3xgxed,None,7
w6jlgqxd,8gr121px,76rxz0l6,wk6e07r2,o9xor239,9
w6jlgqxd,8gr121px,9do8wj31,5dw965e2,None,6
w6jlgqxd,8gr121px,9dowe2o1,jdrvz452,None,12
w6jlgqxd,8gr121px,j1nermw1,wdmxn43k,None,28
w6jlgqxd,8gr121px,76rxz0l6,wk6e07r2,69z6erxd,3
w6jlgqxd,8gr121px,9do8wj31,9kvq6mod,ldyl7mk9,3
w6jlgqxd,8gr121px,9do8wj31,9kvq6mod,nwl4xr09,2
w6jlgqxd,8gr121px,j1nermw1,824geme2,5928leg9,1
w6jlgqxd,8gr121px,9do8wj31,9kvq6mod,rdn4jeq9,3
w6jlgqxd,8gr121px,9do8wj31,9kvq6mod,gdr6456d,2
w6jlgqxd,8gr121px,j1nermw1,q25mo88d,ldy56qjw,1
w6jlgqxd,8gr121px,j1nermw1,q25mo88d,ldy56qjw,4
w6jlgqxd,8gr121px,j1nermw1,q25mo88d,xd02yp09,5
w6jlgqxd,8gr121px,j1nermw1,824geme2,rdnl83nw,1
w6jlgqxd,8gr121px,j1nermw1,q25mo88d,29vlxg1w,3
w6jlgqxd,8gr121px,j1nermw1,q25mo88d,xd02yp09,5
w6jlgqxd,8gr121px,9do8wj31,9kvq6mod,nwl4xr09,2
w6jlgqxd,8gr121px,j1nermw1,q25mo88d,xd02yp09,2
w6jlgqxd,8gr121px,j1nermw1,824geme2,xd02yp09,8
w6jlgqxd,8gr121px,j1nermw1,q25mo88d,xd02yp09,3
w6jlgqxd,8gr121px,9do8wj31,9kvq6mod,z984v1gw,2
w6jlgqxd,8gr121px,j1nermw1,jdrvo6l2,xd4yzp0d,15
w6jlgqxd,8gr121px,j1nermw1,02q3mw9k,29vlxg1w,3
w6jlgqxd,8gr121px,9do8wj31,9kvq6mod,nwl4xr09,3
w6jlgqxd,8gr121px,j1nermw1,jdrvo6l2,xd4yzp0d,7
w6jlgqxd,8gr121px,j1nermw1,02q3mw9k,xd4yzp0d,2
w6jlgqxd,8gr121px,j1nermw1,jdrvo6l2,xd4yzp0d,12
w6jlgqxd,8gr121px,j1nermw1,824geme2,5wkno45w,3
w6jlgqxd,8gr121px,j1nermw1,824geme2,5wkno45w,3
w6jlgqxd,8gr121px,j1nermw1,jdrvo6l2,xd4yzp0d,6
w6jlgqxd,8gr121px,j1nermw1,q25mo88d,5wkno45w,3
w6jlgqxd,8gr121px,j1nermw1,q25mo88d,5wkno45w,2
w6jlgqxd,8gr121px,j1nermw1,q25mo88d,5wkno45w,5
w6jlgqxd,8gr121px,j1nermw1,q25mo88d,5wkno45w,8
w6jlgqxd,8gr121px,j1nermw1,02q3mw9k,ldy56qjw,4
w6jlgqxd,8gr121px,j1nermw1,jdrvo6l2,29vlxg1w,3
w6jlgqxd,8gr121px,j1nermw1,02q3mw9k,ldy56qjw,1
w6jlgqxd,8gr121px,j1nermw1,jdz96062,xd02yp09,9
w6jlgqxd,8gr121px,j1nermw1,02q3mw9k,ldy56qjw,6
w6jlgqxd,8gr121px,j1nermw1,jdz96062,ldy56qjw,10
w6jlgqxd,8gr121px,j1nermw1,jdz96062,29vlxg1w,8
w6jlgqxd,8gr121px,j1nermw1,jdz96062,ldy56qjw,9
w6jlgqxd,8gr121px,j1nermw1,jdz96062,rdnl83nw,5
w6jlgqxd,8gr121px,j1nermw1,jdrvo6l2,29vlxg1w,8
w6jlgqxd,8gr121px,j1nermw1,jdz96062,xd4yzp0d,6
w6jlgqxd,8gr121px,j1nermw1,jdz96062,xd4yzp0d,13
w6jlgqxd,8gr121px,j1nermw1,jdz96062,29vlxg1w,10
w6jlgqxd,8gr121px,j1nermw1,jdz96062,xd4yzp0d,13
w6jlgqxd,8gr121px,j1nermw1,jdrvo6l2,5wkno45w,9
w6jlgqxd,8gr121px,j1nermw1,jdrvo6l2,ldy56qjw,12
w6jlgqxd,8gr121px,j1nermw1,jdrvo6l2,5wkno45w,32
w6jlgqxd,8gr121px,j1nermw1,jdz96062,5928leg9,13
w6jlgqxd,8gr121px,j1nermw1,jdrvo6l2,ldy56qjw,14
w6jlgqxd,8gr121px,j1nermw1,jdrvo6l2,xd02yp09,16
w6jlgqxd,8gr121px,j1nermw1,jdrvo6l2,y9mr34lw,23
w6jlgqxd,8gr121px,j1nermw1,jdrvo6l2,y9mr34lw,27
w6jlgqxd,8gr121px,j1nermw1,jdz96062,5wkno45w,29
w6jlgqxd,8gr121px,j1nermw1,02q3mw9k,xd02yp09,2
w6jlgqxd,8gr121px,j1nermw1,jdrvo6l2,xd02yp09,10
w6jlgqxd,8gr121px,j1nermw1,02q3mw9k,5928leg9,7
w6jlgqxd,8gr121px,j1nermw1,jdz96062,5928leg9,31
w6jlgqxd,8gr121px,j1nermw1,jdz96062,5wkno45w,65
w6jlgqxd,8gr121px,j1nermw1,jdz96062,5928leg9,21
w6jlgqxd,8gr121px,j1nermw1,jdrvo6l2,5928leg9,23
w6jlgqxd,8gr121px,j1nermw1,jdrvo6l2,29vlxg1w,15
w6jlgqxd,8gr121px,w6jlgqxd,9kv96132,None,28
w6jlgqxd,8gr121px,j1nermw1,jdrvo6l2,xd02yp09,22
w6jlgqxd,8gr121px,j1nermw1,jdrvo6l2,ldy56qjw,21
w6jlgqxd,8gr121px,j1nermw1,jdz96062,xd02yp09,11
w6jlgqxd,8gr121px,w6jlgqxd,jdrve302,None,18
w6jlgqxd,8gr121px,j1nermw1,jdz96062,xd02yp09,2
w6jlgqxd,8gr121px,j1nermw1,jdrvo6l2,5928leg9,6
w6jlgqxd,8gr121px,j1nermw1,jdrvo6l2,5wkno45w,138
w6jlgqxd,j0nye998,w6jlgqxd,9kv96132,None,30
w6jlgqxd,x3mzz5e8,w6jlgqxd,8248q4ek,None,17
w6jlgqxd,xzl1v608,3698my8d,5dwqmzld,None,156
w6jlgqxd,xzl1v608,3698my8d,5dwqmzld,None,23
w6jlgqxd,xzl1v608,3dxkp5g1,02qeymy2,None,2
w6jlgqxd,xzl1v608,3dxkp5g1,jdrwjo5k,None,2
w6jlgqxd,xzl1v608,3dxkp5g1,jdzr16g2,None,9
w6jlgqxd,xzl1v608,76r3e456,5dwqrqed,None,8
w6jlgqxd,xzl1v608,76r3n7l6,zd35mv8k,None,3
w6jlgqxd,xzl1v608,lde3eje6,n2yog7zd,None,1
w6jlgqxd,xzl1v608,9do7076p,9d8v5gwk,None,1
w6jlgqxd,xzl1v608,76r37re6,mkey4z62,None,2
w6jlgqxd,xzl1v608,w6jlgqxd,jdrve302,None,4
w6jlgqxd,xzl1v608,76rx9le6,jdrxjnnd,None,33
w6jlgqxd,xzl1v608,9do7076p,mke4z692,None,6
w6jlgqxd,xzl1v608,76rx9le6,8241np32,None,16
w6jlgqxd,8v5z34yj,pdvwr96w,rkl9ggnk,rdnl126w,3
w6jlgqxd,8v5z34yj,w6jlgqxd,9kv96132,None,33
w6jlgqxd,8v5ypd5j,76rxlve6,7dg9emxk,None,19
w6jlgqxd,8v5ypd5j,pd0wx9w1,zd36l5rd,None,2470
w6jlgqxd,8v5ypd5j,268wry6p,ndx7m3v2,ewpeqv49,4
w6jlgqxd,8v5ypd5j,j1lnx46g,02q3w59k,rw6ekm7d,9
w6jlgqxd,8v5ypd5j,m1zjg926,wk6n5xx2,None,60
w6jlgqxd,8v5ypd5j,w6jlgqxd,9kv96132,None,14
w6jlgqxd,8v5ypd5j,m1zjg926,z27rq8gd,xd03lrmd,43
w6jlgqxd,8v5ypd5j,ok6q991g,9d8p31lk,o9x2vz1w,3
w6jlgqxd,8v5ypd5j,yd4ojlw1,7kj6pvn2,None,2
w6jlgqxd,8v5ypd5j,yd4ojlw1,zdn8r69d,nwlpezo9,9
w6jlgqxd,8v5ypd5j,4d79o7n1,824ggrm2,None,8
w6jlgqxd,8v5ypd5j,m1zjg926,xk9royyk,n93yn22d,13
w6jlgqxd,8v5ypd5j,m1zjg926,z27rq8gd,ywemjzld,34
w6jlgqxd,8v5ypd5j,4d79o7n1,824ggrm2,None,216
w6jlgqxd,8v5ypd5j,m1zjg926,xk9royyk,gdr18kew,10
w6jlgqxd,8v5ypd5j,m1zjg926,z27rq8gd,ldy854pw,48
w6jlgqxd,8v5ypd5j,pd0n301e,jdz50m3d,rdn57vnd,3
w6jlgqxd,8v5ypd5j,4d79o7n1,02q33ljk,None,6
w6jlgqxd,8v5ypd5j,4d79o7n1,02q33ljk,None,4
w6jlgqxd,8v5ypd5j,m1zjg926,q25gnr8d,None,18
w6jlgqxd,8v5ypd5j,m1zjg926,xk9royyk,rdn2lk5d,30
w6jlgqxd,8v5ypd5j,m1zjg926,z27rq8gd,rdn2lk5d,54
w6jlgqxd,8v5ypd5j,4d79o7n1,824ggrm2,None,7
w6jlgqxd,8v5ypd5j,yd4kgpp6,xd1j8ezd,None,6
w6jlgqxd,8v5ypd5j,m1zjg926,zdn0jeq2,ywemjzld,12
w6jlgqxd,8v5ypd5j,yd4kgpp6,7dgmw9gd,z98o607d,5
w6jlgqxd,8v5ypd5j,pdvzkx46,zd3w9nvk,495lrvmd,17
w6jlgqxd,8v5ypd5j,m1zok2d0,jdrpjm02,None,4
w6jlgqxd,8v5ypd5j,j1ne7ww1,n2y558ek,None,3
w6jlgqxd,8v5ypd5j,m1zok2d0,rkler462,None,1
w6jlgqxd,8v5ypd5j,4d79o7n1,02q33ljk,None,5
w6jlgqxd,8v5ypd5j,j1ne7ww1,02qooyzk,None,2
w6jlgqxd,8v5ypd5j,j1ne7ww1,q25qqrw2,None,1
w6jlgqxd,8v5ypd5j,j1ne7ww1,zdn44e7k,None,1
w6jlgqxd,8v5ypd5j,w6jlgqxd,jdrve302,None,31
w6jlgqxd,8v5ypd5j,nd2e0eed,zd3wr7nk,None,159
w6jlgqxd,8v5ypd5j,nd2e0eed,9kvoly02,None,62
w6jlgqxd,j2ymgeo8,w6jlgqxd,9kv96132,None,15
w6jlgqxd,jnzk9vqj,j1llrpz1,5dwg0vgk,None,1
w6jlgqxd,jnzk9vqj,j1llrpz1,n2yolj7d,None,1
w6jlgqxd,jnzk9vqj,j1llrpz1,n2yolj7d,None,1
w6jlgqxd,jnzk9vqj,nd285qed,7kj9ywz2,None,3
w6jlgqxd,jnzk9vqj,k6q459zd,ndx43452,ldy3ppk9,2
w6jlgqxd,jnzk9vqj,k6q459zd,vdo15xy2,None,2
w6jlgqxd,jnzk9vqj,lde3e3e6,xd1gg98d,None,3
w6jlgqxd,jnzk9vqj,lde3eje6,n2yog7zd,None,2
w6jlgqxd,jnzk9vqj,k6q459zd,vdo15xy2,None,3
w6jlgqxd,jnzk9vqj,w6jlgqxd,9kv96132,None,8
w6jlgqxd,jp4dyzyj,j1ll8jv1,rkljox8d,None,471
w6jlgqxd,jp4dyzyj,4d7mnnd7,zdnl9vq2,z98jo07w,5
w6jlgqxd,jp4dyzyj,w6jlgqxd,jdrve302,None,49
w6jlgqxd,x7mqpd0x,j1nermw1,jdrvo6l2,5wkno45w,62
w6jlgqxd,x7mqpd0x,w6j7gw46,mkexe1xd,None,236
w6jlgqxd,x7mqpd0x,j1nermw1,7dgnl742,None,4
w6jlgqxd,x7mqpd0x,w6jlgqxd,9kv96132,None,18
w6jlgqxd,x7mqpd0x,w6jlgqxd,jdrve302,None,22
w6jlgqxd,j03q3o4j,w6jlgqxd,9kv96132,None,53
w6jlgqxd,8wkzewq8,w6jlgqxd,jdrve302,None,30
w6jlgqxd,x7q3md68,w6jlgqxd,9kv96132,None,41
w6jlgqxd,jopqzenx,w6jlgqxd,8248q4ek,None,9
w6jlgqxd,xz94kdn8,w6jlgqxd,9kv96132,None,21
w6jlgqxd,8wl5zrlj,3dx2lw41,n2y77e82,None,1
w6jlgqxd,8wl5zrlj,w6jlgqxd,9kv96132,None,50
w6jlgqxd,pj0k3kw8,369p3p81,5dw44w5k,rdqn7rgd,137
w6jlgqxd,pj0k3kw8,m1mg8j12,xd1mvj7d,69zrzzxd,9
w6jlgqxd,pj0k3kw8,76rx4z46,n2y50g7k,None,10
w6jlgqxd,pj0k3kw8,l3dxogdy,wk68zp21,None,128
w6jlgqxd,pj0k3kw8,pd0py36e,vdo3oqyd,None,203
w6jlgqxd,pj0k3kw8,ldelvl63,xd17744d,None,104
w6jlgqxd,pj0k3kw8,l3dxogdy,zd30z7rd,None,23
w6jlgqxd,pj0k3kw8,pd0py36e,vdo3oqyd,None,1404
w6jlgqxd,pj0k3kw8,w6jlgqxd,02q3p1zk,None,4
w6jlgqxd,pj0k3kw8,o1y929v6,wk67j1qd,xd4jr7pd,103
w6jlgqxd,pj0k3kw8,o1y929v6,wk67j1qd,29v35enw,128
w6jlgqxd,pj0k3kw8,o1y929v6,wk67j1qd,29v35enw,128
w6jlgqxd,81kw94lj,o6gn39n1,jdzl4px2,None,7
w6jlgqxd,81kw94lj,w6jlgqxd,8248q4ek,None,25
w6jlgqxd,xyr2krmj,w6jlgqxd,jdrve302,None,1
w6jlgqxd,8wkmz5l8,w6jlgqxd,9d83ezw2,None,8
w6jlgqxd,8wkmz5l8,w6jlgqxd,9kv96132,None,23
w6jlgqxd,jnzvz2wj,w6jlgqxd,9kv96132,None,5
w6jlgqxd,jnzvz2wj,w6jlgqxd,jdrve302,None,10
w6jlgqxd,jml346o8,m1zok2d0,ndx8gp5k,None,61
w6jlgqxd,jml346o8,w6jlgqxd,jdrve302,None,50
w6jlgqxd,j9rwkpwj,nd285qed,9kvnlq8d,None,16
w6jlgqxd,j9rwkpwj,w6jlgqxd,8248q4ek,None,23
w6jlgqxd,j9rwkpwj,w6jlgqxd,9d8l59w2,None,17
w6jlgqxd,8qo4qm0j,w6jlgqxd,9d8l59w2,None,14
w6jlgqxd,8qo4qm0j,268q8o6p,9kvo38j2,None,25
w6jlgqxd,xk4qn66j,w6jlgqxd,jdrve302,None,24
w6jlgqxd,86n393qx,w6jlgqxd,8248q4ek,None,12
w6jlgqxd,86n393qx,76rxvov6,jdre84xk,None,38
w6jlgqxd,86n393qx,y654oj0d,vdo3e69d,None,24
w6jlgqxd,j4qlw9dx,3698k00d,n2ymome2,None,3
w6jlgqxd,j4qlw9dx,k6qlmz1g,02qjw5pd,None,15
w6jlgqxd,j4qlw9dx,268wmk96,zd35qwvk,y9mz7xzd,14
w6jlgqxd,j4qlw9dx,268wmk96,zd35qwvk,495n3k49,60
w6jlgqxd,j4qlw9dx,w6jlgqxd,9d8l59w2,None,12
w6jlgqxd,j4qlw9dx,w6jlgqxd,8248q4ek,None,15
w6jlgqxd,j4qlw9dx,w6jlgqxd,zd3xgxed,None,6
w6jlgqxd,j4qlw9dx,4d7npmz6,02q435yd,None,10
w6jlgqxd,j4qlw9dx,4d7npmz6,9kv89q3d,o9xyen3d,7
w6jlgqxd,j4qlw9dx,4d7npmz6,mkey5g82,None,5
w6jlgqxd,j4qlw9dx,m1mn3kkd,wk6wg1e2,None,9
w6jlgqxd,j4qlw9dx,j1n5ee1p,wk61geed,None,16
w6jlgqxd,j4qlw9dx,w6jlgqxd,jdrve302,None,6
w6jlgqxd,j4qlw9dx,4d7npmz6,jdrr5e0d,None,6
w6jlgqxd,j4qlw9dx,4d7npmz6,jdrr5e0d,None,12
w6jlgqxd,j4qlw9dx,4d7npmz6,jdrr5e0d,None,8
w6jlgqxd,j4qlw9dx,4d7npmz6,zd3j16n2,None,5
w6jlgqxd,j4qlw9dx,4d7npmz6,q25j6v8d,None,22
w6jlgqxd,j4qlw9dx,j1lq4ze6,jdzlejr2,None,43
w6jlgqxd,j4qlw9dx,4d7npmz6,02q435yd,None,15
w6jlgqxd,j4qlw9dx,4d7npmz6,wk6385ek,None,13
w6jlgqxd,j4qlw9dx,4d7npmz6,wkp53ogd,None,11
w6jlgqxd,j4qlw9dx,4d7npmz6,wk6385ek,None,14
w6jlgqxd,j4qlw9dx,4d7npmz6,wkp53ogd,None,9
w6jlgqxd,j4qlw9dx,4d7npmz6,wk6385ek,None,11
w6jlgqxd,j4qlw9dx,4d7npmz6,02q435yd,None,16
w6jlgqxd,j4qlw9dx,4d7npmz6,wkp53ogd,None,10
w6jlgqxd,j4qlw9dx,4d7npmz6,rkl5r982,None,1
w6jlgqxd,j4qlw9dx,kdkzoxed,jdro3xnd,None,113
w6jlgqxd,j4qlw9dx,4d7npmz6,xk9wrq62,None,29
w6jlgqxd,j4qlw9dx,4d7npmz6,ndx396jd,None,91
w6jlgqxd,j4qlw9dx,4d7npmz6,02q435yd,None,19
w6jlgqxd,j4qlw9dx,4d7npmz6,n2yvowm2,None,45
w6jlgqxd,j4qlw9dx,4d7npmz6,7kjg3x4k,None,49
w6jlgqxd,j4qlw9dx,4d7npmz6,jdzl9gg2,None,66
w6jlgqxd,j4qlw9dx,yd4pyxde,mkeqwgnk,None,11
w6jlgqxd,j4qlw9dx,w6jlgqxd,9d83ezw2,None,15
w6jlgqxd,j4qlw9dx,w6jlgqxd,9kv96132,None,44
w6jlgqxd,j4qlw9dx,lde3e3e6,9d8441qk,None,193
w6jlgqxd,8g5eke1j,lde3v3x6,02qvy0jd,None,28
w6jlgqxd,8g5eke1j,w6jlgqxd,jdrve302,None,21
w6jlgqxd,xko94978,w6jlgqxd,9kv96132,None,56
w6jlgqxd,jnp2g0q8,w6jlgqxd,9d8l59w2,None,19
w6jlgqxd,qjo95lej,j1lw246g,9kvozgo2,ywem5nyd,1
w6jlgqxd,qjo95lej,j1lw246g,9kvozgo2,nwlpon09,1
w6jlgqxd,qjo95lej,j1lw246g,9kvozgo2,69zn2xl9,1
w6jlgqxd,qjo95lej,j1lw246g,9kvozgo2,495l5y0d,1
w6jlgqxd,qjo95lej,j1lw246g,9kvj0o3k,None,1
w6jlgqxd,qjo95lej,j1lw246g,9kvozgo2,r9g14r59,1
w6jlgqxd,qjo95lej,m1zjml06,vdoyol12,None,8
w6jlgqxd,qjo95lej,pd0py36e,vdo3oqyd,None,4
w6jlgqxd,qjo95lej,pd0py36e,vdo3oqyd,None,4
w6jlgqxd,qjo95lej,pd0py36e,vdo3oqyd,None,4
w6jlgqxd,qjo95lej,pd0py36e,vdo3oqyd,None,5
w6jlgqxd,qjo95lej,o1y9j9v6,7kjpl1gk,None,1582
w6jlgqxd,qjo95lej,3dxk2pg1,z27wvr0k,None,1
w6jlgqxd,qjo95lej,kdkz55xd,q25mz9yd,None,1
w6jlgqxd,qjo95lej,kdkz55xd,wkp3rvv2,None,1
w6jlgqxd,qjo95lej,k6qwrv06,q251qo8d,None,2
w6jlgqxd,qjo95lej,76r3e456,z279g3od,None,2
w6jlgqxd,qjo95lej,ldejk851,n2yn5j8k,29v8q83d,2
w6jlgqxd,qjo95lej,kdkm87g1,wkp56ojd,None,1
w6jlgqxd,qjo95lej,kdkm87g1,wkpnp1jd,None,2
w6jlgqxd,qjo95lej,kdkm87g1,wkprp0v2,rdnvj2n9,1
w6jlgqxd,qjo95lej,kdkm87g1,w2050pod,z980vg7d,3
w6jlgqxd,qjo95lej,v1pxqzm6,xk953p62,None,2
w6jlgqxd,qjo95lej,nd22xvd0,w20pq58k,None,30
w6jlgqxd,qjo95lej,v1pxqzm6,mkew3xxk,n93pr42d,2
w6jlgqxd,qjo95lej,v1pxqzm6,mkew3xxk,z980x7rd,4
w6jlgqxd,qjo95lej,v1pxqzm6,7dg1lmxd,ldyvogpd,2
w6jlgqxd,qjo95lej,j1lw246g,ndx96n1d,None,1
w6jlgqxd,qjo95lej,j1lw246g,ndx96n1d,None,1
w6jlgqxd,qjo95lej,j1lw246g,rkll1nqk,None,1
w6jlgqxd,qjo95lej,pd00lwde,824m8wn2,None,23
w6jlgqxd,qjo95lej,j1lw246g,9kvozgo2,592n5r39,1
w6jlgqxd,qjo95lej,ldejk851,n2yn5j8k,n93xrxn9,1
w6jlgqxd,qjo95lej,j1lw246g,9kvozgo2,owoqy5kd,2
w6jlgqxd,qjo95lej,m1zjlv06,5dw7ywgk,None,5
w6jlgqxd,qjo95lej,m1zjlv06,wk6v1led,kwj3yl0d,4
w6jlgqxd,qjo95lej,m1zjlv06,wk6v1led,owolk1jw,5
w6jlgqxd,qjo95lej,m1zjlv06,wk6v1led,n938g22w,6
w6jlgqxd,qjo95lej,nd22xvd0,ndx8zvjk,None,28
w6jlgqxd,qjo95lej,v1px7q76,rkl0l56k,69z05v4d,2
w6jlgqxd,qjo95lej,w6j7zvx6,7dg160ld,xd485o8w,1
w6jlgqxd,qjo95lej,w6j7zvx6,7dg160ld,xd0oe5jd,1
w6jlgqxd,qjo95lej,w6j7zvx6,7dg160ld,rw6y7669,1
w6jlgqxd,qjo95lej,w6j7zvx6,7dg160ld,n933xjr9,1
w6jlgqxd,qjo95lej,w6j7zvx6,7dg160ld,z98lok1d,1
w6jlgqxd,qjo95lej,w6j7zvx6,7dg160ld,rdngm169,1
w6jlgqxd,qjo95lej,w6j7zvx6,7dg160ld,ldy0rz79,1
w6jlgqxd,qjo95lej,w6j7zvx6,7dg160ld,gdr70zkw,1
w6jlgqxd,qjo95lej,w6j7zvx6,7dg160ld,nwlem8gd,1
w6jlgqxd,qjo95lej,w6j7zvx6,z275644k,None,2
w6jlgqxd,qjo95lej,j1lw246g,9kvozgo2,5wk1pepd,1
w6jlgqxd,qjo95lej,w6j7zvx6,7dg160ld,29vp8rx9,1
w6jlgqxd,qjo95lej,3dxky251,zd3v97n2,5d7p1xgd,3
w6jlgqxd,qjo95lej,9do7076p,mke4z692,None,1
w6jlgqxd,qjo95lej,9do7076p,wk6pzmqd,z98r04ld,1
w6jlgqxd,qjo95lej,9do7076p,wk6pzmqd,ldy1vlzd,1
w6jlgqxd,qjo95lej,9do7076p,wk6pzmqd,gdrpvrkw,1
w6jlgqxd,qjo95lej,9do7076p,wk6pzmqd,rdnov4vw,1
w6jlgqxd,qjo95lej,9do7076p,wk6pzmqd,nwlgv0g9,1
w6jlgqxd,qjo95lej,9do7076p,wk6pzmqd,rdnov46w,1
w6jlgqxd,qjo95lej,9dogpo6p,wdm4l5od,ldyp84zd,1
w6jlgqxd,qjo95lej,nd2ekrvd,5dw91rg2,None,1
w6jlgqxd,qjo95lej,9dogpo6p,wdm4l5od,xd158v6w,1
w6jlgqxd,qjo95lej,9dogpo6p,5dw17pek,None,1
w6jlgqxd,qjo95lej,nd2ekrvd,9d8ole62,gdrreeld,3
w6jlgqxd,qjo95lej,9dogpo6p,zd3lwlnd,None,2
w6jlgqxd,qjo95lej,nd2ekrvd,9kvqwr0d,None,1
w6jlgqxd,qjo95lej,pd00lwde,xd1350wk,None,2
w6jlgqxd,qjo95lej,369j481l,n2y54yek,None,3
w6jlgqxd,qjo95lej,kdkzg4xd,824g7xn2,None,8
w6jlgqxd,qjo95lej,9do7076p,n2yq84zk,z98r04ld,1
w6jlgqxd,qjo95lej,9do7076p,n2yq84zk,ldy1vl7d,1
w6jlgqxd,qjo95lej,9do7076p,n2yq84zk,gdrpvrkw,1
w6jlgqxd,qjo95lej,9do7076p,xd1r80rk,None,1
w6jlgqxd,qjo95lej,9do7076p,n2yq84zk,n93qpzrw,1
w6jlgqxd,qjo95lej,y65wm46e,jdrnxm5k,None,3
w6jlgqxd,qjo95lej,j1lqzmv6,xk9xvnyk,None,1
w6jlgqxd,qjo95lej,9do7076p,n2yq84zk,ldy1vlzd,1
w6jlgqxd,qjo95lej,9do7076p,n2yq84zk,n93qpzrw,1
w6jlgqxd,qjo95lej,9do7076p,n2yq84zk,rdnov4vw,1
w6jlgqxd,qjo95lej,nd2ekrvd,9d8ole62,y9m0jjxw,2
w6jlgqxd,qjo95lej,9do8jwo1,zd3jvpy2,None,3
w6jlgqxd,qjo95lej,kdkm87g1,7dgmlrgd,None,5
w6jlgqxd,qjo95lej,w6j77ye6,z27v6xz2,None,3
w6jlgqxd,qjo95lej,kdkm87g1,ndxnyr1k,None,4
w6jlgqxd,qjo95lej,268g5kdp,xd13g8zk,None,2
w6jlgqxd,qjo95lej,w6j77ye6,zdny4v9k,None,1
w6jlgqxd,qjo95lej,kdkz55xd,wkp3rvv2,None,1
w6jlgqxd,qjo95lej,kdkz55xd,rklrzvqk,495m4omw,1
w6jlgqxd,qjo95lej,kdkz55xd,rklrzvqk,ewp8rl49,1
w6jlgqxd,qjo95lej,y65wm46e,5dwpm15k,None,1
w6jlgqxd,qjo95lej,lde3e3e6,824nwxnk,None,8
w6jlgqxd,qjo95lej,y65wm46e,rkl9n5nk,None,2
w6jlgqxd,qjo95lej,4d7wwr67,7dg5y642,None,4
w6jlgqxd,qjo95lej,ldejk851,n2yn5j8k,xd0e8ex9,1
w6jlgqxd,qjo95lej,ldejk851,n2yn5j8k,rw67z7r9,1
w6jlgqxd,qjo95lej,kdkmew21,w20n68vd,None,3
w6jlgqxd,qjo95lej,lde3e3e6,wkp5878d,None,5
w6jlgqxd,qjo95lej,kdkz55xd,rklrzvqk,59245g7w,2
w6jlgqxd,qjo95lej,kdkz55xd,rklrzvqk,rdqnl2od,1
w6jlgqxd,qjo95lej,kdkz55xd,rklrzvqk,69z8x369,1
w6jlgqxd,qjo95lej,kdkz55xd,vdo1n3o2,None,1
w6jlgqxd,qjo95lej,4d7npmz6,jdzl9gg2,None,9
w6jlgqxd,qjo95lej,kdkz55xd,q25mz9yd,None,1
w6jlgqxd,qjo95lej,kdkz55xd,mke47r92,None,1
w6jlgqxd,qjo95lej,kdkz55xd,7dg6794k,None,1
w6jlgqxd,qjo95lej,kdkz55xd,7dg6794k,None,1
w6jlgqxd,qjo95lej,kdkz55xd,mke47r92,None,1
w6jlgqxd,qjo95lej,kdkz55xd,vdo1n3o2,None,2
w6jlgqxd,qjo95lej,kdkz55xd,vdo1n3o2,None,3
w6jlgqxd,qjo95lej,kdkz55xd,rklrzvqk,ewp8e7l9,1
w6jlgqxd,qjo95lej,kdkz55xd,rklrzvqk,69z865g9,1
w6jlgqxd,qjo95lej,kdkz55xd,rklrzvqk,xd04xrmw,1
w6jlgqxd,qjo95lej,kdkz55xd,zd3xejyd,None,2
w6jlgqxd,qjo95lej,kdkz55xd,rklrzvqk,owo3yzjw,1
w6jlgqxd,qjo95lej,kdkz55xd,wk686qx2,None,1
w6jlgqxd,qjo95lej,y657q0de,vdoqyw9k,None,2
w6jlgqxd,qjo95lej,pd0py36e,mkeoxrjd,r9g4p4p9,4
w6jlgqxd,qjo95lej,y657q0de,vdoqyw9k,None,1
w6jlgqxd,qjo95lej,y657q0de,vdoqyw9k,None,1
w6jlgqxd,qjo95lej,y657q0de,vdoqyw9k,None,1
w6jlgqxd,qjo95lej,y657q0de,vdoqyw9k,None,1
w6jlgqxd,qjo95lej,w6j77ye6,9kvqgwed,None,1
w6jlgqxd,qjo95lej,nd2ekrvd,n2y5q8mk,None,3
w6jlgqxd,qjo95lej,9dogpo6p,wdm4l5od,rdq15619,2
w6jlgqxd,qjo95lej,4d790y31,wkp5890d,None,1
w6jlgqxd,qjo95lej,9d3rpxgd,n2yony1d,None,3
w6jlgqxd,qjo95lej,9d3rpxgd,n2yony1d,None,2
w6jlgqxd,qjo95lej,9d3rpxgd,zdn0yvx2,z98zxg19,2
w6jlgqxd,qjo95lej,9d3rpxgd,n2yony1d,None,4
w6jlgqxd,qjo95lej,9dogpo6p,5dw17pek,None,1
w6jlgqxd,qjo95lej,268ng56p,xd1r8o8k,None,5
w6jlgqxd,qjo95lej,w6j77ye6,zd3v4ge2,z98pgj7w,1
w6jlgqxd,qjo95lej,w6j77ye6,n2yexw7k,None,3
w6jlgqxd,qjo95lej,pd00lwde,02q8r592,None,3
w6jlgqxd,qjo95lej,pd00lwde,824m8wn2,None,3
w6jlgqxd,qjo95lej,pd00lwde,9d8jlrlk,None,1
w6jlgqxd,qjo95lej,lde3e3e6,9d8441qk,None,1
w6jlgqxd,qjo95lej,9do7076p,wk6pzmqd,ldy1vl7d,1
w6jlgqxd,qjo95lej,kdkz55xd,wk686qx2,None,1
w6jlgqxd,qjo95lej,3dx4mg6y,9d8j6g7k,None,1
w6jlgqxd,qjo95lej,3dx4mg6y,zd38p3yk,None,2
w6jlgqxd,qjo95lej,kdkz55xd,wk686qx2,None,2
w6jlgqxd,qjo95lej,k6q4jxod,w203xwv2,None,2
w6jlgqxd,qjo95lej,lde3e3e6,xk9rvl6k,None,1
w6jlgqxd,qjo95lej,9dogpo6p,zd3lwlnd,None,1
w6jlgqxd,qjo95lej,nd2ekrvd,9d8ole62,5wk0jjp9,1
w6jlgqxd,qjo95lej,4d7rjl17,824m0rw2,None,15
w6jlgqxd,qjo95lej,k6q4jxod,w203xwv2,None,7
w6jlgqxd,qjo95lej,j1lgy4dg,xk9jxqgd,None,4
w6jlgqxd,qjo95lej,4d7983l1,wdmxgzok,None,6
w6jlgqxd,qjo95lej,kdkz55xd,rklrzvqk,yweqlo4w,8
w6jlgqxd,qjo95lej,kdkz55xd,vdo1n3o2,None,5
w6jlgqxd,qjo95lej,lde3e3e6,zdn0yx92,xd025zx9,1
w6jlgqxd,qjo95lej,76rxq246,9d831972,None,7
w6jlgqxd,qjo95lej,lde3e3e6,zdn0yx92,n93nj6nw,1
w6jlgqxd,qjo95lej,lde3e3e6,zdn0yx92,r9gjgv59,1
w6jlgqxd,qjo95lej,lde3e3e6,zdn0yx92,o9xzep0w,1
w6jlgqxd,qjo95lej,lde3e3e6,zdn0yx92,xd4yoq2d,1
w6jlgqxd,qjo95lej,lde3e3e6,w20x4gv2,xd4yoq2d,2
w6jlgqxd,qjo95lej,lde3e3e6,zdn0yx92,gdr83569,2
w6jlgqxd,qjo95lej,4d790y31,7kj6ryg2,None,1
w6jlgqxd,qjo95lej,4d7rjl17,5dw8ge0d,None,14
w6jlgqxd,qjo95lej,lde3e3e6,w20x4gv2,n93nj6nw,2
w6jlgqxd,qjo95lej,lde3e3e6,zdn0yx92,ldy5zmkw,2
w6jlgqxd,qjo95lej,lde3e3e6,zdn0yx92,yweje6yd,2
w6jlgqxd,qjo95lej,lde3e3e6,zdn0yx92,y9mrol5w,1
w6jlgqxd,qjo95lej,lde3e3e6,zdn0yx92,69zqgkl9,2
w6jlgqxd,qjo95lej,lde3e3e6,zdn0yx92,z98zk1g9,2
w6jlgqxd,qjo95lej,76rx9le6,jdrxjnnd,None,40
w6jlgqxd,qjo95lej,lde3e3e6,9kvo66o2,None,1
w6jlgqxd,qjo95lej,lde3e3e6,w20g34ok,None,4
w6jlgqxd,qjo95lej,lde3e3e6,vdoxv46d,None,3
w6jlgqxd,qjo95lej,y658506e,rklezor2,None,289
w6jlgqxd,qjo95lej,kdkzg4xd,jdrv5ql2,xd186vzw,11
w6jlgqxd,qjo95lej,kdkzg4xd,jdrv5ql2,owoqlgjd,13
w6jlgqxd,qjo95lej,268ng56p,xd1r8o8k,None,2
w6jlgqxd,qjo95lej,4d7983l1,w20g91jk,None,7
w6jlgqxd,qjo95lej,lde3e3e6,zdn0yx92,ewpz6gk9,1
w6jlgqxd,qjo95lej,j1ll47v1,ndx50mjk,None,7
w6jlgqxd,qjo95lej,lde3e3e6,zdn0yx92,xd13qne9,2
w6jlgqxd,qjo95lej,9d3rpxgd,zdn0yvx2,xd4yly8d,3
w6jlgqxd,qjo95lej,9d3rpxgd,zdn0yvx2,29vlqlxw,5
w6jlgqxd,qjo95lej,9d3rpxgd,zdn0yvx2,ywejom4d,1
w6jlgqxd,qjo95lej,9d3rpxgd,zdn0yvx2,o9xzj37w,2
w6jlgqxd,qjo95lej,9d3rpxgd,zdn0yvx2,5d7egzew,2
w6jlgqxd,qjo95lej,y658506e,mke5px9k,None,326
w6jlgqxd,qjo95lej,pd0py36e,mkeoxrjd,4955e539,5
w6jlgqxd,qjo95lej,pd0py36e,9d84e46k,y9mxn8xw,1
w6jlgqxd,qjo95lej,k6qerz6g,wkp3jpg2,None,3
w6jlgqxd,qjo95lej,4d790y31,z2717e52,None,1
w6jlgqxd,qjo95lej,k6qerz6g,vdo106y2,None,11
w6jlgqxd,qjo95lej,268egy56,jdz68zx2,z9858319,1
w6jlgqxd,qjo95lej,m1z990d0,rklqxjn2,None,7
w6jlgqxd,qjo95lej,m1z990d0,wdmvz4od,None,7
w6jlgqxd,qjo95lej,pd0py36e,9d84e46k,nwlo83rw,1
w6jlgqxd,qjo95lej,pd0py36e,9d84e46k,rdnzyz7d,1
w6jlgqxd,qjo95lej,pd0py36e,9d84e46k,kwjz2p79,1
w6jlgqxd,qjo95lej,369pn801,w20xyej2,592rzmrd,1
w6jlgqxd,qjo95lej,369pn801,7kj8q73d,None,3
w6jlgqxd,qjo95lej,pd0py36e,9d84e46k,69z212g9,1
w6jlgqxd,qjo95lej,pd0py36e,w20yw18k,None,4
w6jlgqxd,qjo95lej,369pn801,vdox3n6d,29v03gnw,1
w6jlgqxd,qjo95lej,m1z990d0,wdmvz4od,None,8
w6jlgqxd,qjo95lej,pd0py36e,mkeoxrjd,xd12nx5w,4
w6jlgqxd,qjo95lej,pd0py36e,mkeoxrjd,69z212g9,5
w6jlgqxd,qjo95lej,pd0py36e,mkeoxrjd,ldygo2zd,5
w6jlgqxd,qjo95lej,pd0py36e,mkeoxrjd,rdnzynvd,4
w6jlgqxd,qjo95lej,pd0py36e,mkeoxrjd,5d74g86d,4
w6jlgqxd,qjo95lej,pd0py36e,mkeoxrjd,rdq7e729,5
w6jlgqxd,qjo95lej,pd0py36e,mkeoxrjd,gdrxzxld,5
w6jlgqxd,qjo95lej,pd0py36e,mkeoxrjd,nwlo8oew,6
w6jlgqxd,qjo95lej,pd0py36e,mkeoxrjd,ywe5o57w,6
w6jlgqxd,qjo95lej,pd0py36e,mkeoxrjd,o9x7j7pd,6
w6jlgqxd,qjo95lej,pd0py36e,mkeoxrjd,ldygogrd,12
w6jlgqxd,qjo95lej,w6jl085d,xk9v0nyd,rdn241vd,2
w6jlgqxd,qjo95lej,w6jl085d,xk9v0nyd,ldy8lzzw,1
w6jlgqxd,qjo95lej,9dogpo6p,zd3lwlnd,None,1
w6jlgqxd,qjo95lej,9dogpo6p,wdm4l5od,kwje1oz9,1
w6jlgqxd,qjo95lej,9dogpo6p,wdm4l5od,xd43rvp9,1
w6jlgqxd,qjo95lej,o1y9xrr6,z271zl52,None,19
w6jlgqxd,qjo95lej,o1y9xrr6,jdrlye0d,owo35g3w,6
w6jlgqxd,qjo95lej,369pq8l1,z271e0o2,rdnqqqqd,5
w6jlgqxd,qjo95lej,9dogpo6p,wdm4l5od,owo2qgyd,1
w6jlgqxd,qjo95lej,9dogpo6p,wdm4l5od,ewpq0kz9,1
w6jlgqxd,qjo95lej,9dogpo6p,wdm4l5od,rw6nek7d,1
w6jlgqxd,qjo95lej,76rxvov6,zdn88r9d,None,6
w6jlgqxd,qjo95lej,kdkzv0ed,02qp0xyd,None,5
w6jlgqxd,qjo95lej,y659q01e,jdzp17vk,None,5
w6jlgqxd,qjo95lej,k6q459zd,vdo15xy2,None,12
w6jlgqxd,qjo95lej,k6q459zd,rklr5rrk,ldy3pek9,5
w6jlgqxd,qjo95lej,k6q459zd,rklr5rrk,rdnqp5qd,21
w6jlgqxd,qjo95lej,76rx9le6,jdz81nrd,None,21
w6jlgqxd,qjo95lej,k6q459zd,vdo15xy2,None,4
w6jlgqxd,qjo95lej,k6q459zd,wdm65v5k,None,8
w6jlgqxd,qjo95lej,k6q459zd,rklr5rrk,o9xxll09,4
w6jlgqxd,qjo95lej,y6548qed,z271lpz2,xd03871d,1
w6jlgqxd,qjo95lej,k6q459zd,rklr5rrk,xd1457ed,3
w6jlgqxd,qjo95lej,k6q459zd,rklr5rrk,29vzk73d,4
w6jlgqxd,qjo95lej,k6q459zd,rklr5rrk,n93mg4nd,3
w6jlgqxd,qjo95lej,k6q459zd,ndx43452,5924oqow,2
w6jlgqxd,qjo95lej,k6q459zd,rklr5rrk,xd4k332w,9
w6jlgqxd,qjo95lej,k6q459zd,rklr5rrk,495m8j0w,8
w6jlgqxd,qjo95lej,k6q459zd,rklr5rrk,rdqn10kd,3
w6jlgqxd,qjo95lej,j1nv0e6p,5dwy7gek,None,5
w6jlgqxd,qjo95lej,k6q459zd,rklr5rrk,5wkqrj2w,3
w6jlgqxd,qjo95lej,k6q459zd,rklr5rrk,o9xxl209,4
w6jlgqxd,qjo95lej,k6q459zd,rklr5rrk,xd1450ed,6
w6jlgqxd,qjo95lej,k6q459zd,rklr5rrk,ewp8qqk9,6
w6jlgqxd,qjo95lej,k6q459zd,rklr5rrk,gdryqj6w,4
w6jlgqxd,qjo95lej,pd0py36e,mkeoxrjd,rdnzyz7d,21
w6jlgqxd,qjo95lej,pd0py36e,mkeoxrjd,ywe5olrw,5
w6jlgqxd,qjo95lej,o6gjr562,q257vlyd,None,3
w6jlgqxd,qjo95lej,o6gjr562,wk6o5mxk,rw63ygpw,1
w6jlgqxd,qjo95lej,o6gjr562,wk6o5mxk,n93o3z29,1
w6jlgqxd,qjo95lej,o6g9j8d2,wkpq4z0d,None,4
w6jlgqxd,qjo95lej,y6548qed,z271lpz2,gdr1zqzw,1
w6jlgqxd,qjo95lej,9dogpo6p,wdm4l5od,5wkr1gq9,1
w6jlgqxd,qjo95lej,y6548qed,7kj6qx42,None,1
w6jlgqxd,qjo95lej,9dogpo6p,wdm4l5od,n93gy2ed,1
w6jlgqxd,qjo95lej,9dogpo6p,wdm4l5od,5d73z6v9,3
w6jlgqxd,qjo95lej,pd0py36e,mkeoxrjd,owo6rykw,9
w6jlgqxd,qjo95lej,9dogpo6p,wdm4l5od,z988g2l9,2
w6jlgqxd,qjo95lej,9dogpo6p,wdm4l5od,29vk51nd,2
w6jlgqxd,qjo95lej,9dogpo6p,wdm4l5od,rdnp2kv9,1
w6jlgqxd,qjo95lej,w6jlkx5d,jdrlvj0d,ldy874kw,3
w6jlgqxd,qjo95lej,76rxvov6,jdre84xk,None,35
w6jlgqxd,qjo95lej,9dogpo6p,wdm4l5od,gdrq1kz9,1
w6jlgqxd,qjo95lej,76rxlve6,7dg9emxk,None,42
w6jlgqxd,qjo95lej,9dogpo6p,wdm4l5od,592onvrd,1
w6jlgqxd,qjo95lej,9dogpo6p,wdm4l5od,nwl7pkr9,2
w6jlgqxd,qjo95lej,9dogpo6p,xk9rp7gk,None,1
w6jlgqxd,qjo95lej,4d79q9z1,rkllleqk,None,9
w6jlgqxd,qjo95lej,9dogpo6p,wdm4l5od,xd073v1w,1
w6jlgqxd,qjo95lej,w6jl085d,vdo16l12,None,2
w6jlgqxd,qjo95lej,w6jl085d,wkp3px02,None,2
w6jlgqxd,qjo95lej,k6q4orod,5dw4oplk,None,5
w6jlgqxd,qjo95lej,k6q4orod,wk6n9jx2,None,4
w6jlgqxd,qjo95lej,k6q4orod,824gwrn2,5d7zx6ew,1
w6jlgqxd,qjo95lej,76rxm456,wkp16v8k,None,13
w6jlgqxd,qjo95lej,k6qerz6g,z27lw75d,None,3
w6jlgqxd,qjo95lej,k6qerz6g,xk98wlx2,None,4
w6jlgqxd,qjo95lej,nd24q310,9d8jvmqk,None,14
w6jlgqxd,qjo95lej,j1n29w1p,z2739god,None,319
w6jlgqxd,qjo95lej,nd2e3ped,jdrvv7g2,None,2
w6jlgqxd,qjo95lej,4d7983l1,w20g9nvk,None,2
w6jlgqxd,qjo95lej,4d790y31,zd3wejyk,None,1
w6jlgqxd,qjo95lej,k6q4nnmd,5dw4znnk,None,3
w6jlgqxd,qjo95lej,k6q4nnmd,zdn09y92,None,4
w6jlgqxd,qjo95lej,o1ywg2dq,9d8vyvwk,None,19
w6jlgqxd,qjo95lej,w6jlgqxd,jdz97gx2,None,10
w6jlgqxd,qjo95lej,o1yl7o6q,wk6vjled,None,1
w6jlgqxd,qjo95lej,o1yl7o6q,jdz83qgd,None,1
w6jlgqxd,qjo95lej,4d790y31,mkeq34jk,None,1
w6jlgqxd,qjo95lej,9d3rpxgd,zdn0yvx2,5928y869,19
w6jlgqxd,qjo95lej,nd2e3ped,zdn001e2,rdnl3v7w,6
w6jlgqxd,qjo95lej,pd0wx0l1,xd17x04d,nwll5zow,4
w6jlgqxd,qjo95lej,lde3e3e6,xd1gg98d,None,23
w6jlgqxd,qjo95lej,nd2e3ped,jdrvv7g2,None,5
w6jlgqxd,qjo95lej,nd2e3ped,jdrvv7g2,None,7
w6jlgqxd,qjo95lej,nd2e3ped,jdrvv7g2,None,10
w6jlgqxd,qjo95lej,nd2e3ped,jdrvv7g2,None,4
w6jlgqxd,qjo95lej,nd2e3ped,jdrvv7g2,None,2
w6jlgqxd,qjo95lej,k6qerz6g,xk9jz0yd,None,9
w6jlgqxd,qjo95lej,4d790y31,wk6vz8od,None,1
w6jlgqxd,qjo95lej,o1yl7o6q,n2y3wg1d,None,4
w6jlgqxd,qjo95lej,m1zjlv06,wk6v1led,xd0l0rmd,8
w6jlgqxd,qjo95lej,yd4onzk1,9d84jj6k,None,10
w6jlgqxd,qjo95lej,76rx9le6,8241np32,None,189
w6jlgqxd,qjo95lej,pd00lwde,02q8r592,None,5
w6jlgqxd,qjo95lej,j1ne7ww1,02qooyzk,None,5
w6jlgqxd,qjo95lej,4d790y31,w20vxyvk,None,3
w6jlgqxd,qjo95lej,pd0py36e,mkeoxrjd,xd0q8x49,10
w6jlgqxd,qjo95lej,pd00lwde,9d8jlrlk,None,2
w6jlgqxd,qjo95lej,m1mx0vp6,zd38ez8k,None,242
w6jlgqxd,qjo95lej,pd00lwde,824m8wn2,None,24
w6jlgqxd,qjo95lej,pd0ezw1e,7dg4gegd,None,1
w6jlgqxd,qjo95lej,pd0ezw1e,7dg4gegd,None,1
w6jlgqxd,qjo95lej,46w3v231,xd1l5j7k,o9xkon3w,4
w6jlgqxd,qjo95lej,46w3v231,xd1l5j7k,495yz6mw,3
w6jlgqxd,qjo95lej,nd2z5qd0,9kvpxjjk,None,321
w6jlgqxd,qjo95lej,4d790y31,rklv3lrd,None,2
w6jlgqxd,qjo95lej,4d790y31,xd1l788k,None,3
w6jlgqxd,qjo95lej,o1yl7o6q,n2y3wg1d,None,5
w6jlgqxd,qjo95lej,pd0ezw1e,xd1lmv4k,None,12
w6jlgqxd,qjo95lej,o1y7pv1q,wdmqmrx2,None,24
w6jlgqxd,qjo95lej,o1y7pv1q,zd3y5on2,None,34
w6jlgqxd,qjo95lej,o1y7pv1q,ndx8rn1k,None,30
w6jlgqxd,qjo95lej,pd0py36e,q257qx8d,None,14
w6jlgqxd,qjo95lej,pd0py36e,mkeoxrjd,nwlo83rw,28
w6jlgqxd,qjo95lej,pd0ezw1e,7dg4gegd,None,9
w6jlgqxd,qjo95lej,4d790y31,7kjq3vgd,None,2
w6jlgqxd,qjo95lej,pd0py36e,q257qx8d,None,11
w6jlgqxd,qjo95lej,k6qerz6g,7kjpzjgk,None,27
w6jlgqxd,qjo95lej,pd0w2v1e,5dwyynkg,None,195
w6jlgqxd,qjo95lej,pd0w2v1e,zdnxze2q,None,110
w6jlgqxd,qjo95lej,46w0n91r,wkpq9pjd,None,64
w6jlgqxd,qjo95lej,pd0w2v1e,zdnxze2q,None,114
w6jlgqxd,qjo95lej,pd0w2v1e,xk98w420,None,99
w6jlgqxd,qjo95lej,46w0n91r,5dwy905k,None,31
w6jlgqxd,qjo95lej,pd0w2v1e,z27lw0d0,None,111
w6jlgqxd,qjo95lej,o1y9w8v6,jdr7lq02,None,32
w6jlgqxd,qjo95lej,46w0n91r,824rg9gd,None,316
w6jlgqxd,qjo95lej,46w0n91r,02ql37pk,None,133
w6jlgqxd,qjo95lej,pd0ngw1e,5dw9y52g,None,256
w6jlgqxd,qjo95lej,lde5y5d3,n2yj53z2,None,9
w6jlgqxd,jo3r4k3j,w6jlgqxd,9kv96132,None,46
w6jlgqxd,jo3r4k3j,w6jlgqxd,jdz97gx2,None,7
w6jlgqxd,jo3r4k3j,w6jlgqxd,jdrve302,None,36
w6jlgqxd,86n1mzpx,w6jlgqxd,jdrve302,None,37
w6jlgqxd,x72351v8,w6jlgqxd,9kv96132,None,16
w6jlgqxd,x3wmo12j,pdv2wwk6,rklzlwr2,None,3
w6jlgqxd,x3wmo12j,3698my8d,7kj7xqgk,None,22
w6jlgqxd,x3wmo12j,pdv2wwk6,zd3rwp8d,None,13
w6jlgqxd,x3wmo12j,k6qwqez6,wdmm3eed,5d705zg9,3
w6jlgqxd,x3wmo12j,w6jlgqxd,9d8l59w2,None,11
w6jlgqxd,x3wmo12j,w6jlgqxd,8248q4ek,None,15
w6jlgqxd,x3wmo12j,pdv2wwk6,rklzlwr2,None,6
w6jlgqxd,x3wmo12j,3698xjld,5dwxvpn2,None,2
w6jlgqxd,x3wmo12j,y65797de,zd3l938d,None,275
w6jlgqxd,x3wmo12j,y65797de,mkej0g82,None,3
w6jlgqxd,x3wmo12j,y65797de,q257xlgd,None,13
w6jlgqxd,x3wmo12j,k6qerz6g,wkp3jpg2,None,11
w6jlgqxd,x3wmo12j,y65797de,wkpq48gd,None,77
w6jlgqxd,x3wmo12j,y65797de,7dg5ow72,None,18
w6jlgqxd,x3wmo12j,3698kogd,n2ym5pz2,None,10
w6jlgqxd,x3wmo12j,v1pxr3m6,jdzolp32,None,1
w6jlgqxd,x3wmo12j,v1pxr3m6,02q748jd,4951gx3w,1
w6jlgqxd,x3wmo12j,v1pxr3m6,02q748jd,r9gg5qp9,1
w6jlgqxd,x3wmo12j,v1pxr3m6,02q748jd,o9xeqrpw,1
w6jlgqxd,x3wmo12j,v1pxr3m6,02q748jd,owopn8k9,1
w6jlgqxd,x3wmo12j,v1pxr3m6,02q748jd,yweegx7w,1
w6jlgqxd,x3wmo12j,v1pxr3m6,02q748jd,ewp6ynjd,1
w6jlgqxd,x3wmo12j,v1pxr3m6,02q748jd,69zgjegw,1
w6jlgqxd,x3wmo12j,v1pxr3m6,02q748jd,rdqkr42d,1
w6jlgqxd,x3wmo12j,v1pxr3m6,02q748jd,y9mo30xw,1
w6jlgqxd,x3wmo12j,v1pxr3m6,02q748jd,kwjqj079,1
w6jlgqxd,x3wmo12j,v1pxr3m6,02q748jd,rw66x2gw,1
w6jlgqxd,x3wmo12j,v1pxr3m6,02q748jd,29vrxglw,1
w6jlgqxd,x3wmo12j,3698my8d,5dwqmzld,None,56
w6jlgqxd,x3wmo12j,3698my8d,5dwqmzld,None,8
w6jlgqxd,x3wmo12j,pdv2wwk6,ndx09y5d,None,1
w6jlgqxd,x3wmo12j,3698my8d,5dwqmzld,None,2
w6jlgqxd,x3wmo12j,pdv2wwk6,rklzlwr2,None,8
w6jlgqxd,x3wmo12j,nd28jz5d,rklzj962,None,3
w6jlgqxd,x3wmo12j,nd28jz5d,rklzj962,None,2
w6jlgqxd,x3wmo12j,nd28jz5d,rklzj962,None,1
w6jlgqxd,x3wmo12j,nd28jz5d,ndx01eod,None,1
w6jlgqxd,x3wmo12j,pdv2wwk6,zd3rwp8d,None,13
w6jlgqxd,x3wmo12j,pdv2wwk6,ndx09y5d,None,5
w6jlgqxd,x3wmo12j,pdv2wwk6,zd3rwp8d,None,8
w6jlgqxd,x3wmo12j,3698my8d,5dwqmzld,None,8
w6jlgqxd,x3wmo12j,pdv2wwk6,ndx09y5d,None,34
w6jlgqxd,x3wmo12j,pdv2wwk6,zd3rwp8d,None,10
w6jlgqxd,x3wmo12j,pdv2wwk6,9kvlowo2,None,9
w6jlgqxd,x3wmo12j,pdv2wwk6,ndx09y5d,None,13
w6jlgqxd,x3wmo12j,pdv2wwk6,zd3rwp8d,None,9
w6jlgqxd,x3wmo12j,pdv2wwk6,9kvlowo2,None,7
w6jlgqxd,x3wmo12j,o1y929v6,wk67j1qd,xd0g3r1w,28
w6jlgqxd,8geo7q2j,w6jlgqxd,9d83ezw2,None,5
w6jlgqxd,8geo7q2j,w6jlgqxd,9kv96132,None,12
w6jlgqxd,8geo7q2j,w6jlgqxd,02q3p1zk,None,1
w6jlgqxd,8vk1p1vj,w6jlgqxd,9kv96132,None,7
w6jlgqxd,8v5dl3vj,w6jlgqxd,9kv96132,None,29
w6jlgqxd,8wk4rkl8,w6jlgqxd,9kv96132,None,26
w6jlgqxd,8wk4rkl8,w6jlgqxd,9kv96132,None,26
w6jlgqxd,j5w523nj,pd0py36e,wdm8w452,None,15
w6jlgqxd,j5w523nj,w6jlgqxd,9kv96132,None,37
w6jlgqxd,j5w523nj,m1zjg926,wk6n5xx2,None,205
w6jlgqxd,j0nm3198,w6jlgqxd,9kv96132,None,57
w6jlgqxd,j0nm3198,w6jlgqxd,jdz97gx2,None,8
w6jlgqxd,jml73748,w6jlgqxd,9kv96132,None,60
w6jlgqxd,x7w1zy08,w6jlgqxd,9d8l59w2,None,10
w6jlgqxd,x7w1zy08,w6jlgqxd,8248q4ek,None,19
w6jlgqxd,j2w32q7j,w6jlgqxd,jdrve302,None,5
w6jlgqxd,xkow6e68,m1zk7231,vdop17o2,rw6yxlr9,1
w6jlgqxd,xkow6e68,m1mxxw46,9kv98382,None,87
w6jlgqxd,xkow6e68,v1pozgp6,zdnxwnx2,ldyqyzpw,1
w6jlgqxd,xkow6e68,v1pozgp6,zd373lr2,gdr1m1kw,8
w6jlgqxd,xkow6e68,v1pozgp6,zdnxwnx2,n93k7j2w,1
w6jlgqxd,xkow6e68,yd4oqnk1,zdn0g5q2,None,2
w6jlgqxd,xkow6e68,v1pozgp6,zdnxwnx2,y9myxo09,1
w6jlgqxd,xkow6e68,v1pozgp6,zdnxwnx2,gdr7op8w,3
w6jlgqxd,xkow6e68,ldej9e51,5dw9ole2,None,1
w6jlgqxd,xkow6e68,v1pozgp6,zd373lr2,29vx5vqw,2
w6jlgqxd,xkow6e68,k6q459zd,rklr5rrk,kwjveynw,6
w6jlgqxd,xkow6e68,369pq8l1,z271e0o2,69z888l9,5
w6jlgqxd,xkow6e68,369pq8l1,z271e0o2,rdnqqqqd,11
w6jlgqxd,xkow6e68,kdkz55xd,rklrzvqk,yweqlo4w,18
w6jlgqxd,xkow6e68,pd0wjr31,8240xjnd,5wk102xd,12
w6jlgqxd,xkow6e68,o1y9xrr6,7dg6ox4k,rdnqqj6d,6
w6jlgqxd,xkow6e68,k6q44q0d,vdooxxyd,r9g2opqd,7
w6jlgqxd,xkow6e68,j1ne7ww1,q25qqrw2,None,57
w6jlgqxd,xkow6e68,k6q459zd,ndx43452,z98m8zpw,2
w6jlgqxd,xkow6e68,j1llvp71,wkp3p182,xd18l0yw,2
w6jlgqxd,xkow6e68,k6q459zd,rklr5rrk,gdryqj6w,6
w6jlgqxd,xkow6e68,j1llvp71,wkp3p182,r9g1qz29,2
w6jlgqxd,xkow6e68,j1llvp71,wkp3p182,ywemx24d,2
w6jlgqxd,xkow6e68,j1llvp71,wkp3p182,xd4rg089,4
w6jlgqxd,xkow6e68,k6q459zd,wdm65v5k,None,22
w6jlgqxd,xkow6e68,yd4oqnk1,q25gzl8d,None,3
w6jlgqxd,xkow6e68,k6q44q0d,zdn8q1qd,r9g2opqd,2
w6jlgqxd,xkow6e68,j1ne7ww1,02qooyzk,None,11
w6jlgqxd,xkow6e68,k6q459zd,rklr5rrk,nwl2760d,6
w6jlgqxd,xkow6e68,j1nl3xdp,ndxpoy52,None,422
w6jlgqxd,xkow6e68,nd2e5yqd,vdomq9o2,69zx4r6d,6
w6jlgqxd,xkow6e68,pd0py36e,vdo3oqyd,None,2865
w6jlgqxd,xkow6e68,w6jlgqxd,jdrve302,None,32
w6jlgqxd,xy5pgmm8,w6jlgqxd,9d8l59w2,None,6
w6jlgqxd,xy5pgmm8,w6jlgqxd,9kv96132,None,2
w6jlgqxd,xy5pgmm8,ldevkn13,n2yjop72,5d73x2q9,2
w6jlgqxd,xy5pgmm8,ldevkn13,n2yjop72,owo253jd,1
w6jlgqxd,xy5pgmm8,ldevkn13,n2yjop72,5d73x2q9,1
w6jlgqxd,xy5pgmm8,ldevkn13,n2yjop72,gdrqzq69,2
w6jlgqxd,xy5pgmm8,ldevkn13,7kjz3j3d,gdrqzq69,2
w6jlgqxd,xy5pgmm8,ldevkn13,7kjz3j3d,xd15y4zw,2
w6jlgqxd,xy5pgmm8,ldevkn13,xk9jrovd,kwje6v09,3
w6jlgqxd,xy5pgmm8,ldevkn13,xk9jrovd,gdrqzq69,1
w6jlgqxd,xy5pgmm8,ldevkn13,n2yjop72,xd15y4zw,1
w6jlgqxd,xy5pgmm8,ldevkn13,n2yjop72,xd15y4zw,1
w6jlgqxd,xy5pgmm8,ldevkn13,n2yjop72,owo253jd,2
w6jlgqxd,xy5pgmm8,ldevkn13,n2yjop72,gdrqzq69,2
w6jlgqxd,8g5qlprj,w6jlgqxd,9kv96132,None,69
w6jlgqxd,8qrmky7j,w6jlgqxd,9kv96132,None,49
w6jlgqxd,jmle34z8,w6jlgqxd,jdrve302,None,33
w6jlgqxd,xk1goqkj,w6jlgqxd,jdrve302,None,34
w6jlgqxd,xk1goqkj,3698my8d,5dwqmzld,None,660
w6jlgqxd,j51kgdz8,j1nermw1,02q3mw9k,ldy56qjw,6
w6jlgqxd,j51kgdz8,j1nermw1,jdz96062,5928leg9,31
w6jlgqxd,j51kgdz8,j1nermw1,jdz96062,xd4yzp0d,13
w6jlgqxd,j51kgdz8,w6jlgqxd,jdrve302,None,19
w6jlgqxd,xkmek57j,w6jlgqxd,9d8l59w2,None,5
w6jlgqxd,xkmek57j,w6jlgqxd,9d83ezw2,None,2
w6jlgqxd,jon2rv78,m1mx0vp6,xk95wox2,None,6
w6jlgqxd,jon2rv78,3698my8d,5dwqmzld,None,561
w6jlgqxd,jon2rv78,w6jlgqxd,9d8l59w2,None,15
w6jlgqxd,jon2rv78,9d3rpxgd,n2yony1d,None,182
w6jlgqxd,zxz3or08,w6jlgqxd,jdrve302,None,35
w6jlgqxd,zxz3or08,yd4oyw1e,wkpj91vk,69zp2jgw,7
w6jlgqxd,zxz3or08,yd4oyw1e,wkpj91vk,gdrpxllw,6
w6jlgqxd,zxz3or08,yd4oyw1e,wkpj91vk,nwlgo1e9,7
w6jlgqxd,zxz3or08,yd4oyw1e,wkpj91vk,z98r7qpd,4
w6jlgqxd,zxz3or08,yd4oyw1e,wkpj91vk,rdnoz87w,9
w6jlgqxd,zxz3or08,yd4oyw1e,wkpj91vk,ldy1g6rd,6
w6jlgqxd,zxz3or08,yd4oyw1e,wkpj91vk,ywe25g7w,7
w6jlgqxd,jpopll58,w6jlgqxd,jdrve302,None,14
w6jlgqxd,jmzp4w4x,yd4oq3k1,wkp1wn0k,5wk3k059,2
w6jlgqxd,jmzp4w4x,w6jlgqxd,jdrve302,None,20
w6jlgqxd,jmzp4w4x,76r3e456,xk990jgk,None,14
w6jlgqxd,jmzp4w4x,4d7npmz6,n2yvowm2,None,63
w6jlgqxd,jmzp4w4x,76r3e456,xk990jgk,None,6
w6jlgqxd,jmzp4w4x,4d7npmz6,ndx396jd,None,64
w6jlgqxd,jmzp4w4x,w6jlgqxd,9d8l59w2,None,18
w6jlgqxd,jmzp4w4x,76r3e456,z279g3od,None,4
w6jlgqxd,xyo0egyj,w6jlgqxd,8248q4ek,None,8
w6jlgqxd,98rv0dqj,pdv2wwk6,zd3rwp8d,None,2
w6jlgqxd,98rv0dqj,k6q73mdg,mkejq482,None,1
w6jlgqxd,98rv0dqj,3698wngd,9d8lp132,5wk71xxd,1
w6jlgqxd,98rv0dqj,k6qw74z6,ndx0x0rd,None,1
w6jlgqxd,98rv0dqj,k6qw74z6,wkpr4rw2,kwj257z9,1
w6jlgqxd,98rv0dqj,k6qw74z6,wkpr4rw2,owor07yw,1
w6jlgqxd,98rv0dqj,k6qw74z6,wkpr4rw2,xd1n7j6w,1
w6jlgqxd,98rv0dqj,k6qw74z6,wkpr4rw2,5d7gvyvd,1
w6jlgqxd,98rv0dqj,3dxkzjy1,wkp5qevd,None,2
w6jlgqxd,98rv0dqj,m1zjwj36,9d8449wk,None,2
w6jlgqxd,98rv0dqj,y655we86,zd3rzned,None,1
w6jlgqxd,98rv0dqj,m1mnp8jd,ndx00qod,None,1
w6jlgqxd,98rv0dqj,m1mnp8jd,9kvllze2,None,1
w6jlgqxd,98rv0dqj,m1mnp8jd,rklzzy62,None,1
w6jlgqxd,98rv0dqj,369802gd,ndx0wgjd,None,1
w6jlgqxd,98rv0dqj,369802gd,w2054lzd,None,1
w6jlgqxd,98rv0dqj,4d7nrql6,5dwx38n2,None,1
w6jlgqxd,98rv0dqj,369802gd,w2054lzd,None,1
w6jlgqxd,98rv0dqj,369802gd,ndx0wgjd,None,1
w6jlgqxd,98rv0dqj,pdv2epr6,n2ym6872,None,1
w6jlgqxd,98rv0dqj,9do85nm1,xk99zj6k,o9xjmepd,1
w6jlgqxd,98rv0dqj,ldejzon1,n2yvm9z2,None,1
w6jlgqxd,98rv0dqj,3698g08d,02q41g9d,None,1
w6jlgqxd,98rv0dqj,pd0py36e,vdo3oqyd,None,13
w6jlgqxd,98rv0dqj,268ejwo6,7kj3jjn2,None,3
w6jlgqxd,98rv0dqj,j1lq4ze6,mkevz4n2,None,1
w6jlgqxd,98rv0dqj,j1ll47v1,ndx50mjk,None,1
w6jlgqxd,98rv0dqj,j1ll47v1,w20q695d,r9gm2rk9,1
w6jlgqxd,98rv0dqj,j1ll47v1,w20q695d,ldyryjz9,1
w6jlgqxd,98rv0dqj,j1ll47v1,w20q695d,gdr0egzd,1
w6jlgqxd,98rv0dqj,j1ll47v1,w20q695d,nwlmlnr9,1
w6jlgqxd,98rv0dqj,j1ll47v1,w20q695d,rdqmjg19,1
w6jlgqxd,98rv0dqj,j1lqlov6,7dgx0o4k,y9m0kj1w,1
w6jlgqxd,98rv0dqj,j1lqlov6,7dgx0o4k,rw62kr7d,1
w6jlgqxd,98rv0dqj,j1lqlov6,7dgx0o4k,n93k28ew,1
w6jlgqxd,98rv0dqj,j1lqlov6,7dgx0o4k,z98p2elw,1
w6jlgqxd,98rv0dqj,j1lqlov6,7dgx0o4k,rdn3krvw,1
w6jlgqxd,98rv0dqj,j1lqlov6,7dgx0o4k,ldyq4jzw,1
w6jlgqxd,98rv0dqj,j1lqlov6,7dgx0o4k,n93k28rw,1
w6jlgqxd,98rv0dqj,j1lqlov6,824ljend,None,1
w6jlgqxd,98rv0dqj,j1lqvwe6,82498eed,None,5
w6jlgqxd,98rv0dqj,3dxkr9v1,z27913gd,gdr3o0kd,1
w6jlgqxd,98rv0dqj,3dxkr9v1,mke74562,None,1
w6jlgqxd,98rv0dqj,3dxkr9v1,z27913gd,69zg6l4w,1
w6jlgqxd,98rv0dqj,46w2njq6,wkpr9mw2,None,4
w6jlgqxd,98rv0dqj,3698v90d,8249opwd,z98x281d,1
w6jlgqxd,98rv0dqj,nd28x53d,9kvrg132,rdqvl5g9,1
w6jlgqxd,98rv0dqj,nd28x53d,rkl08o8k,kwjmp11w,1
w6jlgqxd,98rv0dqj,nd28x53d,rkl08o8k,owovyq39,1
w6jlgqxd,98rv0dqj,nd28x53d,9kvrg132,owovyq39,1
w6jlgqxd,98rv0dqj,v1pxrp46,wkpr9vw2,None,2
w6jlgqxd,98rv0dqj,9d38v3y1,rkl0q8qk,None,1
w6jlgqxd,98rv0dqj,lde3eje6,n2yog7zd,None,1
w6jlgqxd,98rv0dqj,76r37re6,7dgy6rpd,None,1
w6jlgqxd,98rv0dqj,v1pxv7z6,n2yrl1ed,None,1
w6jlgqxd,98rv0dqj,9do89v71,z2797x0d,None,1
w6jlgqxd,98rv0dqj,ldejzon1,wkpremg2,None,1
w6jlgqxd,98rv0dqj,o6gnvxx1,w20eyr8d,None,1
w6jlgqxd,98rv0dqj,3698my8d,5dwqmzld,None,5
w6jlgqxd,98rv0dqj,pd0q3rv1,q2551vj2,None,1
w6jlgqxd,98rv0dqj,3698my8d,5dwqmzld,None,13
w6jlgqxd,98rv0dqj,3698my8d,5dwqmzld,None,278
w6jlgqxd,98rv0dqj,3698my8d,5dwqmzld,None,51
w6jlgqxd,98rv0dqj,o6gn39n1,jdrr010d,None,1
w6jlgqxd,98rv0dqj,pd0qrpl1,jdrwzw5k,xd4m42qd,1
w6jlgqxd,98rv0dqj,ldejowe1,xd1w9y42,xd4mqxqd,2
w6jlgqxd,98rv0dqj,ldejowe1,xd1w9y42,xd0jzxmw,2
w6jlgqxd,98rv0dqj,yd4kq8x6,jdzo5j32,None,2
w6jlgqxd,98rv0dqj,3dxkp5g1,jdzr16g2,None,3
w6jlgqxd,98rv0dqj,3dxkp5g1,jdzr16g2,None,2
w6jlgqxd,98rv0dqj,9do89we1,vdop9gv2,None,1
w6jlgqxd,98rv0dqj,3dxkxzg1,vdopgl62,None,1
w6jlgqxd,98rv0dqj,9do89we1,wkpg4ewk,None,1
w6jlgqxd,98rv0dqj,kdkmpwe1,n2yry81d,None,1
w6jlgqxd,98rv0dqj,76r3ygl6,wdmm8n5d,None,1
w6jlgqxd,98rv0dqj,w6jlgqxd,jdrve302,None,1
w6jlgqxd,98rv0dqj,w6j7xx26,7dg1pr4d,None,2
w6jlgqxd,98rv0dqj,y655n436,ndxrxn5d,None,3
w6jlgqxd,98rv0dqj,kdkmpwe1,7kjlnmz2,None,1
w6jlgqxd,98rv0dqj,kdkmpwe1,n2yry81d,None,1
w6jlgqxd,98rv0dqj,m1zk3x21,zd3j8vr2,y9m6xk5w,1
w6jlgqxd,98rv0dqj,j1nekj91,02qv9mjd,None,2
w6jlgqxd,98rv0dqj,j1nekj91,02qv9mjd,None,2
w6jlgqxd,98rv0dqj,3dxkp241,jdrw5yxk,4950nm0d,1
w6jlgqxd,98rv0dqj,nd28x53d,rkl08o8k,5d708ze9,1
w6jlgqxd,98rv0dqj,3dxkp241,jdrw5yxk,kwjmrvnw,1
w6jlgqxd,98rv0dqj,3dxkp241,jdrw5yxk,nwlve209,1
w6jlgqxd,98rv0dqj,3dxkp241,jdrw5yxk,69zv08lw,1
w6jlgqxd,98rv0dqj,3dxkp241,jdrw5yxk,r9go875w,1
w6jlgqxd,98rv0dqj,3dxkp241,jdrw5yxk,rdqvqnk9,1
w6jlgqxd,98rv0dqj,3dxkp241,jdzrmxv2,nwlve209,1
w6jlgqxd,98rv0dqj,9do8lpk1,9d85zy6d,xd4mr02d,1
w6jlgqxd,98rv0dqj,9do8lpk1,9d85zy6d,xd0j3kxw,1
w6jlgqxd,98rv0dqj,9do8lpk1,824qznmk,None,2
w6jlgqxd,98rv0dqj,9do8lpk1,9d85zy6d,xd0j3kxw,4
w6jlgqxd,98rv0dqj,9do8lpk1,824qznmk,None,8
w6jlgqxd,98rv0dqj,j1nel0e1,jdrormnd,None,1
w6jlgqxd,98rv0dqj,9do8lpk1,xd1wzj72,5wkv1k2d,1
w6jlgqxd,98rv0dqj,nd28x53d,9d85w8ld,None,1
w6jlgqxd,98rv0dqj,nd28x53d,w20e49od,5d708ze9,1
w6jlgqxd,98rv0dqj,nd28x53d,ndxrwvvd,kwjmp11w,1
w6jlgqxd,98rv0dqj,nd28x53d,9kvrg132,49504l4d,1
w6jlgqxd,98rv0dqj,nd28x53d,rkl08o8k,49504l4d,1
w6jlgqxd,98rv0dqj,nd28x53d,w20e49od,49504l4d,1
w6jlgqxd,98rv0dqj,nd28x53d,rkl08o8k,rdqvl5g9,2
w6jlgqxd,98rv0dqj,36984v2d,7kjl4m32,None,2
w6jlgqxd,98rv0dqj,m1zkwvx1,02qe68z2,None,1
w6jlgqxd,98rv0dqj,m1zkwvx1,jdzrxpx2,None,1
w6jlgqxd,98rv0dqj,46w2ep36,8248l6mk,None,1
w6jlgqxd,98rv0dqj,k6q4380d,w20eeojd,None,1
w6jlgqxd,98rv0dqj,k6q4380d,wdmmmjed,None,1
w6jlgqxd,98rv0dqj,k6q4380d,wk6rrjrk,None,1
w6jlgqxd,98rv0dqj,k6q4380d,rkl00rnk,None,1
w6jlgqxd,98rv0dqj,w6j77ye6,q25xz8wk,None,1
w6jlgqxd,98rv0dqj,v1pxpmp6,824n6pgk,None,2
w6jlgqxd,98rv0dqj,k6qwgkm6,mkewxmjk,None,1
w6jlgqxd,98rv0dqj,m1mng7kd,zd35m7yk,None,1
w6jlgqxd,98rv0dqj,k6qwgkm6,wkpg5zjk,None,1
w6jlgqxd,98rv0dqj,9d387eg1,9kv8yned,None,1
w6jlgqxd,98rv0dqj,9d387eg1,9kv8yned,None,1
w6jlgqxd,98rv0dqj,m1mng7kd,9kvrgyj2,None,1
w6jlgqxd,98rv0dqj,j1ll47v1,zd3orerd,None,1
w6jlgqxd,98rv0dqj,46w2ep36,q251x8yd,rw6x38nw,1
w6jlgqxd,98rv0dqj,46w2ep36,9d8lr862,rw6x38nw,1
w6jlgqxd,98rv0dqj,46w2ep36,zdnynrek,rw6x38nw,1
w6jlgqxd,98rv0dqj,46w2ep36,z27vm302,rw6x38nw,1
w6jlgqxd,98rv0dqj,46w2ep36,zdnynrek,n93eov7w,1
w6jlgqxd,98rv0dqj,46w2ep36,9d8loj62,None,1
w6jlgqxd,98rv0dqj,46w2ep36,9d8lr862,xd0yxm0w,1
w6jlgqxd,98rv0dqj,46w2ep36,zdnynrek,xd0yxm0w,1
w6jlgqxd,98rv0dqj,46w2ep36,z27vm302,xd0yxm0w,1
w6jlgqxd,98rv0dqj,46w2ep36,q251x8yd,xd0yxm0w,1
w6jlgqxd,98rv0dqj,3dxkxk41,xk951842,None,2
w6jlgqxd,98rv0dqj,ldejnpx1,wkpn4pjd,None,1
w6jlgqxd,98rv0dqj,o1yjr8o1,wk6wn5e2,yweyn4yd,1
w6jlgqxd,98rv0dqj,o1yjr8o1,wk6wn5e2,nwl5n60d,1
w6jlgqxd,98rv0dqj,j1n8qpl1,rklnovq2,None,2
w6jlgqxd,98rv0dqj,o6gl40xd,zdnynoxk,None,1
w6jlgqxd,98rv0dqj,j1nev3w1,ndx46r12,None,1
w6jlgqxd,98rv0dqj,k6qw93x6,jdzllr62,5d71qx6d,1
w6jlgqxd,98rv0dqj,k6qw93x6,02q44e9d,5d71qx6d,1
w6jlgqxd,98rv0dqj,9do8p2k1,9d85or7d,owoxpxkw,1
w6jlgqxd,98rv0dqj,y655q376,zdny097k,xd0y04jw,1
w6jlgqxd,98rv0dqj,j1n8xre1,wkpgny0k,None,2
w6jlgqxd,98rv0dqj,j1lqmyz6,wk6r0gok,ldy0z8j9,1
w6jlgqxd,98rv0dqj,m1zk7231,vdop17o2,495ngy09,2
w6jlgqxd,98rv0dqj,m1zk7231,vdop17o2,nwle120d,4
w6jlgqxd,98rv0dqj,9do83me1,rkln8gw2,None,1
w6jlgqxd,98rv0dqj,9do83me1,rkln8gw2,None,1
w6jlgqxd,98rv0dqj,9do83me1,rkln8gw2,None,1
w6jlgqxd,98rv0dqj,m1zk7231,vdop17o2,xd0oynxd,1
w6jlgqxd,98rv0dqj,m1zk7231,vdop17o2,kwjrjvnd,2
w6jlgqxd,98rv0dqj,9do83me1,wk63eyek,None,1
w6jlgqxd,98rv0dqj,k6qwgkm6,vdop5762,None,1
w6jlgqxd,98rv0dqj,9do83me1,wk63eyek,None,1
w6jlgqxd,98rv0dqj,9do83me1,rkln8gw2,None,1
w6jlgqxd,98rv0dqj,9do83me1,rkln8gw2,None,1
w6jlgqxd,98rv0dqj,76r37re6,wk6387xk,None,1
w6jlgqxd,98rv0dqj,9do83me1,wk63eyek,None,1
w6jlgqxd,98rv0dqj,9do83me1,wk63eyek,None,1
w6jlgqxd,98rv0dqj,9do83me1,zdnyl97k,None,1
w6jlgqxd,98rv0dqj,kdknmqdm,9kv70vjk,None,1
w6jlgqxd,98rv0dqj,kdknmqdm,rklvp6qd,None,1
w6jlgqxd,98rv0dqj,m1zkqkx1,wdm5y642,69zl484d,1
w6jlgqxd,98rv0dqj,9do83me1,rkln8gw2,None,1
w6jlgqxd,98rv0dqj,j1lqzmv6,7kj96px2,None,1
w6jlgqxd,98rv0dqj,46w2ep36,9d8lr862,592l5xgd,1
w6jlgqxd,98rv0dqj,46w2ep36,9d8lr862,xd4zx40w,1
w6jlgqxd,98rv0dqj,46w2ep36,9d8lr862,29vx241w,1
w6jlgqxd,98rv0dqj,268ejwo6,7kj3jjn2,None,1
w6jlgqxd,98rv0dqj,pd0qymv1,w20epvjd,None,2
w6jlgqxd,98rv0dqj,36989o2d,wdmrej5k,None,1
w6jlgqxd,98rv0dqj,k6q458od,zd3oyg8d,None,2
w6jlgqxd,98rv0dqj,k6q458od,zd3oyg8d,None,1
w6jlgqxd,98rv0dqj,46w2ep36,zdnynrek,xd4zx40w,1
w6jlgqxd,98rv0dqj,46w2ep36,z27vm302,xd4zx40w,1
w6jlgqxd,98rv0dqj,46w2ep36,q251x8yd,xd4zx40w,1
w6jlgqxd,98rv0dqj,46w2ep36,z27vm302,592l5xgd,1
w6jlgqxd,98rv0dqj,46w2ep36,q251x8yd,592l5xgd,1
w6jlgqxd,98rv0dqj,46w2ep36,zdnynrek,29vx241w,1
w6jlgqxd,98rv0dqj,46w2ep36,z27vm302,29vx241w,1
w6jlgqxd,98rv0dqj,46w2ep36,q251x8yd,29vx241w,1
w6jlgqxd,98rv0dqj,k6q4rqzd,zdnyjexk,None,3
w6jlgqxd,98rv0dqj,j1n8y4l1,wk63wnxk,5wkonnp9,1
w6jlgqxd,98rv0dqj,46w2ep36,zdnynrek,592l5xgd,1
w6jlgqxd,98rv0dqj,j1n8q3e1,z27vjyg2,29vxrn3w,1
w6jlgqxd,98rv0dqj,268e03k6,ndx9wgvd,rdq5032d,2
w6jlgqxd,98rv0dqj,4d7n3936,wdmr1v5k,rdqrrxgw,1
w6jlgqxd,98rv0dqj,nd282e5d,7kj9y8n2,owonnz3d,5
w6jlgqxd,98rv0dqj,k6q45lmd,wdmv9x5d,None,1
w6jlgqxd,98rv0dqj,w6j74lx6,vdoyvxy2,None,3
w6jlgqxd,98rv0dqj,j1n8y4l1,5dwn14ld,o9xqzkpw,2
w6jlgqxd,98rv0dqj,m1mxy2p6,rkl3m3qk,xd1yq8zd,4
w6jlgqxd,98rv0dqj,4d7nvgz6,n2ynxn8k,None,4
w6jlgqxd,98rv0dqj,268wv7o6,9d8ln0w2,gdrlnnzd,1
w6jlgqxd,98rv0dqj,v1pxemm6,wdmr1z4k,xd1rr8e9,4
w6jlgqxd,98rv0dqj,j1lqyzj6,rklnm462,None,1
w6jlgqxd,98rv0dqj,j1lqyzj6,rklnm462,None,1
w6jlgqxd,98rv0dqj,j1lq4ze6,jdzlejr2,None,1
w6jlgqxd,98rv0dqj,yd4kvvg6,q2511wgd,None,1
w6jlgqxd,98rv0dqj,46w29k36,02q4xlyd,None,1
w6jlgqxd,98rv0dqj,v1pxj376,q25j10wd,z983pn7d,1
w6jlgqxd,98rv0dqj,k6q4399d,xd148mwd,gdrrro6d,2
w6jlgqxd,98rv0dqj,9d3rkvgd,zd3q7n8k,29vx13nw,1
w6jlgqxd,98rv0dqj,y655q376,q251g6wd,xd0y04jw,1
w6jlgqxd,98rv0dqj,w6j73mx6,zdnyn1ek,None,1
w6jlgqxd,98rv0dqj,268w8qo6,w20nxjvd,None,1
w6jlgqxd,98rv0dqj,m1zkqkx1,w20q63zd,5d7j32ed,3
w6jlgqxd,98rv0dqj,m1zkqkx1,w20q63zd,nwlm72g9,1
w6jlgqxd,98rv0dqj,m1zkqkx1,w20q63zd,rw67ne69,3
w6jlgqxd,98rv0dqj,w6j73y26,z27v18z2,None,3
w6jlgqxd,98rv0dqj,kdkmexg1,zdny45ek,None,1
w6jlgqxd,98rv0dqj,v1pxy3z6,wkpnnn8d,5d752rew,1
w6jlgqxd,98rv0dqj,o1yj2k41,02q9p3pk,owo4pgy9,2
w6jlgqxd,98rv0dqj,yd4ojlw1,zdn8r69d,nwlpezo9,2
w6jlgqxd,98rv0dqj,j1lqlov6,7dgx0o4k,5wk0gjq9,1
w6jlgqxd,98rv0dqj,3dx2ygy1,vdoz89ok,None,1
w6jlgqxd,98rv0dqj,k6qwz8m6,mkey3wx2,None,1
w6jlgqxd,98rv0dqj,j1n5ee1p,7kjzy8gd,None,1
w6jlgqxd,98rv0dqj,46w3xnl1,wkp90g82,None,4
w6jlgqxd,98rv0dqj,46w3xnl1,02q30vzk,None,6
w6jlgqxd,98rv0dqj,46w3xnl1,02q30vzk,None,5
w6jlgqxd,98rv0dqj,46w3xnl1,02q30vzk,None,4
w6jlgqxd,98rv0dqj,3dxk0z51,jdzlzvx2,None,2
w6jlgqxd,98rv0dqj,36985jgd,vdoyo712,None,1
w6jlgqxd,98rv0dqj,pd0q7o21,ndx3zw5d,o9xyzp3d,2
w6jlgqxd,98rv0dqj,pd0q7o21,9d8y1y7k,None,2
w6jlgqxd,98rv0dqj,k6qwrv06,rklnqxn2,ywevoxqd,3
w6jlgqxd,98rv0dqj,o6gnkxo1,7kjojex2,None,1
w6jlgqxd,98rv0dqj,9dow5v31,xk9v1zyd,owo3emyw,1
w6jlgqxd,98rv0dqj,369j481l,n2y54yek,None,1
w6jlgqxd,98rv0dqj,k6qwrg96,jdzn586d,None,1
w6jlgqxd,98rv0dqj,k6qwrg96,jdzn586d,None,1
w6jlgqxd,98rv0dqj,k6q4rqzd,9d8xw932,z98evep9,1
w6jlgqxd,98rv0dqj,k6q4rqzd,xd1lxp4k,z98evep9,1
w6jlgqxd,98rv0dqj,k6q4rqzd,zd38mevk,z98evep9,1
w6jlgqxd,98rv0dqj,k6q4rqzd,9d8xw932,z98evep9,1
w6jlgqxd,98rv0dqj,3698wngd,9d8lp132,5d7142vd,1
w6jlgqxd,98rv0dqj,268wpp96,xk9wgwv2,gdr012ld,1
w6jlgqxd,98rv0dqj,y655o586,jdrrzvnd,n93x6m29,1
w6jlgqxd,98rv0dqj,j1ll47v1,wk6e4mo2,None,1
w6jlgqxd,98rv0dqj,k6q4rqzd,9kv7gzok,ldyj7jzd,2
w6jlgqxd,98rv0dqj,pdv2j9k6,vdo55y9k,495221j9,2
w6jlgqxd,98rv0dqj,pdv2j9k6,vdo55y9k,rdq88k1d,2
w6jlgqxd,98rv0dqj,pdv2j9k6,vdo55y9k,5d711mvd,1
w6jlgqxd,98rv0dqj,pdv2j9k6,zdnzzoxd,xd0164xw,4
w6jlgqxd,98rv0dqj,pdv2j9k6,vdo55y9k,o9xgge1d,3
w6jlgqxd,98rv0dqj,j1ll47v1,xd1j0gzd,None,1
w6jlgqxd,98rv0dqj,pdv2j9k6,vdo55y9k,69z55vo9,3
w6jlgqxd,98rv0dqj,pdv2j9k6,vdo55y9k,nwl55vrd,5
w6jlgqxd,98rv0dqj,o6gnxjn1,9d8y14qk,o9xyzkpd,1
w6jlgqxd,98rv0dqj,j1ll47v1,w20q695d,69zl3zod,1
w6jlgqxd,98rv0dqj,268wpp96,7kjgpg3k,gdr012ld,1
w6jlgqxd,98rv0dqj,pdv2j9k6,xk9ww5g2,xd41gk2d,1
w6jlgqxd,98rv0dqj,pdv2j9k6,zdnzzoxd,z9834mgd,3
w6jlgqxd,98rv0dqj,pdv2j9k6,vdo55y9k,yweyy7rd,2
w6jlgqxd,98rv0dqj,pdv2j9k6,vdo55y9k,r9gllgkw,2
w6jlgqxd,98rv0dqj,pdv2j9k6,zdnzzoxd,5wkx4q29,1
w6jlgqxd,98rv0dqj,pdv2j9k6,xk9ww5g2,5wkx4q29,1
w6jlgqxd,98rv0dqj,4d7npmz6,jdzl9gg2,None,10
w6jlgqxd,98rv0dqj,j1ll47v1,wk6e4eq2,None,1
w6jlgqxd,98rv0dqj,j1ll47v1,w20q695d,5d7jvlvd,1
w6jlgqxd,98rv0dqj,j1ll47v1,w20q695d,kwjk53z9,1
w6jlgqxd,98rv0dqj,j1ll47v1,w20q695d,owom0ly9,1
w6jlgqxd,98rv0dqj,j1ll47v1,w20q695d,xd1z766w,1
w6jlgqxd,98rv0dqj,j1ll47v1,w20q695d,ewp2jez9,1
w6jlgqxd,98rv0dqj,j1ll47v1,w20q695d,y9mmjy19,1
w6jlgqxd,98rv0dqj,j1ll47v1,w20q695d,5wkmj8qd,1
w6jlgqxd,98rv0dqj,j1ll47v1,w20q695d,5926z3rd,1
w6jlgqxd,98rv0dqj,j1ll47v1,w20q695d,29v83jnd,1
w6jlgqxd,98rv0dqj,j1ll47v1,w20q695d,xd0egl19,1
w6jlgqxd,98rv0dqj,j1ll47v1,w20q695d,rw674r79,1
w6jlgqxd,98rv0dqj,j1ll47v1,w20q695d,n93x78e9,1
w6jlgqxd,98rv0dqj,j1ll47v1,w20q695d,z98o6eld,1
w6jlgqxd,98rv0dqj,j1ll47v1,w20q695d,rdnm0rv9,1
w6jlgqxd,98rv0dqj,j1ll47v1,w20q695d,xd45jnpw,1
w6jlgqxd,98rv0dqj,o6gnxjn1,9d8y14qk,n93xnye9,1
w6jlgqxd,98rv0dqj,pdv2j9k6,z27ww5ok,5wkx4q29,1
w6jlgqxd,98rv0dqj,j1ll47v1,w20q695d,ywev1lrd,1
w6jlgqxd,98rv0dqj,j1ll47v1,w20q695d,o9xynk1d,1
w6jlgqxd,98rv0dqj,j1ll47v1,w20q695d,495q6yj9,1
w6jlgqxd,98rv0dqj,j1ll47v1,wkp0r5g2,None,1
w6jlgqxd,98rv0dqj,pd0q7ew1,9d8ymn6k,xd452g8w,2
w6jlgqxd,98rv0dqj,9d38wkg1,w20q73vd,None,2
w6jlgqxd,98rv0dqj,pd0q7ew1,9d8ymn6k,29v87nxd,1
w6jlgqxd,98rv0dqj,kdkz34gd,wkpovvg2,None,1
w6jlgqxd,98rv0dqj,pdv20e96,rkl57x62,None,1
w6jlgqxd,98rv0dqj,268wz4o6,02q40ejd,ywev2j4d,3
w6jlgqxd,98rv0dqj,w6jlkx5d,q25mgrwd,gdr14k6w,3
w6jlgqxd,98rv0dqj,pdv20e96,ndx3ojod,None,1
w6jlgqxd,98rv0dqj,268wz4o6,02q40ejd,ywev2j4d,3
w6jlgqxd,98rv0dqj,268wz4o6,02q40ejd,nwlmgyg9,2
w6jlgqxd,98rv0dqj,yd4ojlw1,7kj6zx42,None,1
w6jlgqxd,98rv0dqj,4d7npmz6,ndx396jd,None,11
w6jlgqxd,98rv0dqj,46w38o31,jdrlw9gd,None,12
w6jlgqxd,98rv0dqj,kdkzvzld,zd3638rd,None,16
w6jlgqxd,98rv0dqj,j1lqlov6,7dgx0o4k,xd1pv76d,1
w6jlgqxd,98rv0dqj,j1lqlov6,7dgx0o4k,ewpnkjz9,1
w6jlgqxd,98rv0dqj,kdknmqdm,9kv70vjk,None,1
w6jlgqxd,98rv0dqj,kdknmqdm,wdmleyxk,None,1
w6jlgqxd,98rv0dqj,kdknmqdm,w20vl6vk,None,1
w6jlgqxd,98rv0dqj,v1pxpmp6,824nm5mk,None,1
w6jlgqxd,98rv0dqj,268w9kk6,824lwn3d,69z7voow,2
w6jlgqxd,98rv0dqj,268w9kk6,9d8oryq2,None,1
w6jlgqxd,98rv0dqj,3dxky251,zd3v97n2,y9m06g5w,4
w6jlgqxd,98rv0dqj,3dxky251,9kvqvy0d,y9m06g5w,2
w6jlgqxd,98rv0dqj,k6q4rqzd,9kv7gzok,z98evep9,1
w6jlgqxd,98rv0dqj,k6q4rqzd,xd1lxp4k,z98evep9,1
w6jlgqxd,98rv0dqj,k6q4rqzd,zd38mevk,z98evep9,1
w6jlgqxd,98rv0dqj,k6q4rqzd,xd1lxp4k,n938jj7w,2
w6jlgqxd,98rv0dqj,k6q4rqzd,xk986z42,None,4
w6jlgqxd,98rv0dqj,k6q4rqzd,9kv7gzok,n938jj7w,2
w6jlgqxd,98rv0dqj,k6q4rqzd,9kv7gzok,z98evzl9,2
w6jlgqxd,98rv0dqj,k6q4rqzd,9d8xw932,z98evzl9,1
w6jlgqxd,98rv0dqj,k6q4rqzd,9kv7gzok,n9385new,2
w6jlgqxd,98rv0dqj,k6q4rqzd,xk986z42,None,22
w6jlgqxd,98rv0dqj,46w3qeq1,7kj83lzd,None,1
w6jlgqxd,98rv0dqj,k6q4rqzd,9kv7gz8k,None,38
w6jlgqxd,98rv0dqj,k6q4rqzd,wdmxz3xk,None,22
w6jlgqxd,98rv0dqj,4d7wwr67,7dg5y642,None,8
w6jlgqxd,98rv0dqj,4d7wwr67,7dg09egk,None,4
w6jlgqxd,98rv0dqj,pdv22jo6,q25xwowk,None,2
w6jlgqxd,98rv0dqj,pdv22jo6,q25xwowk,None,1
w6jlgqxd,98rv0dqj,46w3q731,8249omwd,None,1
w6jlgqxd,98rv0dqj,m1mxpkj6,xd11q54d,None,2
w6jlgqxd,98rv0dqj,m1mxpkj6,zdnn78ed,None,1
w6jlgqxd,98rv0dqj,m1mxpkj6,jdrloyld,o9xx1039,1
w6jlgqxd,98rv0dqj,m1mxpkj6,zd3vrqv2,495mknmw,4
w6jlgqxd,98rv0dqj,k6q4rqzd,q253pzyk,None,32
w6jlgqxd,98rv0dqj,k6q4rqzd,z27lez0d,None,65
w6jlgqxd,98rv0dqj,m1mxpkj6,jdrloyld,69z8p0x9,1
w6jlgqxd,98rv0dqj,76r3wpl6,ndxe9p5k,None,1
w6jlgqxd,98rv0dqj,j1llm971,rkllg38k,None,6
w6jlgqxd,98rv0dqj,76rqeld8,9d8j6zwk,None,5
w6jlgqxd,98rv0dqj,k6q4rqzd,9kv7gzok,xd03ogjd,1
w6jlgqxd,98rv0dqj,ldej9e51,wkp9vzv2,rdn48ev9,2
w6jlgqxd,98rv0dqj,pd00wvde,zd3ljwnd,None,4
w6jlgqxd,98rv0dqj,nd28keqd,xd11mlwd,None,3
w6jlgqxd,98rv0dqj,j1lw246g,ndx96n1d,None,1
w6jlgqxd,98rv0dqj,pd00lwde,9d8jlrlk,None,2
w6jlgqxd,98rv0dqj,pd00lwde,xd1350wk,None,2
w6jlgqxd,98rv0dqj,m1mxy2p6,rkl3m3qk,ywe3eml9,5
w6jlgqxd,98rv0dqj,o1y9lq26,9d8eqn7d,r9gq2qkd,3
w6jlgqxd,98rv0dqj,pdvqn96w,mkejy662,None,1
w6jlgqxd,98rv0dqj,o1y7pv1q,z2775vz2,None,6
w6jlgqxd,98rv0dqj,o1y7pv1q,mke5wyxk,None,2
w6jlgqxd,98rv0dqj,lde3e3e6,zdn0yx92,y9mrol5w,3
w6jlgqxd,98rv0dqj,yd4ox3x1,z274yeg2,None,1
w6jlgqxd,98rv0dqj,w6jl2r5d,wdmvp3od,gdro4ykd,3
w6jlgqxd,98rv0dqj,o1y7pv1q,zd3wqerk,None,3
w6jlgqxd,98rv0dqj,y654px8d,wkp911w2,kwj42qnw,6
w6jlgqxd,98rv0dqj,yd4ox3x1,jdro60xd,None,2
w6jlgqxd,98rv0dqj,o1y7pv1q,zdnqoo9d,None,2
w6jlgqxd,98rv0dqj,pdvz7446,vdo88xvk,None,10
w6jlgqxd,98rv0dqj,46wkwq6r,jdrlz65d,n93m32ed,7
w6jlgqxd,98rv0dqj,76rx0746,wk68oxe2,z98gko7w,2
w6jlgqxd,98rv0dqj,268ko96p,wkp0o082,None,1
w6jlgqxd,98rv0dqj,9dowl531,zd3j6p82,nwl5k0od,1
w6jlgqxd,98rv0dqj,j1nel0e1,xd14jpwd,None,1
w6jlgqxd,98rv0dqj,76rx8lq6,zd3orxyd,None,2
w6jlgqxd,98rv0dqj,m1mxy2p6,xk9e4962,ywe3eml9,1
w6jlgqxd,98rv0dqj,k6q4rqzd,9kv7gzok,kwj6rknd,6
w6jlgqxd,98rv0dqj,4d79vvr1,vdomqz92,None,3
w6jlgqxd,98rv0dqj,v1pxyn46,wk636eqk,None,13
w6jlgqxd,98rv0dqj,268ek5y6,ndx70412,5wk8x5pw,1
w6jlgqxd,98rv0dqj,v1pxyn46,wk636eqk,None,28
w6jlgqxd,98rv0dqj,9d3rz5ed,9d8e4x6d,592r30gd,1
w6jlgqxd,98rv0dqj,9d3rz5ed,jdrovwld,None,1
w6jlgqxd,98rv0dqj,v1pne4d8,jdr776l2,None,4
w6jlgqxd,98rv0dqj,k6q458od,zd3oyg8d,None,2
w6jlgqxd,98rv0dqj,46w3q731,8249omwd,None,1
w6jlgqxd,98rv0dqj,46w3qeq1,9kv6ov02,None,1
w6jlgqxd,98rv0dqj,46w3qeq1,zd3owqrd,None,1
w6jlgqxd,98rv0dqj,46w3qeq1,9kv6on32,None,1
w6jlgqxd,98rv0dqj,nd2eored,vdoxo91d,None,1
w6jlgqxd,98rv0dqj,w6jlpeed,jdz67or2,None,4
w6jlgqxd,98rv0dqj,w6j4l46j,xk90ee6k,y9m5jl1d,1
w6jlgqxd,98rv0dqj,pd0w0701,7kj81wgd,rdnxnpnw,2
w6jlgqxd,98rv0dqj,pd0w2o21,xd17gowd,None,2
w6jlgqxd,98rv0dqj,4d7wwr67,7dg09egk,None,5
w6jlgqxd,98rv0dqj,y6547r4d,z274oz52,rw6g40p9,1
w6jlgqxd,98rv0dqj,y6547r4d,xk9enzx2,rdqojvow,4
w6jlgqxd,98rv0dqj,268eq9k6,wdmvlz5d,gdroe48d,2
w6jlgqxd,98rv0dqj,pd0w9y31,9kv74zjk,None,3
w6jlgqxd,98rv0dqj,nd2vpq10,ndxpwpv2,nwl78vo9,1
w6jlgqxd,98rv0dqj,76rxmo46,w20gl4vk,rw6eglnd,15
w6jlgqxd,98rv0dqj,369prm21,xd14mnrd,xd4evv2w,2
w6jlgqxd,98rv0dqj,yd4o4qk1,wk6ejge2,None,4
w6jlgqxd,98rv0dqj,yd4o4qk1,wdmvq14d,None,5
w6jlgqxd,98rv0dqj,w6jlq22d,jdz680r2,None,3
w6jlgqxd,98rv0dqj,o6gx78d2,02qo7eyk,n934qrrd,1
w6jlgqxd,98rv0dqj,yd4o4ek1,zdnlrrq2,kwj6oj0d,3
w6jlgqxd,98rv0dqj,yd4o4ek1,q25e8882,owo5gnjd,1
w6jlgqxd,98rv0dqj,y654xyed,zd3o05nd,None,8
w6jlgqxd,98rv0dqj,k6q4rqzd,9kv7gzok,xd4n7ypw,2
w6jlgqxd,98rv0dqj,369prm21,xd14mnrd,z98522g9,1
w6jlgqxd,98rv0dqj,9d3re50d,w20y4lok,None,3
w6jlgqxd,98rv0dqj,pdvzokv6,xd1vyxrd,None,2
w6jlgqxd,98rv0dqj,9d3re50d,wdm81e32,None,3
w6jlgqxd,98rv0dqj,9d3re50d,wdm81e32,None,6
w6jlgqxd,98rv0dqj,3695w2dl,7kjqr73d,None,12
w6jlgqxd,98rv0dqj,76rxerl6,n2yol08d,xd185l6w,3
w6jlgqxd,98rv0dqj,4d79vvr1,n2y7jv12,None,4
w6jlgqxd,98rv0dqj,k6q4rqzd,9kv7gzok,r9g11xq9,6
w6jlgqxd,98rv0dqj,o6gl2x9d,9d8e75qd,xd4klm0w,2
w6jlgqxd,98rv0dqj,nd2elvqd,zd3x3myd,n93meend,5
w6jlgqxd,98rv0dqj,nd2elvqd,rklr71rk,n93meend,2
w6jlgqxd,98rv0dqj,o6gl2x9d,xd146w8d,rw6mz0n9,1
w6jlgqxd,98rv0dqj,j1llv741,n2yo831d,None,11
w6jlgqxd,98rv0dqj,j1llvy71,w203p3o2,None,1
w6jlgqxd,98rv0dqj,76rxpg56,mkelew9d,rw6mzxn9,5
w6jlgqxd,98rv0dqj,k6q4rqzd,9kv7gz8k,None,2
w6jlgqxd,98rv0dqj,k6q4rqzd,xd1lxp4k,nwlnxled,4
w6jlgqxd,98rv0dqj,v1po5rz6,n2ygm472,None,1
w6jlgqxd,98rv0dqj,9d39y9dl,wdmqv442,xd075r0w,1
w6jlgqxd,98rv0dqj,o1y7pv1q,zd3wqerk,None,5
w6jlgqxd,98rv0dqj,o1y7pv1q,wkpq740d,None,4
w6jlgqxd,98rv0dqj,o1y7pv1q,q25459vd,None,2
w6jlgqxd,98rv0dqj,o1y7pv1q,q25459vd,None,1
w6jlgqxd,98rv0dqj,o1y7pv1q,q25459vd,None,1
w6jlgqxd,98rv0dqj,o1y7pv1q,q2538g8k,None,3
w6jlgqxd,98rv0dqj,o1y7pv1q,vdomqmv2,None,2
w6jlgqxd,98rv0dqj,3dx24n51,zd3x3z8d,None,2
w6jlgqxd,98rv0dqj,o6g9j8d2,wdm4y14d,None,9
w6jlgqxd,98rv0dqj,o6g9j8d2,wkpq4z0d,None,1
w6jlgqxd,98rv0dqj,kdkz852d,9d8glz3k,None,8
w6jlgqxd,98rv0dqj,kdkz852d,xd175z4d,None,2
w6jlgqxd,98rv0dqj,k6q4rqzd,9kv7gzok,rw6e5gnd,9
w6jlgqxd,98rv0dqj,pdvzokv6,9d83qn72,n93mx42d,2
w6jlgqxd,98rv0dqj,369x426l,zdnq9g9d,None,10
w6jlgqxd,98rv0dqj,o1y7pv1q,w201o1ok,None,1
w6jlgqxd,98rv0dqj,nd2lev60,5dw8lend,xd1xo769,6
w6jlgqxd,98rv0dqj,4d792zz1,w203o482,None,1
w6jlgqxd,98rv0dqj,k6q4mlod,xd1eexw2,None,1
w6jlgqxd,98rv0dqj,k6q4mlod,02qoox9k,None,1
w6jlgqxd,98rv0dqj,w6jlkx5d,02qv3yzd,69znoml9,1
w6jlgqxd,98rv0dqj,4d792zz1,w203o482,None,4
w6jlgqxd,98rv0dqj,k6q474zd,q25m6zyd,None,11
w6jlgqxd,98rv0dqj,4d792zz1,wk68yne2,None,2
w6jlgqxd,98rv0dqj,o1y7pv1q,9kvxrnj2,None,2
w6jlgqxd,98rv0dqj,o1y7pv1q,xk98jry2,None,3
w6jlgqxd,98rv0dqj,k6q4rqzd,xd1lxp4k,rw6e50gd,9
w6jlgqxd,98rv0dqj,j1n07edp,w2016wok,None,9
w6jlgqxd,98rv0dqj,369pq8l1,xd1vz6zd,gdryynlw,1
w6jlgqxd,98rv0dqj,k6q4rqzd,wk6nplr2,None,3
w6jlgqxd,98rv0dqj,k6q4rqzd,zd38mevk,29v5n01d,12
w6jlgqxd,98rv0dqj,k6q4rqzd,9kv7gzok,rdnrvr6w,7
w6jlgqxd,98rv0dqj,lde35gl6,xk9v5zyd,y9m285ld,4
w6jlgqxd,98rv0dqj,76rx9z46,z27oovgd,None,5
w6jlgqxd,98rv0dqj,v1po5rz6,zd3xr0nd,None,1
w6jlgqxd,98rv0dqj,369pq8l1,z271e0o2,xd4kke2w,2
w6jlgqxd,98rv0dqj,369pq8l1,xd1vz6zd,y9m2245d,1
w6jlgqxd,98rv0dqj,w6jl5q2d,9kv93oj2,495mrj2w,1
w6jlgqxd,98rv0dqj,k6q474zd,02qvxpzd,None,10
w6jlgqxd,98rv0dqj,w6jl5q2d,rklrmlqk,495mrj2w,1
w6jlgqxd,98rv0dqj,9dow5v31,n2ygx682,None,1
w6jlgqxd,98rv0dqj,9dow5v31,z271yzg2,xd143z6d,1
w6jlgqxd,98rv0dqj,w6jl5q2d,9kv93oj2,rdqn30md,2
w6jlgqxd,98rv0dqj,k6q458od,xk9v5jxd,None,2
w6jlgqxd,98rv0dqj,k6q458od,xk9v5jxd,None,1
w6jlgqxd,98rv0dqj,k6q458od,xk9v5jxd,None,1
w6jlgqxd,98rv0dqj,o6glom5d,7dg6m84k,29vlq43w,1
w6jlgqxd,98rv0dqj,o6gl5x9d,wdm6rook,None,1
w6jlgqxd,98rv0dqj,o1y7pv1q,zdnxr0q2,None,3
w6jlgqxd,98rv0dqj,o6gl5x9d,7dg6ynxk,None,1
w6jlgqxd,98rv0dqj,o6gl5x9d,wdm6rv5k,None,2
w6jlgqxd,98rv0dqj,o6gl5x9d,rklrn5rk,None,1
w6jlgqxd,98rv0dqj,kdknmqdm,wdmleyxk,None,1
w6jlgqxd,98rv0dqj,pdvzqr96,rklrjn8k,owoqpe3d,3
w6jlgqxd,98rv0dqj,k6q459zd,rklr5rrk,5d723e6w,2
w6jlgqxd,98rv0dqj,o1y7pv1q,5dw7y5ek,None,1
w6jlgqxd,98rv0dqj,kdkojg6m,xd1r0wwk,None,27
w6jlgqxd,98rv0dqj,k6q4lx9d,n2yg9gz2,69z8ppl9,2
w6jlgqxd,98rv0dqj,76rx9z46,n2y35e8d,None,5
w6jlgqxd,98rv0dqj,76rx9z46,xk9nnxy2,None,4
w6jlgqxd,98rv0dqj,o1y7pv1q,q25409gd,None,2
w6jlgqxd,98rv0dqj,o1y9rqv6,zd3xxgnd,y9m2kpxd,1
w6jlgqxd,98rv0dqj,k6q454zd,ndx4eer2,xd14086d,2
w6jlgqxd,98rv0dqj,o6glom5d,rkll03qk,y9mrn75w,1
w6jlgqxd,98rv0dqj,o1y9rqv6,mkezgn8k,None,3
w6jlgqxd,98rv0dqj,o6g5r912,9kvjl3ok,rdnp1469,4
w6jlgqxd,98rv0dqj,k6q4lx9d,02qvm3jd,None,1
w6jlgqxd,98rv0dqj,m1mxpkj6,jdrloyld,rdqnzqod,2
w6jlgqxd,98rv0dqj,o6gg8n62,n2ygox12,None,5
w6jlgqxd,98rv0dqj,k6q4lx9d,jdrlovgd,69z8ppl9,4
w6jlgqxd,98rv0dqj,kdkojg6m,wdmq7q32,None,22
w6jlgqxd,98rv0dqj,j1newoe1,rklr33nk,o9xx1lp9,1
w6jlgqxd,98rv0dqj,k6q4lx9d,jdrlovgd,yweq22yw,2
w6jlgqxd,98rv0dqj,k6qerz6g,vdo106y2,None,7
w6jlgqxd,98rv0dqj,o1y9rqv6,rklq4wr2,69z2e769,2
w6jlgqxd,98rv0dqj,yd4xjx1e,q25gn9vd,None,8
w6jlgqxd,98rv0dqj,w6jlkx5d,q25mgrwd,y9m2k3zd,1
w6jlgqxd,98rv0dqj,o1y98wk6,n2ygge82,5wkqgk2w,6
w6jlgqxd,98rv0dqj,o1y98wk6,n2ygge82,y9m2k55d,12
w6jlgqxd,98rv0dqj,j1newkl1,q25mm3yd,None,1
w6jlgqxd,98rv0dqj,o1y7pv1q,wkpy660k,None,1
w6jlgqxd,98rv0dqj,268ng56p,w20vr9vk,None,1
w6jlgqxd,98rv0dqj,46wkn36r,ndx71lo2,495y5kmw,1
w6jlgqxd,98rv0dqj,w6jlkx5d,q25mgrwd,z98gy1gw,2
w6jlgqxd,98rv0dqj,o1y9jwo6,jdr7wwg2,None,2
w6jlgqxd,98rv0dqj,o1y9jwo6,zd3xg8ed,ldyg15rd,5
w6jlgqxd,98rv0dqj,o1y9jwo6,mkezwm6k,None,2
w6jlgqxd,98rv0dqj,w6jlkx5d,jdrlvj0d,rdn266qd,2
w6jlgqxd,98rv0dqj,w6jlkx5d,q25mgrwd,gdr14k6w,1
w6jlgqxd,98rv0dqj,m1mxonx6,mkeqvw6k,None,1
w6jlgqxd,98rv0dqj,w6jlkx5d,zdn80e7d,nwlpqr09,1
w6jlgqxd,98rv0dqj,w6jlkx5d,jdrlvj0d,5wk1535d,1
w6jlgqxd,98rv0dqj,46w3n791,zd3xw5rd,None,3
w6jlgqxd,98rv0dqj,o1y9rqv6,rklq4wr2,o9x7r66d,2
w6jlgqxd,98rv0dqj,o1y7pv1q,5dw7y7lk,None,2
w6jlgqxd,98rv0dqj,yd4xjx1e,w20yge5k,z98n2zp9,3
w6jlgqxd,98rv0dqj,o1y9rqv6,rklq4wr2,r9g4q6q9,2
w6jlgqxd,98rv0dqj,4d79j2g1,xd1vm0rd,owoqngyd,3
w6jlgqxd,98rv0dqj,w6jlokxd,vdo18p92,None,6
w6jlgqxd,98rv0dqj,3dxwg51y,jdr13vl2,o9xn2v1w,2
w6jlgqxd,98rv0dqj,3dxwg51y,rklqwvn2,o9xn2v1w,1
w6jlgqxd,98rv0dqj,3dxwg51y,wdm4y0od,None,3
w6jlgqxd,98rv0dqj,w6jlokxd,8240y8ed,None,8
w6jlgqxd,98rv0dqj,76r2nvd8,9d8xozl2,None,4
w6jlgqxd,98rv0dqj,o1y7pv1q,5dwpqnnk,None,5
w6jlgqxd,98rv0dqj,4d79j2g1,wk68jxr2,owoqn7yd,5
w6jlgqxd,98rv0dqj,4d79j2g1,n2yg18m2,ywemgzrd,4
w6jlgqxd,98rv0dqj,46wpg3dr,n2yg8772,None,2
w6jlgqxd,98rv0dqj,4d7wwr67,zdnrv8n2,None,2
w6jlgqxd,98rv0dqj,4d7wwr67,7dg5y642,None,11
w6jlgqxd,98rv0dqj,k6q4lzod,n2yg7qm2,None,1
w6jlgqxd,98rv0dqj,v1pown86,02qrvw7k,None,2
w6jlgqxd,98rv0dqj,pd0wjr31,8240xjnd,xd03z04d,9
w6jlgqxd,98rv0dqj,v1pown86,82480eek,None,2
w6jlgqxd,98rv0dqj,369nyldl,xd13jz4k,None,3
w6jlgqxd,98rv0dqj,369pxog1,zd3x7end,None,2
w6jlgqxd,98rv0dqj,76rx0746,wk68oxe2,592n7kg9,1
w6jlgqxd,98rv0dqj,76rx0746,9kv9y102,None,1
w6jlgqxd,98rv0dqj,j1llrpz1,7kj6vzx2,None,22
w6jlgqxd,98rv0dqj,y6548qed,7kj6qx42,None,2
w6jlgqxd,98rv0dqj,9d3mqy6l,ndx394vd,None,9
w6jlgqxd,98rv0dqj,o6g9ond2,02q8znj2,None,1
w6jlgqxd,98rv0dqj,j1lw246g,9kvozgo2,5wk1pepd,3
w6jlgqxd,98rv0dqj,j1l9e41g,rklre6qk,None,4
w6jlgqxd,98rv0dqj,j1l9e41g,n2yop31d,None,3
w6jlgqxd,98rv0dqj,j1l9e41g,z27173g2,xd4r8n89,4
w6jlgqxd,98rv0dqj,o1y7pv1q,mke5w7xk,None,2
w6jlgqxd,98rv0dqj,o1y7pv1q,wk6879r2,None,2
w6jlgqxd,98rv0dqj,46wk276r,5dwyengk,None,3
w6jlgqxd,98rv0dqj,46wk276r,vdoqvyok,None,3
w6jlgqxd,98rv0dqj,yd4ojlw1,zdn8r69d,ywemp3ld,1
w6jlgqxd,98rv0dqj,46wk276r,mkejpy92,None,2
w6jlgqxd,98rv0dqj,yd4ojlw1,z2713nz2,None,1
w6jlgqxd,98rv0dqj,yd4ojlw1,7kj6pvn2,None,1
w6jlgqxd,98rv0dqj,o1y7pv1q,9kvxrnj2,None,4
w6jlgqxd,98rv0dqj,yd4ojlw1,xk9vjq6d,None,1
w6jlgqxd,98rv0dqj,9dowe2o1,n2yowwzd,29v508ld,1
w6jlgqxd,98rv0dqj,9dowe2o1,jdrvz452,None,2
w6jlgqxd,98rv0dqj,9dowe2o1,wkp174gk,z98g53pw,2
w6jlgqxd,98rv0dqj,o1y7pv1q,rklg0mrd,None,1
w6jlgqxd,98rv0dqj,j1ne7ww1,zdn44e7k,None,2
w6jlgqxd,98rv0dqj,46w34071,9d84l1wk,None,7
w6jlgqxd,98rv0dqj,o6glgpod,9kv9xvj2,y9m1m7x9,2
w6jlgqxd,98rv0dqj,o6glgpod,jdrlpm5d,592n6239,1
w6jlgqxd,98rv0dqj,o6glgpod,jdrlpm5d,y9m1m7x9,1
w6jlgqxd,98rv0dqj,o6glgpod,jdrlpm5d,5wk1m5pd,1
w6jlgqxd,98rv0dqj,46wn8l6r,w20z77vd,None,4
w6jlgqxd,98rv0dqj,kdknmqdm,zd38g9yk,None,1
w6jlgqxd,98rv0dqj,j1n5yx1p,zd3lzmyd,None,3
w6jlgqxd,98rv0dqj,9d3rpxgd,z27rvxod,nwly8pg9,3
w6jlgqxd,98rv0dqj,9d3rpxgd,zdn0yvx2,rdq3e5gw,5
w6jlgqxd,98rv0dqj,9d3r9mgd,n2yo0g7d,n93y8mzd,2
w6jlgqxd,98rv0dqj,9d3r9mgd,xk9r4vvk,gdr1gylw,2
w6jlgqxd,98rv0dqj,k6q4rqzd,9kv7gzok,rdn23y7d,1
w6jlgqxd,98rv0dqj,j1llvp71,9d84r5qk,None,1
w6jlgqxd,98rv0dqj,j1llvy71,w203p3o2,None,1
w6jlgqxd,98rv0dqj,76rxmo46,w20gl4vk,69zn6q69,10
w6jlgqxd,98rv0dqj,76rxmo46,wdmxe1xk,None,1
w6jlgqxd,98rv0dqj,76rxmo46,w20gl4vk,rdn2xlnd,4
w6jlgqxd,98rv0dqj,76rxmo46,w20gl4vk,nwlpzyp9,2
w6jlgqxd,98rv0dqj,76rxmo46,w20gl4vk,xd03n20d,6
w6jlgqxd,98rv0dqj,76rxmo46,w20gl4vk,ldy8k5jw,6
w6jlgqxd,98rv0dqj,j1llvp71,02q35ezk,None,1
w6jlgqxd,98rv0dqj,j1llvp71,824gwq32,None,1
w6jlgqxd,98rv0dqj,j1llvp71,jdz9yrx2,None,1
w6jlgqxd,98rv0dqj,j1n5ee1p,5dw7jn5k,None,1
w6jlgqxd,98rv0dqj,j1llvp71,zdn8m0xd,None,2
w6jlgqxd,98rv0dqj,kdknmqdm,wdmleyxk,None,1
w6jlgqxd,98rv0dqj,j1n5ee1p,5dw7jx5k,None,1
w6jlgqxd,98rv0dqj,j1llrpz1,n2yolj7d,None,196
w6jlgqxd,98rv0dqj,j1llrpz1,rkllynqk,None,136
w6jlgqxd,98rv0dqj,3dxm9p6y,xd1g0y7d,None,2
w6jlgqxd,98rv0dqj,46w3xq71,7dgnom42,5wk180pd,1
w6jlgqxd,98rv0dqj,268eov76,xd1gzx7d,None,6
w6jlgqxd,98rv0dqj,j1llrpz1,xk9rzjvk,None,7
w6jlgqxd,98rv0dqj,j1llrpz1,wk6nljp2,None,15
w6jlgqxd,98rv0dqj,46wk276r,wdm41r4d,None,4
w6jlgqxd,98rv0dqj,268ejwo6,wk600mrk,None,1
w6jlgqxd,98rv0dqj,o1y9wyk6,vdo8ervk,rw6en27d,1
w6jlgqxd,98rv0dqj,268ejwo6,7kj3jjn2,None,1
w6jlgqxd,98rv0dqj,9d3r9mgd,mke904jd,nwlpn2e9,3
w6jlgqxd,98rv0dqj,9d3r9mgd,wk6n58o2,n93y8mzd,3
w6jlgqxd,98rv0dqj,o1y7pv1q,wk61v3xd,None,2
w6jlgqxd,98rv0dqj,yd4oqjg1,xk9r7oyk,None,1
w6jlgqxd,98rv0dqj,46wn8l6r,vdo8lwvk,None,4
w6jlgqxd,98rv0dqj,kdkzg4xd,jdrv5ql2,xd186vzw,5
w6jlgqxd,98rv0dqj,9d3r9mgd,mke904jd,n93y8mzd,5
w6jlgqxd,98rv0dqj,9d3r9mgd,5dw4lg5k,nwlpn2e9,3
w6jlgqxd,98rv0dqj,j1l9e41g,wkpe8gdr,None,4
w6jlgqxd,98rv0dqj,o1yl7o6q,vdom0n62,None,1
w6jlgqxd,98rv0dqj,4d798xz1,wkp1ejjk,None,1
w6jlgqxd,98rv0dqj,k6q4rqzd,9kv7gzok,xd137ez9,3
w6jlgqxd,98rv0dqj,j1nekj91,9d84087k,None,1
w6jlgqxd,98rv0dqj,j1nekj91,824g39w2,None,1
w6jlgqxd,98rv0dqj,kdknmqdm,wdmleyxk,None,1
w6jlgqxd,98rv0dqj,lde3eje6,n2yog7zd,None,3
w6jlgqxd,98rv0dqj,ldeljx63,jdr10w52,69z4k4lw,2
w6jlgqxd,98rv0dqj,yd4oqjg1,n2yoz08d,29v57vxd,1
w6jlgqxd,98rv0dqj,yd4oqjg1,n2yoz08d,5wk16vxd,1
w6jlgqxd,98rv0dqj,4d7983l1,wdmxgzok,None,2
w6jlgqxd,98rv0dqj,k6q4rqzd,zdnxvve2,None,2
w6jlgqxd,98rv0dqj,kdknmqdm,wdmleyxk,None,1
w6jlgqxd,98rv0dqj,4d7983l1,wdmxgzok,None,4
w6jlgqxd,98rv0dqj,v1pyjp18,wk6em6e2,None,2
w6jlgqxd,98rv0dqj,v1pyjp18,wk6em6e2,None,4
w6jlgqxd,98rv0dqj,4d7rjl17,5dw8ge0d,None,15
w6jlgqxd,98rv0dqj,o1y9w9r6,jdz9o9g2,None,2
w6jlgqxd,98rv0dqj,o1y9w9r6,02q373yk,None,2
w6jlgqxd,98rv0dqj,pd0ezw1e,xd1lmv4k,None,1
w6jlgqxd,98rv0dqj,o1y9wyk6,xk9rzrxk,None,2
w6jlgqxd,98rv0dqj,o1y9wyk6,vdo8ervk,69zn47o9,1
w6jlgqxd,98rv0dqj,o1y9wyk6,vdo8ervk,r9g13lk9,1
w6jlgqxd,98rv0dqj,o1y9wyk6,vdo8ervk,592nomr9,1
w6jlgqxd,98rv0dqj,o1y9wyk6,vdo8ervk,ewp0qnzd,1
w6jlgqxd,98rv0dqj,kdknmqdm,9kv70vjk,None,2
w6jlgqxd,98rv0dqj,kdknmqdm,9d8xrq72,None,1
w6jlgqxd,98rv0dqj,o1y9wyk6,9kvo1532,None,1
w6jlgqxd,98rv0dqj,ldev7j13,xd131n4k,None,1
w6jlgqxd,98rv0dqj,o1y9wyk6,vdo8ervk,29v5kgnd,1
w6jlgqxd,98rv0dqj,o1y9wyk6,vdo8ervk,rdq5181d,2
w6jlgqxd,98rv0dqj,o6gxkxd2,xd13qn7k,None,5
w6jlgqxd,98rv0dqj,m1mxl0x6,xk9rzoyk,None,1
w6jlgqxd,98rv0dqj,o1y9wyk6,vdo8ervk,xd037p1d,1
w6jlgqxd,98rv0dqj,o1y9wyk6,vdo8ervk,5wk1r0qd,1
w6jlgqxd,98rv0dqj,o1y9wyk6,vdo8ervk,y9m1p019,1
w6jlgqxd,98rv0dqj,o1y9wyk6,vdo8ervk,o9x3lg19,1
w6jlgqxd,98rv0dqj,o1y9wyk6,vdo8ervk,xd4r3pp9,2
w6jlgqxd,98rv0dqj,o1y9wyk6,vdo8ervk,gdr1qrzw,1
w6jlgqxd,98rv0dqj,pdvzkpv6,mke9188d,None,5
w6jlgqxd,98rv0dqj,o1y9wyk6,zd3wznrk,None,2
w6jlgqxd,98rv0dqj,o6gl40xd,n2yolmzd,None,1
w6jlgqxd,98rv0dqj,o1y9wyk6,vdo8ervk,owoq28yd,1
w6jlgqxd,98rv0dqj,o1y9wyk6,vdo8ervk,z98g8plw,1
w6jlgqxd,98rv0dqj,m1mxl0x6,xd1gzjrd,None,2
w6jlgqxd,98rv0dqj,4d7983l1,w20g91jk,None,9
w6jlgqxd,98rv0dqj,o1y7pv1q,q2545jvd,None,1
w6jlgqxd,98rv0dqj,o1y7pv1q,mke533xk,None,3
w6jlgqxd,98rv0dqj,o1y7pv1q,mke533xk,None,3
w6jlgqxd,98rv0dqj,kdknmqdm,wdmleyxk,None,1
w6jlgqxd,98rv0dqj,kdknmqdm,wdmleyxk,None,1
w6jlgqxd,98rv0dqj,46wn8l6r,q25q49g2,5d7v2m6d,4
w6jlgqxd,98rv0dqj,k6q4rqzd,9kv7gzok,o9xk57pw,21
w6jlgqxd,98rv0dqj,o1y7pv1q,n2y1rrm2,None,4
w6jlgqxd,98rv0dqj,o1y7pv1q,n2y1rrm2,None,3
w6jlgqxd,98rv0dqj,w6jlw74d,wdmxoqek,n93n532w,10
w6jlgqxd,98rv0dqj,46wq436r,jdzpo56k,None,2
w6jlgqxd,98rv0dqj,46wq436r,wkp1l3vk,rdq562md,1
w6jlgqxd,98rv0dqj,46wq436r,wkp1l3vk,5d7z6k5w,1
w6jlgqxd,98rv0dqj,o1y7pv1q,wk6jrwrd,None,2
w6jlgqxd,98rv0dqj,o1y7pv1q,wkpygegk,None,2
w6jlgqxd,98rv0dqj,4d798kn1,wkp1rjjk,None,2
w6jlgqxd,98rv0dqj,w6jlw74d,wdmxoqek,y9mrq3zw,11
w6jlgqxd,98rv0dqj,w6jlw74d,wdmxoqek,ywejkpld,9
w6jlgqxd,98rv0dqj,v1polxz6,7kjp40nk,None,1
w6jlgqxd,98rv0dqj,m1zok2d0,ndx8gp5k,None,7
w6jlgqxd,98rv0dqj,w6jlw74d,wdmxoqek,rdnljg5w,10
w6jlgqxd,98rv0dqj,v1pyjp18,wk6em6e2,None,5
w6jlgqxd,98rv0dqj,j1n29w1p,z2739god,None,40
w6jlgqxd,98rv0dqj,369ppl21,ndxmezo2,kwj5qln9,2
w6jlgqxd,98rv0dqj,w6jlw74d,zd3w4yek,None,14
w6jlgqxd,98rv0dqj,9dovpe6p,xk9g0y6d,None,6
w6jlgqxd,98rv0dqj,o1yl7o6q,vdom0n62,None,1
w6jlgqxd,98rv0dqj,m1zok2d0,9kvx0jo2,None,5
w6jlgqxd,98rv0dqj,j1n5ee1p,n2y7qn72,None,4
w6jlgqxd,98rv0dqj,o1y9w9r6,q25g9gvd,None,6
w6jlgqxd,98rv0dqj,lde5ljd3,xd1lxezk,None,1
w6jlgqxd,98rv0dqj,o1yl7o6q,vdom0n62,None,1
w6jlgqxd,98rv0dqj,m1zok2d0,rklgperd,None,2
w6jlgqxd,98rv0dqj,j1lgy4dg,ndxp0q52,None,1
w6jlgqxd,98rv0dqj,j1ne7ww1,z276685d,None,4
w6jlgqxd,98rv0dqj,j1ne7ww1,n2y53wek,None,13
w6jlgqxd,98rv0dqj,k6q73mdg,mkejq482,None,2
w6jlgqxd,98rv0dqj,w6jlw74d,wdmxoqek,owoe1njd,16
w6jlgqxd,98rv0dqj,k6q4qnmd,9kvqj5od,nwlyjpg9,7
w6jlgqxd,98rv0dqj,k6q4qnmd,9kvqj5od,nwlyjpg9,8
w6jlgqxd,98rv0dqj,4d798kn1,wdmx7zek,r9gjv059,1
w6jlgqxd,98rv0dqj,o1y8mvdq,9kvjppjk,kwjy2ynw,2
w6jlgqxd,98rv0dqj,9d39y9dl,ndx85pjk,69zrxxxd,2
w6jlgqxd,98rv0dqj,9d39y9dl,w20zx1zd,owo2l5vd,2
w6jlgqxd,98rv0dqj,o1yl7o6q,wk6vjled,None,1
w6jlgqxd,98rv0dqj,o1yl7o6q,wk6vjled,None,1
w6jlgqxd,98rv0dqj,w6jlw74d,xd1gomzd,None,9
w6jlgqxd,98rv0dqj,k6q4rqzd,9kv7gzok,xd0lr21d,4
w6jlgqxd,98rv0dqj,k6q4rqzd,9kv7gzok,rdnrjlvw,2
w6jlgqxd,98rv0dqj,k6q4rqzd,9kv7gzok,xd4n72rw,3
w6jlgqxd,98rv0dqj,k6q4rqzd,9kv7gzok,owol1eyw,4
w6jlgqxd,98rv0dqj,j1le246g,7kj37mz2,gdr848z9,2
w6jlgqxd,98rv0dqj,w6j2o21j,wk61g8od,None,1
w6jlgqxd,98rv0dqj,nd2e0eed,zd3wr7nk,None,105
w6jlgqxd,98rv0dqj,kdknmqdm,9kv70vjk,None,1
w6jlgqxd,98rv0dqj,k6q4rqzd,9kv7gzok,rw6rpl7w,4
w6jlgqxd,98rv0dqj,o1yl7o6q,rklvx1wd,rdqgz329,2
w6jlgqxd,98rv0dqj,k6q4rqzd,9kv7gzok,xd16e369,3
w6jlgqxd,98rv0dqj,k6q4rqzd,9kv7gzok,5923g8rd,3
w6jlgqxd,98rv0dqj,4d798kn1,7dgn78g2,None,1
w6jlgqxd,98rv0dqj,o1y7pv1q,w20zjjvd,None,4
w6jlgqxd,98rv0dqj,4d798kn1,wdmx7zek,69zqkol9,1
w6jlgqxd,98rv0dqj,4d798kn1,wdmx7zek,ywej6kyd,1
w6jlgqxd,98rv0dqj,o1y7pv1q,mke5wwxk,None,2
w6jlgqxd,98rv0dqj,o1y7pv1q,5dwpqxnk,None,4
w6jlgqxd,98rv0dqj,lde33nn6,02qo309k,None,1
w6jlgqxd,98rv0dqj,o1y7pv1q,xk9l596k,None,3
w6jlgqxd,98rv0dqj,o1y7pv1q,xk9l596k,None,3
w6jlgqxd,98rv0dqj,o1y7pv1q,mke5w88k,None,3
w6jlgqxd,98rv0dqj,o1y7pv1q,ndx8rl5k,None,2
w6jlgqxd,98rv0dqj,o1y7pv1q,5dwprrnk,None,1
w6jlgqxd,98rv0dqj,76rx9le6,8241np32,None,116
w6jlgqxd,98rv0dqj,o1yl7o6q,wkpm6x0k,None,2
w6jlgqxd,98rv0dqj,o1yl7o6q,vdom0n62,None,1
w6jlgqxd,98rv0dqj,o1yl7o6q,wk6vjled,None,1
w6jlgqxd,98rv0dqj,k6q4qzod,5dw494ek,None,1
w6jlgqxd,98rv0dqj,k6q4qzod,9d84erqk,None,2
w6jlgqxd,98rv0dqj,o1y7pv1q,824pq8w2,None,1
w6jlgqxd,98rv0dqj,o1y7pv1q,824pq8w2,None,1
w6jlgqxd,98rv0dqj,o1y7pv1q,w20gnljk,None,3
w6jlgqxd,98rv0dqj,kdknmqdm,w20vl6vk,None,2
w6jlgqxd,98rv0dqj,o1y7pv1q,xk9l556k,None,7
w6jlgqxd,98rv0dqj,o1y7pv1q,jdz5rngd,None,4
w6jlgqxd,98rv0dqj,o1y7pv1q,jdz5rngd,None,3
w6jlgqxd,98rv0dqj,o1y7pv1q,zd3wqerk,None,5
w6jlgqxd,98rv0dqj,o1y7pv1q,jdz5rngd,None,2
w6jlgqxd,98rv0dqj,o1y7pv1q,ndx8o4vk,None,1
w6jlgqxd,98rv0dqj,o1y7pv1q,q25455vd,None,4
w6jlgqxd,98rv0dqj,o1y7pv1q,zd3wqerk,None,5
w6jlgqxd,98rv0dqj,kdknmqdm,zd38g9yk,None,2
w6jlgqxd,98rv0dqj,o1y7pv1q,vdo4ww12,None,3
w6jlgqxd,98rv0dqj,o1y7pv1q,9kvxr3j2,None,3
w6jlgqxd,98rv0dqj,o1y7pv1q,zd3wqerk,None,2
w6jlgqxd,98rv0dqj,o1y7pv1q,w20zem8d,None,4
w6jlgqxd,98rv0dqj,o1y7pv1q,w20zem8d,None,4
w6jlgqxd,98rv0dqj,o1y7pv1q,wdm4j43d,None,1
w6jlgqxd,98rv0dqj,o1y7pv1q,wkpygg0k,None,2
w6jlgqxd,98rv0dqj,o1y7pv1q,7kjrll42,None,2
w6jlgqxd,98rv0dqj,o1y7pv1q,5dwy7nlk,None,2
w6jlgqxd,98rv0dqj,k6q4qzod,xk9reqxk,None,2
w6jlgqxd,98rv0dqj,o1y7pv1q,7dgg11xd,None,2
w6jlgqxd,98rv0dqj,o1y7pv1q,02qjeeyd,None,3
w6jlgqxd,98rv0dqj,o1y7pv1q,02qjeeyd,None,3
w6jlgqxd,98rv0dqj,o1y7pv1q,ndx8o4vk,None,3
w6jlgqxd,98rv0dqj,k6q4qzod,vdo8yvvk,None,1
w6jlgqxd,98rv0dqj,kdknmqdm,xd1l0yrk,None,2
w6jlgqxd,98rv0dqj,m1mr7j62,zdnre1q2,None,4
w6jlgqxd,98rv0dqj,m1mr7j62,q258r782,None,9
w6jlgqxd,98rv0dqj,o1y7pv1q,zd3y5ry2,None,3
w6jlgqxd,98rv0dqj,o1y7pv1q,ndx8r01k,None,3
w6jlgqxd,98rv0dqj,k6q4qzod,jdrvoz02,None,1
w6jlgqxd,98rv0dqj,4d79o7n1,5dwgo3nk,None,53
w6jlgqxd,98rv0dqj,o1y7pv1q,n2y7el12,None,2
w6jlgqxd,98rv0dqj,o1y7pv1q,wdmqmo52,None,2
w6jlgqxd,98rv0dqj,o1y7pv1q,zd3ynny2,None,4
w6jlgqxd,98rv0dqj,46w34o91,xk9rwyxk,None,3
w6jlgqxd,98rv0dqj,o1y7pv1q,w20zjjvd,None,3
w6jlgqxd,98rv0dqj,pdvzmeo6,n2yon68d,None,9
w6jlgqxd,98rv0dqj,m1zjg926,z27rq8gd,rdn2lk5d,237
w6jlgqxd,98rv0dqj,y658876e,ndx8z7rk,gdrjvvew,3
w6jlgqxd,98rv0dqj,k6q4rqzd,9kv7gz8k,None,7
w6jlgqxd,98rv0dqj,lde3eje6,n2yog7zd,None,1
w6jlgqxd,98rv0dqj,k6q4rqzd,9kv7gzok,rdnrjr7w,4
w6jlgqxd,98rv0dqj,k6q4rqzd,q253pzyk,None,6
w6jlgqxd,98rv0dqj,k6q4rqzd,9kv7gzok,z98ev6p9,5
w6jlgqxd,98rv0dqj,k6q4rqzd,8241o4m2,None,185
w6jlgqxd,98rv0dqj,k6q4rqzd,wk6nplr2,None,35
w6jlgqxd,98rv0dqj,k6q4rqzd,7kj1y0nk,None,46
w6jlgqxd,98rv0dqj,k6q4rqzd,jdz74z3k,None,32
w6jlgqxd,98rv0dqj,o1y7pv1q,q2545jvd,None,1
w6jlgqxd,98rv0dqj,o1y7pv1q,7kj1o0zk,None,4
w6jlgqxd,98rv0dqj,pd0py36e,ndx1mp52,n934roed,4
w6jlgqxd,98rv0dqj,o1y7pv1q,q2545jvd,None,1
w6jlgqxd,98rv0dqj,k6q4rqzd,zdnx3ge2,None,92
w6jlgqxd,98rv0dqj,o1y7pv1q,7kjrll42,None,3
w6jlgqxd,98rv0dqj,pd0py36e,mkeoxrjd,nwlo83rw,1
w6jlgqxd,98rv0dqj,o1y7pv1q,q2545jvd,None,3
w6jlgqxd,98rv0dqj,lde3e3e6,xd1gg98d,None,15
w6jlgqxd,98rv0dqj,pd0py36e,ndx1mp52,5wk63pp9,5
w6jlgqxd,98rv0dqj,pd0py36e,ndx1mp52,rdnzyn7d,4
w6jlgqxd,98rv0dqj,lde33nn6,jdz89j6d,None,2
w6jlgqxd,98rv0dqj,k6q4rqzd,9kv7gzok,n9385yew,3
w6jlgqxd,98rv0dqj,kdknmqdm,ndx7gx12,None,1
w6jlgqxd,98rv0dqj,k6q4rqzd,9kv7gzok,owol10kw,5
w6jlgqxd,98rv0dqj,nd2e3ped,jdrvv7g2,None,6
w6jlgqxd,98rv0dqj,pd0py36e,5dw85yed,None,3
w6jlgqxd,98rv0dqj,nd2e3ped,jdrvv7g2,None,3
w6jlgqxd,98rv0dqj,k6q4rqzd,9kv7gzok,ewpemoz9,8
w6jlgqxd,98rv0dqj,pd0py36e,ndx1mp52,69z212g9,2
w6jlgqxd,98rv0dqj,369pp701,q25qgvg2,69zq7ll9,2
w6jlgqxd,98rv0dqj,o1y7pv1q,n2y7j782,None,3
w6jlgqxd,98rv0dqj,9dowpm71,xk9r8pyk,69zqe0g9,2
w6jlgqxd,98rv0dqj,9dowpm71,xk9r8pyk,o9xzr0pw,2
w6jlgqxd,98rv0dqj,o1y7pv1q,ndxpqpv2,None,1
w6jlgqxd,98rv0dqj,o6g9j8d2,02q8n0y2,None,2
w6jlgqxd,98rv0dqj,o6g9j8d2,z273q00d,None,2
w6jlgqxd,98rv0dqj,o6g9j8d2,8246yoed,None,1
w6jlgqxd,98rv0dqj,o1y7pv1q,9d8v5eqk,None,2
w6jlgqxd,98rv0dqj,o1y9nr46,n2y7on82,xd4nx5rw,1
w6jlgqxd,98rv0dqj,nd2qgrd0,xd15mq82,None,1
w6jlgqxd,98rv0dqj,9d3r3gdl,w20g1z8k,None,31
w6jlgqxd,98rv0dqj,k6q4rqzd,9kv7gzok,69zx1g6d,3
w6jlgqxd,98rv0dqj,k6q4rqzd,9d8xw932,69zx1g6d,2
w6jlgqxd,98rv0dqj,46w3j571,vdoowy6d,None,9
w6jlgqxd,98rv0dqj,k6q4rqzd,9kv7gzok,5wk8v8xw,5
w6jlgqxd,98rv0dqj,k6q4rqzd,9kv7gzok,ldy5ynpw,3
w6jlgqxd,98rv0dqj,k6q4rqzd,9d8xw932,5wk8v8xw,4
w6jlgqxd,98rv0dqj,k6q4rqzd,9kv7gzok,ywenk17w,7
w6jlgqxd,98rv0dqj,k6q4rqzd,9d8xw932,z98e0e19,7
w6jlgqxd,98rv0dqj,o1y7pv1q,vdo4pgy2,None,3
w6jlgqxd,98rv0dqj,k6q4rqzd,9d8xw932,ldy5ynpw,1
w6jlgqxd,98rv0dqj,46w3j571,vdoowy6d,None,11
w6jlgqxd,98rv0dqj,k6q4rqzd,9kv7gzok,ewpe1n49,27
w6jlgqxd,98rv0dqj,k6q4rqzd,zd38mevk,ldy5ynpw,5
w6jlgqxd,98rv0dqj,k6q4rqzd,9d8xw932,ldy5ynpw,4
w6jlgqxd,98rv0dqj,k6q4rqzd,9kv7gzok,ldy5ynpw,1
w6jlgqxd,98rv0dqj,k6q4rqzd,xd1lxp4k,ldy5ynpw,5
w6jlgqxd,98rv0dqj,k6q4rqzd,xd1lxp4k,ldy5ynpw,2
w6jlgqxd,98rv0dqj,o1y7pv1q,xd1mw48d,None,4
w6jlgqxd,98rv0dqj,k6q4rqzd,9kv7gzok,r9gr03pw,6
w6jlgqxd,98rv0dqj,o1y7pv1q,z27759z2,None,2
w6jlgqxd,98rv0dqj,o1y7pv1q,wdml4lok,None,6
w6jlgqxd,98rv0dqj,2689591p,wk6vyeed,None,9
w6jlgqxd,98rv0dqj,o1y7pv1q,z27759z2,None,1
w6jlgqxd,98rv0dqj,k6q4rqzd,9kv7gzok,ywej16ld,8
w6jlgqxd,98rv0dqj,k6q4rqzd,wdmxz3xk,None,8
w6jlgqxd,98rv0dqj,k6q4rqzd,wdmxz3xk,None,8
w6jlgqxd,98rv0dqj,k6q4rqzd,wk6nplr2,None,6
w6jlgqxd,98rv0dqj,369pp701,q25qgmy2,29v3x6qw,9
w6jlgqxd,98rv0dqj,o1y7pv1q,7kjrll42,None,2
w6jlgqxd,98rv0dqj,o1y7pv1q,7kjrll42,None,2
w6jlgqxd,98rv0dqj,pd0py36e,5dw85yed,None,4
w6jlgqxd,98rv0dqj,o1yl7o6q,n2y3wg1d,None,2
w6jlgqxd,98rv0dqj,o1yl7o6q,n2y3wg1d,None,1
w6jlgqxd,98rv0dqj,m1mx75p6,mker558d,None,135
w6jlgqxd,98rv0dqj,yd4onzk1,9d84jj6k,None,7
w6jlgqxd,98rv0dqj,o1yl7o6q,rklvx1wd,xd4n0rrw,1
w6jlgqxd,98rv0dqj,o1yl7o6q,rklvx1wd,xd0lk34d,1
w6jlgqxd,98rv0dqj,o1yl7o6q,rklvx1wd,rw6rqegw,1
w6jlgqxd,98rv0dqj,o1yl7o6q,rklvx1wd,n938qyzw,1
w6jlgqxd,98rv0dqj,o1yl7o6q,rklvx1wd,gdrgp1lw,1
w6jlgqxd,98rv0dqj,o1yl7o6q,rklvx1wd,69zxpngd,1
w6jlgqxd,98rv0dqj,nd2qgrd0,wkpm9l8k,None,2
w6jlgqxd,98rv0dqj,kdknmqdm,9kv70vjk,None,1
w6jlgqxd,98rv0dqj,pd0py36e,5dw85yed,None,1
w6jlgqxd,98rv0dqj,k6q4rqzd,q253pzyk,None,7
w6jlgqxd,98rv0dqj,k6q4rqzd,zd38mevk,xd0lrq4d,5
w6jlgqxd,98rv0dqj,j1n5ee1p,wk61geed,None,5
w6jlgqxd,98rv0dqj,46w3j571,8241vq32,None,3
w6jlgqxd,98rv0dqj,9dowx271,rklqo7n2,y9mx825w,1
w6jlgqxd,98rv0dqj,9dowx271,mke9e56d,None,1
w6jlgqxd,98rv0dqj,kdknmqdm,rklvp6qd,None,1
w6jlgqxd,98rv0dqj,k6q4rqzd,xk986z42,None,15
w6jlgqxd,98rv0dqj,9dowx271,7dgnzgp2,None,2
w6jlgqxd,98rv0dqj,kdknmqdm,wdmleyxk,None,3
w6jlgqxd,98rv0dqj,k6q4rqzd,9kv7gzok,nwlnxled,3
w6jlgqxd,98rv0dqj,k6q4rqzd,9kv7gzok,z98evep9,1
w6jlgqxd,98rv0dqj,m1z0rzd0,02qjw0jd,None,2
w6jlgqxd,98rv0dqj,m1z0rzd0,q254w6yd,None,2
w6jlgqxd,98rv0dqj,pdvxlv1w,5dwylg0k,None,1
w6jlgqxd,98rv0dqj,kdkz0vgd,9kv7530k,ewpz7nz9,1
w6jlgqxd,98rv0dqj,kdknmqdm,xd13gv7k,None,1
w6jlgqxd,98rv0dqj,kdknmqdm,xd13gv7k,None,1
w6jlgqxd,98rv0dqj,o1yl7o6q,rklvx1wd,y9my51x9,1
w6jlgqxd,98rv0dqj,kdknmqdm,xd13gv7k,None,1
w6jlgqxd,98rv0dqj,kdknmqdm,9d8j436k,None,1
w6jlgqxd,98rv0dqj,kdknmqdm,9d8j436k,None,1
w6jlgqxd,98rv0dqj,kdknmqdm,9d8j436k,None,1
w6jlgqxd,98rv0dqj,pdvxlv1w,wk67jgod,None,1
w6jlgqxd,98rv0dqj,kdknmqdm,9kvjo9ok,None,1
w6jlgqxd,98rv0dqj,j1n5ee1p,5dw7jx5k,None,1
w6jlgqxd,98rv0dqj,j1n5ee1p,5dw7jx5k,None,1
w6jlgqxd,98rv0dqj,pdvxlv1w,7dg5onl2,None,1
w6jlgqxd,98rv0dqj,o1yl7o6q,n2y3wg1d,None,1
w6jlgqxd,98rv0dqj,pdvxlv1w,7kjze6zd,None,1
w6jlgqxd,98rv0dqj,pdvxlv1w,n2yj0g12,None,1
w6jlgqxd,98rv0dqj,kdknmqdm,02q833y2,None,1
w6jlgqxd,98rv0dqj,kdknmqdm,9d8j436k,None,1
w6jlgqxd,98rv0dqj,kdknmqdm,9d8j436k,None,1
w6jlgqxd,98rv0dqj,kdknmqdm,zd3lwx8d,None,1
w6jlgqxd,98rv0dqj,nd2qgrd0,z27v73o2,None,9
w6jlgqxd,98rv0dqj,pdvxlv1w,wkpq418d,None,1
w6jlgqxd,98rv0dqj,pdvxlv1w,mkej09n2,None,1
w6jlgqxd,98rv0dqj,pdvxlv1w,xk9j4m6d,None,1
w6jlgqxd,98rv0dqj,kdknmqdm,xd13gv7k,None,1
w6jlgqxd,98rv0dqj,kdknmqdm,824mggw2,None,1
w6jlgqxd,98rv0dqj,kdknmqdm,02q833y2,None,1
w6jlgqxd,98rv0dqj,kdknmqdm,9kvjo9jk,None,1
w6jlgqxd,98rv0dqj,kdknmqdm,xd13gv7k,None,1
w6jlgqxd,98rv0dqj,kdknmqdm,xd13gv7k,None,1
w6jlgqxd,98rv0dqj,kdknmqdm,9kvjo9jk,None,1
w6jlgqxd,98rv0dqj,kdknmqdm,9kvjo9jk,None,1
w6jlgqxd,98rv0dqj,kdknmqdm,824mggw2,None,1
w6jlgqxd,98rv0dqj,kdknmqdm,ndxp9452,None,1
w6jlgqxd,98rv0dqj,kdknmqdm,9d8j436k,None,1
w6jlgqxd,98rv0dqj,k6q4rqzd,9kv7gzok,69zxv6xd,8
w6jlgqxd,98rv0dqj,kdknmqdm,xd13gv7k,None,1
w6jlgqxd,98rv0dqj,kdknmqdm,zd3lwx8d,None,1
w6jlgqxd,98rv0dqj,kdknmqdm,xd13gv7k,None,1
w6jlgqxd,98rv0dqj,kdknmqdm,824mggw2,None,1
w6jlgqxd,98rv0dqj,kdknmqdm,xd13gv7k,None,1
w6jlgqxd,98rv0dqj,kdknmqdm,9d8j436k,None,1
w6jlgqxd,98rv0dqj,kdknmqdm,02q833y2,None,1
w6jlgqxd,98rv0dqj,kdknmqdm,02q833y2,None,1
w6jlgqxd,98rv0dqj,kdknmqdm,xd13gv7k,None,1
w6jlgqxd,98rv0dqj,kdknmqdm,xd13gv7k,None,1
w6jlgqxd,98rv0dqj,k6q4rqzd,q253vvyk,None,7
w6jlgqxd,98rv0dqj,kdknmqdm,02q833y2,None,1
w6jlgqxd,98rv0dqj,k6q4rqzd,9kv7gzok,r9g7vg59,2
w6jlgqxd,98rv0dqj,o1y9nr46,n2y7on82,rdnrnmvw,2
w6jlgqxd,98rv0dqj,o1y9nr46,n2y7on82,ldyj2rzd,2
w6jlgqxd,98rv0dqj,o1y9nr46,n2y7on82,z98enol9,3
w6jlgqxd,98rv0dqj,k6q4rqzd,zdnx3ge2,None,10
w6jlgqxd,98rv0dqj,k6q4rqzd,9kv7gz8k,None,5
w6jlgqxd,98rv0dqj,k6q4rqzd,9kv7gzok,z98e0e19,1
w6jlgqxd,98rv0dqj,kdknmqdm,9kvjo9ok,None,1
w6jlgqxd,98rv0dqj,kdknmqdm,02q833y2,None,1
w6jlgqxd,98rv0dqj,k6q4rqzd,8241o4m2,None,9
w6jlgqxd,98rv0dqj,o1y9nr46,n2y7on82,n938oxew,3
w6jlgqxd,98rv0dqj,o1y9nr46,wkpm1nwk,None,3
w6jlgqxd,98rv0dqj,o1y9nr46,n2y7on82,rdnrnm7w,3
w6jlgqxd,98rv0dqj,o1y9nr46,n2y7on82,rw6r37gw,3
w6jlgqxd,98rv0dqj,o1y9nr46,n2y7on82,z98enop9,3
w6jlgqxd,98rv0dqj,o1y9nr46,n2y7on82,n938oxzw,3
w6jlgqxd,98rv0dqj,o1y9nr46,n2y7on82,xd0lxe4d,3
w6jlgqxd,98rv0dqj,k6q4rqzd,9kv7gzok,ewpemqk9,6
w6jlgqxd,98rv0dqj,k6q4rqzd,9kv7gzok,69zxkqod,7
w6jlgqxd,98rv0dqj,k6q4rqzd,9kv7gzok,r9grv1kw,4
w6jlgqxd,98rv0dqj,k6q4rqzd,9kv7gzok,o9xkp67w,5
w6jlgqxd,98rv0dqj,k6q4rqzd,9kv7gzok,5wk8555w,5
w6jlgqxd,98rv0dqj,k6q4rqzd,9kv7gzok,o9xkp31w,5
w6jlgqxd,98rv0dqj,o1y9nr46,n2y7on82,ldyj2rrd,2
w6jlgqxd,98rv0dqj,k6q4rqzd,9kv7gzok,5wk872pw,4
w6jlgqxd,98rv0dqj,k6q4rqzd,9kv7gzok,rw6rjl7w,3
w6jlgqxd,98rv0dqj,k6q4rqzd,9kv7gzok,rdqgvpk9,2
w6jlgqxd,98rv0dqj,k6q4rqzd,9kv7gzok,owolzoow,3
w6jlgqxd,98rv0dqj,k6q4rqzd,9kv7gzok,z98ekqr9,5
w6jlgqxd,98rv0dqj,k6q4rqzd,9kv7gzok,nwlnvxed,4
w6jlgqxd,98rv0dqj,k6q4rqzd,9kv7gzok,ldyjv57d,3
w6jlgqxd,98rv0dqj,k6q4rqzd,9kv7gzok,59231lgd,8
w6jlgqxd,98rv0dqj,k6q4rqzd,9kv7gzok,o9xkvv6w,6
w6jlgqxd,98rv0dqj,k6q4rqzd,xd1lxp4k,y9myvgz9,5
w6jlgqxd,98rv0dqj,4d79vvr1,w20v18ok,69zxr7od,2
w6jlgqxd,98rv0dqj,268e5056,7kjqyq3d,xd1xye69,8
w6jlgqxd,98rv0dqj,k6q4rqzd,9kv7gzok,y9myvgz9,4
w6jlgqxd,98rv0dqj,k6q4rqzd,9kv7gzok,29vjv0q9,1
w6jlgqxd,98rv0dqj,k6q4rqzd,9kv7gzok,29vjv0q9,2
w6jlgqxd,98rv0dqj,k6q4rqzd,9kv7gzok,kwj3m60d,7
w6jlgqxd,98rv0dqj,k6q4rqzd,9kv7gzok,n938jj7w,2
w6jlgqxd,98rv0dqj,k6q4rqzd,5dw7eo0k,None,3
w6jlgqxd,98rv0dqj,k6q4rqzd,z27lez0d,None,19
w6jlgqxd,98rv0dqj,k6q4rqzd,9kv7gzok,owolvl3w,7
w6jlgqxd,98rv0dqj,k6q4rqzd,9kv7gzok,n938p8rw,10
w6jlgqxd,98rv0dqj,9dowx271,xd1ez842,None,6
w6jlgqxd,98rv0dqj,k6q4rqzd,8241o4m2,None,6
w6jlgqxd,98rv0dqj,k6q4rqzd,9kv7gzok,5d7l0le9,31
w6jlgqxd,98rv0dqj,k6q4rqzd,9kv7gzok,kwj3m31d,4
w6jlgqxd,98rv0dqj,k6q4rqzd,9kv7gzok,kwj3m31d,5
w6jlgqxd,98rv0dqj,k6q4rqzd,9kv7gzok,rdqgvgg9,5
w6jlgqxd,98rv0dqj,k6q4rqzd,9kv7gzok,owolvl3w,10
w6jlgqxd,98rv0dqj,k6q4rqzd,9kv7gzok,5d7l0le9,16
w6jlgqxd,98rv0dqj,k6q4rqzd,9d8xw932,n938p8rw,7
w6jlgqxd,98rv0dqj,k6q4rqzd,xd1lxp4k,n938p8rw,6
w6jlgqxd,98rv0dqj,k6q4rqzd,9kv7gzok,n938p8rw,4
w6jlgqxd,98rv0dqj,k6q4rqzd,9kv7gzok,ldyjvj7d,10
w6jlgqxd,98rv0dqj,k6q4rqzd,9d8xw932,ldyjvj7d,3
w6jlgqxd,98rv0dqj,k6q4rqzd,9kv7gzok,z98e0e19,48
w6jlgqxd,98rv0dqj,k6q4rqzd,9kv7gzok,n938pmrw,2
w6jlgqxd,98rv0dqj,k6q4rqzd,9kv7gzok,5928zy69,11
w6jlgqxd,98rv0dqj,k6q4rqzd,9kv7gzok,rdqgvgg9,8
w6jlgqxd,98rv0dqj,m1z0rzd0,jdrp6mg2,None,3
w6jlgqxd,98rv0dqj,k6q4rqzd,xk986z42,None,20
w6jlgqxd,98rv0dqj,k6q4rqzd,7kj1y0nk,None,6
w6jlgqxd,98rv0dqj,k6q4rqzd,9kv7gzok,ldyjvj7d,5
w6jlgqxd,98rv0dqj,268ek5y6,wkpmgzwk,None,2
w6jlgqxd,98rv0dqj,46wkn36r,ndxp68r2,None,5
w6jlgqxd,98rv0dqj,46wkn36r,jdreo8xk,None,2
w6jlgqxd,98rv0dqj,o1yl7o6q,jdz83qgd,None,2
w6jlgqxd,98rv0dqj,pdvqn96w,mkejy662,None,3
w6jlgqxd,98rv0dqj,pd0ezw1e,xd1lmv4k,None,8
w6jlgqxd,98rv0dqj,o1yl7o6q,jdz83qgd,None,1
w6jlgqxd,98rv0dqj,o1yl7o6q,vdom0n62,None,2
w6jlgqxd,98rv0dqj,o1yl7o6q,jdz83qgd,None,1
w6jlgqxd,98rv0dqj,o1yl7o6q,wk6vjled,None,2
w6jlgqxd,98rv0dqj,o1yl7o6q,wk6vjled,None,2
w6jlgqxd,98rv0dqj,o1yl7o6q,rklvx1wd,y9my52x9,1
w6jlgqxd,98rv0dqj,pd0py36e,5dw85yed,None,3
w6jlgqxd,98rv0dqj,9do8njo1,xk95pxg2,None,1
w6jlgqxd,jo31533j,w6jlgqxd,jdz97gx2,None,1
w6jlgqxd,8e9r6lpj,w6jlgqxd,8248q4ek,None,5
w6jlgqxd,8e9r6lpj,w6jlgqxd,9kv96132,None,4
w6jlgqxd,8e9r6lpj,w6jlgqxd,zd3xgxed,None,3
w6jlgqxd,jmp3n14j,w6jlgqxd,9kv96132,None,42
w6jlgqxd,jmp3n14j,pd0py36e,vdo3oqyd,None,1098
w6jlgqxd,jmp3n14j,m1mx0vp6,zd38ez8k,None,119
w6jlgqxd,x727l608,w6jlgqxd,9d83ezw2,None,7
w6jlgqxd,x727l608,w6jlgqxd,9kv96132,None,11
w6jlgqxd,8dw6625j,w6jlgqxd,9kv96132,None,25
w6jlgqxd,8wldez3j,w6jlgqxd,9kv96132,None,23
w6jlgqxd,jnppy1w8,w6jlgqxd,8248q4ek,None,18
w6jlgqxd,8g0eel2x,w6jlgqxd,9d8n1l7d,None,1
w6jlgqxd,8g0eel2x,w6jlgqxd,zd3xgxed,None,2
w6jlgqxd,8g0eel2x,m1mrv362,5dw5m0ld,None,41
w6jlgqxd,8g0eel2x,w6jlgqxd,8248q4ek,None,7
w6jlgqxd,8g0eel2x,w6jlgqxd,9d8l59w2,None,4
w6jlgqxd,8g0eel2x,o6gen512,vdooxvvd,None,47
w6jlgqxd,8g0eel2x,o6gen512,xd1797wd,None,110
w6jlgqxd,8dwe29mj,m1mxy2p6,w20xmxv2,592r7n7d,1
w6jlgqxd,8dwe29mj,m1zk4221,ndx00nvd,rw66jmnw,1
w6jlgqxd,8dwe29mj,m1zk4221,7dg77yld,z98k1m79,3
w6jlgqxd,8dwe29mj,pd0qrpl1,jdzryrg2,xd0jmqmw,2
w6jlgqxd,8dwe29mj,9do8g5k1,02q7r5yd,owoppyv9,4
w6jlgqxd,8dwe29mj,76rxvov6,vdomnpy2,None,3
w6jlgqxd,8dwe29mj,76rxvov6,jdre84xk,None,1
w6jlgqxd,8dwe29mj,76rx9le6,jdrxjnnd,None,3
w6jlgqxd,8dwe29mj,j1n8x2e1,wdmm50xd,ldy0zmz9,2
w6jlgqxd,8dwe29mj,76rxvov6,jdre84xk,None,1
w6jlgqxd,8dwe29mj,kdkzg4xd,824g7xn2,None,12
w6jlgqxd,8dwe29mj,4d7rjl17,xd13vlrk,4958ze39,2
w6jlgqxd,8dwe29mj,3698zl2d,02q93yyk,None,3
w6jlgqxd,8dwe29mj,3698zl2d,02q93yyk,None,1
w6jlgqxd,8dwe29mj,3698zl2d,xd11g0rd,69zeyro9,3
w6jlgqxd,8dwe29mj,3698zl2d,xd11g0rd,gdr6mqzd,7
w6jlgqxd,8dwe29mj,o6gnkxo1,zdnn55qd,None,4
w6jlgqxd,8dwe29mj,o6gnkxo1,zdnn55qd,None,9
w6jlgqxd,8dwe29mj,pdv202v6,xk9wzqv2,None,4
w6jlgqxd,8dwe29mj,o6gl2x9d,jdrogw0d,None,1
w6jlgqxd,8dwe29mj,268wz4o6,02q40ejd,nwlmgyg9,2
w6jlgqxd,8dwe29mj,76rx9le6,mker4jxd,29v2mnnd,3
w6jlgqxd,8dwe29mj,268wz3y6,jdzle832,None,2
w6jlgqxd,8dwe29mj,9d3rpxgd,zdn0yvx2,29vlqlxw,7
w6jlgqxd,8dwe29mj,76rxvov6,jdzex3rd,None,5
w6jlgqxd,8dwe29mj,3698zl2d,xd11g0rd,rw658v7d,4
w6jlgqxd,8dwe29mj,3698zl2d,xd11g0rd,ldylnez9,5
w6jlgqxd,8dwe29mj,3698zl2d,xd11g0rd,rdn465v9,3
w6jlgqxd,8dwe29mj,3698zl2d,zdnnnxed,None,4
w6jlgqxd,8dwe29mj,3698zl2d,5dw9g352,rdn465v9,1
w6jlgqxd,8dwe29mj,3698zl2d,xd11g0rd,rw658v7d,12
w6jlgqxd,8dwe29mj,nd28kv3d,7kjo3032,y9m4ln59,2
w6jlgqxd,8dwe29mj,nd28kv3d,n2yeol7k,y9m4ln59,6
w6jlgqxd,8dwe29mj,76rx9le6,mker4jxd,59250er9,1
w6jlgqxd,8dwe29mj,4d7rjl17,xd13vlrk,gdrqozl9,4
w6jlgqxd,8dwe29mj,268w3w96,rkl9gv8k,o9xro309,1
w6jlgqxd,8dwe29mj,4d7rjl17,xd13vlrk,ywe83o7w,1
w6jlgqxd,8dwe29mj,268ko96p,rklx8g8k,None,1
w6jlgqxd,8dwe29mj,4d7rjl17,824m0rw2,None,22
w6jlgqxd,8dwe29mj,m1mxy2p6,rkl3m3qk,ywe3eml9,6
w6jlgqxd,8dwe29mj,pd0w0321,w20x8pv2,None,3
w6jlgqxd,8dwe29mj,4d7rjl17,xd13vlrk,ldypkord,3
w6jlgqxd,8dwe29mj,4d7rjl17,xd13vlrk,4958ze39,2
w6jlgqxd,8dwe29mj,o6gl2x9d,z274wwg2,None,1
w6jlgqxd,8dwe29mj,o6gl2x9d,9d8e75qd,xd048j0w,1
w6jlgqxd,8dwe29mj,76rxvov6,jdzwyy3d,None,6
w6jlgqxd,8dwe29mj,o6gl2x9d,xd146w8d,xd4klm0w,1
w6jlgqxd,8dwe29mj,m1mxy2p6,xk9e4962,ywe3eml9,2
w6jlgqxd,8dwe29mj,76rxvov6,jdz9ywr2,None,2
w6jlgqxd,8dwe29mj,9d3rpxgd,zdn0yvx2,xd4yly8d,13
w6jlgqxd,8dwe29mj,pd0w0321,wdmv61ed,kwj61kzd,3
w6jlgqxd,8dwe29mj,76rxvov6,jdre84xk,None,9
w6jlgqxd,8dwe29mj,j1llgm71,9d8e3wwd,None,4
w6jlgqxd,8dwe29mj,m1z990d0,rklqxjn2,None,4
w6jlgqxd,8dwe29mj,m1z990d0,wdmvz4od,None,28
w6jlgqxd,8dwe29mj,pd0w0321,ndx54wok,None,5
w6jlgqxd,8dwe29mj,pd0w0321,w20x34j2,None,2
w6jlgqxd,8dwe29mj,kdkzwqqd,wk6e8xe2,None,2
w6jlgqxd,8dwe29mj,w6jlq22d,xd14l74d,None,1
w6jlgqxd,8dwe29mj,w6jlq22d,jdz696v2,None,2
w6jlgqxd,8dwe29mj,w6jlq22d,jdz696v2,None,3
w6jlgqxd,8dwe29mj,w6jlq22d,824j6ee2,None,1
w6jlgqxd,8dwe29mj,w6jlq22d,jdz680r2,None,1
w6jlgqxd,8dwe29mj,m1mxq0x6,7kj65zx2,None,1
w6jlgqxd,8dwe29mj,w6jlq22d,9kv6m3e2,nwlz770d,11
w6jlgqxd,8dwe29mj,o6gl2x9d,zd3op5nd,None,2
w6jlgqxd,8dwe29mj,o6gl2x9d,9d8e75qd,xd4klm0w,1
w6jlgqxd,8dwe29mj,9d3rpxgd,n2yony1d,None,9
w6jlgqxd,8dwe29mj,j1llvrj1,9kv9po32,None,6
w6jlgqxd,8dwe29mj,9d3rpxgd,wk6n3lp2,None,4
w6jlgqxd,8dwe29mj,w6jlgqxd,9kv96132,None,19
w6jlgqxd,8dwe29mj,46w34n71,xk9rxn6k,None,5
w6jlgqxd,8dwe29mj,46w34n71,wdm9814k,xd4gz12d,10
w6jlgqxd,8dwe29mj,j1llv741,n2yo831d,None,16
w6jlgqxd,8dwe29mj,m1mxq0x6,7kj65zx2,None,4
w6jlgqxd,8dwe29mj,76rx9le6,8241np32,None,97
w6jlgqxd,8dwe29mj,m1mxq0x6,7kj65zx2,None,3
w6jlgqxd,8rpp1k3j,3698my8d,9kvl0702,None,1
w6jlgqxd,8rpp1k3j,3698my8d,9kvl0702,None,1
w6jlgqxd,8rpp1k3j,3698my8d,9kvl0702,None,1
w6jlgqxd,8rpp1k3j,3698my8d,9kvl0702,None,6
w6jlgqxd,8rpp1k3j,3698my8d,9kvl0702,None,1
w6jlgqxd,8rpp1k3j,46w28076,jdr8ml5k,29vqyqld,1
w6jlgqxd,8rpp1k3j,46w28076,zdn7v89k,y9mnenxd,1
w6jlgqxd,8rpp1k3j,9d385vg1,mkeyp3j2,None,1
w6jlgqxd,8rpp1k3j,9d385vg1,02qrv0zk,None,1
w6jlgqxd,8rpp1k3j,9d385vg1,wkpnl6jd,None,1
w6jlgqxd,8rpp1k3j,9d385vg1,jdrnlm0k,None,2
w6jlgqxd,8rpp1k3j,9d385vg1,q251xvwd,None,2
w6jlgqxd,8rpp1k3j,k6qworo6,ndx0ml1d,None,2
w6jlgqxd,8rpp1k3j,k6qworo6,9d8n687d,None,1
w6jlgqxd,8rpp1k3j,v1pxrp46,wkpr9vw2,None,1
w6jlgqxd,8rpp1k3j,j1llv741,wk6nzop2,None,2
w6jlgqxd,8rpp1k3j,j1llv741,n2yo831d,None,1
w6jlgqxd,8rpp1k3j,9d385vg1,zd3qjvvk,None,1
w6jlgqxd,8rpp1k3j,9d385vg1,7dgyelgd,None,2
w6jlgqxd,8rpp1k3j,m1mn0ekd,wkpgrj0k,kwjq6vz9,1
w6jlgqxd,8rpp1k3j,m1mn0ekd,7dg178xd,rw60kjgw,2
w6jlgqxd,8rpp1k3j,m1mn0ekd,7dg178xd,4951zmjw,1
w6jlgqxd,8rpp1k3j,m1mn0ekd,q255mxg2,rdnv7169,3
w6jlgqxd,8rpp1k3j,m1mn0ekd,7dg178xd,z9803k1d,1
w6jlgqxd,8rpp1k3j,m1mn0ekd,7dg178xd,o9xeox1w,3
w6jlgqxd,8rpp1k3j,3698my8d,5dwqmzld,None,2
w6jlgqxd,8rpp1k3j,3698my8d,5dwqmzld,None,4
w6jlgqxd,8rpp1k3j,3698my8d,5dwqmzld,None,31
w6jlgqxd,8rpp1k3j,3698my8d,5dwqmzld,None,6
w6jlgqxd,8rpp1k3j,yd4kqp56,7dg781xd,r9ggy1j9,2
w6jlgqxd,8rpp1k3j,3698my8d,5dwqmzld,None,31
w6jlgqxd,8rpp1k3j,yd4kqp56,7dg781xd,5d7myzqd,1
w6jlgqxd,8rpp1k3j,yd4kqp56,7dg781xd,o9xe133w,3
w6jlgqxd,8rpp1k3j,yd4kqp56,7dg781xd,kwjq7109,2
w6jlgqxd,8rpp1k3j,j1llv741,n2yo831d,None,3
w6jlgqxd,8rpp1k3j,3698my8d,5dwqmzld,None,6
w6jlgqxd,8rpp1k3j,m1mn0ekd,7dg178xd,5d7rjge9,2
w6jlgqxd,8rpp1k3j,m1mn0ekd,7dg178xd,rw60kjgw,3
w6jlgqxd,8rpp1k3j,kdkmp7e1,02qe0n92,n93peond,3
w6jlgqxd,8rpp1k3j,m1mn0ekd,7dg178xd,xd0jvz4w,1
w6jlgqxd,8rpp1k3j,kdkmp7e1,02qe0n92,z980qn7d,3
w6jlgqxd,8rpp1k3j,kdkmp7e1,02qe0n92,n93peo7d,4
w6jlgqxd,8rpp1k3j,kdkmp7e1,zdnovjx2,None,1
w6jlgqxd,8rpp1k3j,m1mn0ekd,wkpgrj0k,z9803k1d,3
w6jlgqxd,8rpp1k3j,m1mn0ekd,q255mxg2,ywe7z67d,22
w6jlgqxd,8rpp1k3j,m1mn0ekd,q255mxg2,n93p26zd,2
w6jlgqxd,8rpp1k3j,m1mn0ekd,vdopn012,xd0jvz4w,2
w6jlgqxd,8rpp1k3j,m1mn0ekd,vdopn012,xd0jvz4w,1
w6jlgqxd,8rpp1k3j,m1mn0ekd,wkpgrj0k,5d7rjge9,3
w6jlgqxd,8rpp1k3j,m1mn0ekd,q255mxg2,n93p26zd,1
w6jlgqxd,8rpp1k3j,m1mn0ekd,q255mxg2,xd0jvz4w,2
w6jlgqxd,8rpp1k3j,j1ne5891,jdronyld,ywe3y0y9,4
w6jlgqxd,8rpp1k3j,pdvznjv6,jdzvmg3k,z98n0g19,3
w6jlgqxd,8rpp1k3j,pdvznjv6,jdzvmg3k,xd4xmr89,3
w6jlgqxd,8rpp1k3j,pdvznjv6,jdzvmg3k,5d780zew,9
w6jlgqxd,8rpp1k3j,yd4ojlw1,zdn8r69d,nwlpezo9,3
w6jlgqxd,8rpp1k3j,pd0w0321,wdmv61ed,ewpo02zd,1
w6jlgqxd,8rpp1k3j,pd0w0321,vdox1e6d,owo5qmyd,1
w6jlgqxd,8rpp1k3j,pd0w0321,wdmv61ed,kwj61kzd,5
w6jlgqxd,8rpp1k3j,pd0w0321,wdmv61ed,xd1y8z6d,1
w6jlgqxd,8rpp1k3j,pd0w0321,vdox1e6d,kwj61kzd,1
w6jlgqxd,8rpp1k3j,pd0w0321,vdox1e6d,xd1y8z6d,1
w6jlgqxd,8rpp1k3j,pd0w0321,wdmv61ed,owo5qmyd,1
w6jlgqxd,8rpp1k3j,j1nev3w1,9kv9erj2,29vzgz1d,1
w6jlgqxd,8rpp1k3j,w6jlgqxd,9kv96132,None,9
w6jlgqxd,8rpp1k3j,76rxmo46,w20gl4vk,rw6eglnd,17
w6jlgqxd,8rpp1k3j,4d7983l1,wdmxgzok,None,10
w6jlgqxd,8rpp1k3j,w6jlgqxd,jdz97gx2,None,2
w6jlgqxd,8rpp1k3j,lde3eje6,n2yog7zd,None,4
w6jlgqxd,8rpp1k3j,k6qerz6g,xk9jz0yd,None,6
w6jlgqxd,8rpp1k3j,w6jlgqxd,jdrve302,None,29
w6jlgqxd,j519pnn8,46w3q731,824j0ze2,z985gol9,2
w6jlgqxd,j519pnn8,46w3q731,8249omwd,None,1
w6jlgqxd,j519pnn8,w6jlgqxd,9kv96132,None,36
w6jlgqxd,jn2q454j,w6jlgqxd,jdzo1lg2,None,2
w6jlgqxd,8e9kzzdj,w6jlgqxd,jdz97gx2,None,5
w6jlgqxd,8e9kzzdj,w6jlgqxd,02q3p1zk,None,3
w6jlgqxd,8e9kzzdj,k6qerz6g,7kj1grgk,None,9
w6jlgqxd,x3qq7z7j,w6jlgqxd,9d83ezw2,None,10
w6jlgqxd,jn9mvr4x,w6jlgqxd,jdrve302,None,27
w6jlgqxd,8e9r7m2j,w6jlgqxd,9kv96132,None,55
w6jlgqxd,8l4760lj,j1n8vey1,9d88p96d,None,1
w6jlgqxd,8l4760lj,j1n8vey1,9d88p96d,None,1
w6jlgqxd,8l4760lj,j1n8vey1,9kvlvno2,None,2
w6jlgqxd,8l4760lj,pdv2epr6,n2ym6872,None,1
w6jlgqxd,8l4760lj,268w4xo6,w20587zd,None,1
w6jlgqxd,8l4760lj,268w4xo6,wdm7934d,None,1
w6jlgqxd,8l4760lj,j1n5ee1p,wk61geed,None,1
w6jlgqxd,8l4760lj,j1n8y4l1,ndxn39rk,None,1
w6jlgqxd,8l4760lj,76rqeld8,7kjo1rn2,None,1
w6jlgqxd,8l4760lj,j1n5ee1p,5dw7jx5k,None,1
w6jlgqxd,8l4760lj,m1z990d0,rklqxjn2,None,5
w6jlgqxd,8l4760lj,j1n5ee1p,n2y7qn72,None,1
w6jlgqxd,8l4760lj,j1lq4ze6,9kvnq98d,None,3
w6jlgqxd,8l4760lj,kdkmv7g1,z27w45ok,None,1
w6jlgqxd,8l4760lj,3698g82d,9d8l65q2,None,1
w6jlgqxd,8l4760lj,j1n5ee1p,7kjzy8gd,None,2
w6jlgqxd,8l4760lj,k6qerz6g,wkp3jpg2,None,46
w6jlgqxd,8l4760lj,j1lq4ze6,wkp5x1vd,None,15
w6jlgqxd,8l4760lj,j1lq99j6,z27wvq4k,49522349,2
w6jlgqxd,8l4760lj,j1lq99j6,z27wvq4k,r9glle2w,3
w6jlgqxd,8l4760lj,j1lq99j6,xk9wx4v2,o9xgg87d,4
w6jlgqxd,8l4760lj,j1lq99j6,z27wvq4k,o9xgg87d,4
w6jlgqxd,8l4760lj,nd2e0eed,zd3wr7nk,None,126
w6jlgqxd,8l4760lj,nd2e0eed,9kvoly02,None,107
w6jlgqxd,8l4760lj,3698g82d,wk6wqgx2,None,2
w6jlgqxd,8l4760lj,kdkzg4xd,9d84qyqk,None,4
w6jlgqxd,8l4760lj,kdkzg4xd,824g7xn2,None,74
w6jlgqxd,8l4760lj,j1lq4ze6,jdr9x7xd,None,23
w6jlgqxd,8l4760lj,j1lq4ze6,z27m6og2,None,49
w6jlgqxd,8l4760lj,k6q459zd,rklr5rrk,rdnqp5qd,6
w6jlgqxd,8l4760lj,k6q459zd,vdo15xy2,None,1
w6jlgqxd,8l4760lj,k6q459zd,wdm65v5k,None,1
w6jlgqxd,8l4760lj,k6q459zd,wk60y8rk,None,1
w6jlgqxd,8l4760lj,k6q459zd,wdm65v5k,None,1
w6jlgqxd,8l4760lj,k6q459zd,wdm65v5k,None,1
w6jlgqxd,8l4760lj,k6q459zd,wdm65v5k,None,1
w6jlgqxd,8l4760lj,k6q459zd,wdm65v5k,None,1
w6jlgqxd,8l4760lj,k6q459zd,vdo15xy2,None,1
w6jlgqxd,8l4760lj,k6q459zd,wk60y8rk,None,1
w6jlgqxd,8l4760lj,k6q459zd,vdo15xy2,None,13
w6jlgqxd,8l4760lj,k6q459zd,wdm65v5k,None,3
w6jlgqxd,8l4760lj,k6q459zd,wdm65v5k,None,1
w6jlgqxd,8l4760lj,k6q459zd,wk60y8rk,None,1
w6jlgqxd,8l4760lj,k6q459zd,wdm65v5k,None,6
w6jlgqxd,8l4760lj,k6q459zd,wdm65v5k,None,6
w6jlgqxd,8l4760lj,k6q459zd,wdm65v5k,None,18
w6jlgqxd,8l4760lj,k6q459zd,wdm65v5k,None,7
w6jlgqxd,8l4760lj,k6q459zd,wk60y8rk,None,3
w6jlgqxd,8l4760lj,k6q459zd,vdo15xy2,None,5
w6jlgqxd,8l4760lj,k6q459zd,wdm65v5k,None,6
w6jlgqxd,8l4760lj,k6q459zd,wk60y8rk,None,1
w6jlgqxd,8l4760lj,k6q459zd,wdm65v5k,None,5
w6jlgqxd,8l4760lj,k6q459zd,wdm65v5k,None,2
w6jlgqxd,8l4760lj,k6q459zd,vdo15xy2,None,2
w6jlgqxd,8l4760lj,76rxz0l6,5dw695n2,495zxjm9,7
w6jlgqxd,8l4760lj,76rxz0l6,5dw695n2,592e8og9,3
w6jlgqxd,8l4760lj,w6jlgqxd,9kv96132,None,70
w6jlgqxd,8l4760lj,o6g9j8d2,zdnngvqd,None,3
w6jlgqxd,8l4760lj,o6g9j8d2,n2yezp1k,None,6
w6jlgqxd,8l4760lj,76rxz0l6,5dw695n2,ywe3x4l9,13
w6jlgqxd,8l4760lj,o1yl7o6q,rklvx1wd,495ykr3w,6
w6jlgqxd,8l4760lj,o1yl7o6q,rklvx1wd,rdqgz329,3
w6jlgqxd,8l4760lj,o1yl7o6q,rklvx1wd,5d7lyz69,3
w6jlgqxd,8l4760lj,o1yl7o6q,rklvx1wd,kwj3717d,2
w6jlgqxd,8l4760lj,o1yl7o6q,rklvx1wd,owol7qkw,1
w6jlgqxd,8l4760lj,o1yl7o6q,rklvx1wd,xd16j859,2
w6jlgqxd,8l4760lj,o1yl7o6q,rklvx1wd,ewpe70j9,2
w6jlgqxd,8l4760lj,o1yl7o6q,rklvx1wd,5wk8k1pw,3
w6jlgqxd,8l4760lj,o1yl7o6q,rklvx1wd,xd4n0rrw,4
w6jlgqxd,8l4760lj,yd4pyxde,ndxm50r2,n9305mz9,7
w6jlgqxd,8l4760lj,yd4pyxde,ndxm50r2,n9305mz9,8
w6jlgqxd,8l4760lj,yd4pyxde,ndxm50r2,n9305mz9,6
w6jlgqxd,8l4760lj,yd4pyxde,ndxm50r2,n9305mz9,7
w6jlgqxd,8l4760lj,yd4pyxde,ndxm50r2,n9305mz9,7
w6jlgqxd,8l4760lj,yd4pyxde,ndxm50r2,z98jvmpw,7
w6jlgqxd,8l4760lj,yd4pyxde,ndxm50r2,z98jvmpw,4
w6jlgqxd,8l4760lj,yd4pyxde,ndxm50r2,z98jvmpw,4
w6jlgqxd,8l4760lj,yd4pyxde,9kvm6l8k,rdn5jq7d,9
w6jlgqxd,8l4760lj,yd4pyxde,9kvm6l8k,rdn5jq7d,6
w6jlgqxd,8l4760lj,yd4pyxde,ndxm50r2,rdn5jq7d,4
w6jlgqxd,8l4760lj,yd4pyxde,ndxm50r2,rdn5jq7d,6
w6jlgqxd,8l4760lj,yd4pyxde,ndxm50r2,rdn5jq7d,4
w6jlgqxd,8l4760lj,yd4pyxde,rklq3zn2,n9305mz9,5
w6jlgqxd,8l4760lj,yd4pyxde,rklq3zn2,n9305mz9,6
w6jlgqxd,8l4760lj,yd4pyxde,rklq3zn2,n9305mz9,6
w6jlgqxd,8l4760lj,yd4pyxde,rklq3zn2,n9305mz9,6
w6jlgqxd,8l4760lj,yd4pyxde,rklq3zn2,n9305mz9,6
w6jlgqxd,8l4760lj,yd4pyxde,rklq3zn2,n9305mz9,7
w6jlgqxd,8l4760lj,yd4pyxde,9d8vr66k,None,4
w6jlgqxd,8l4760lj,yd4pyxde,9kvm6l8k,n9305mz9,11
w6jlgqxd,8l4760lj,yd4pyxde,9kvm6l8k,n9305mz9,12
w6jlgqxd,8l4760lj,yd4pyxde,9kvm6l8k,n9305mz9,10
w6jlgqxd,8l4760lj,yd4pyxde,9kvm6l8k,n9305mz9,10
w6jlgqxd,8l4760lj,yd4pyxde,9kvm6l8k,n9305mz9,6
w6jlgqxd,8l4760lj,yd4pyxde,9kvm6l8k,n9305mz9,7
w6jlgqxd,8l4760lj,yd4pyxde,9kvm6l8k,n9305mz9,10
w6jlgqxd,8l4760lj,pd0py36e,5dw85yed,None,6
w6jlgqxd,8l4760lj,j1ne7ww1,jdrxxj0d,None,11
w6jlgqxd,8l4760lj,j1ne7ww1,02qooyzk,None,34
w6jlgqxd,8l4760lj,j1n5ee1p,zd380vrk,ldyj4ykd,1
w6jlgqxd,8l4760lj,j1n5ee1p,zd380vrk,nwlnkl0d,1
w6jlgqxd,8l4760lj,j1n5ee1p,zd380vrk,xd0lvgxd,1
w6jlgqxd,8l4760lj,j1n5ee1p,zd380vrk,gdrgke6w,1
w6jlgqxd,8l4760lj,j1n5ee1p,zd380vrk,z98e26g9,1
w6jlgqxd,8l4760lj,j1n5ee1p,zd380vrk,xd16v5e9,1
w6jlgqxd,8l4760lj,j1n5ee1p,zd380vrk,5wk8gj2w,1
w6jlgqxd,8l4760lj,j1n5ee1p,zd380vrk,kwj3oend,1
w6jlgqxd,8l4760lj,j1n5ee1p,zd380vrk,5923vzod,1
w6jlgqxd,8l4760lj,j1n5ee1p,zd380vrk,29vj1339,1
w6jlgqxd,8l4760lj,j1n5ee1p,zd380vrk,n93827nw,1
w6jlgqxd,8l4760lj,j1n5ee1p,zd380vrk,y9mykj59,1
w6jlgqxd,8l4760lj,yd4pyxde,mkeqwgnk,None,15
w6jlgqxd,8l4760lj,yd4pyxde,mkeqwgnk,None,47
w6jlgqxd,8l4760lj,j1n5ee1p,zd380vrk,495yv80w,1
w6jlgqxd,8l4760lj,j1n5ee1p,zd380vrk,5d7l63g9,1
w6jlgqxd,8l4760lj,3dxwg51y,9kvjvw8k,None,7
w6jlgqxd,8l4760lj,3dxwg51y,ndxpxyr2,None,9
w6jlgqxd,8l4760lj,pd0py36e,zd37n7r2,None,10
w6jlgqxd,8l4760lj,pd0py36e,mkeoxrjd,nwlo83rw,20
w6jlgqxd,8l4760lj,j1n5ee1p,zd380vrk,r9grk35w,1
w6jlgqxd,8l4760lj,j1n5ee1p,zd380vrk,xd4nv32w,2
w6jlgqxd,8l4760lj,j1n5ee1p,zd380vrk,5wk8gr2w,2
w6jlgqxd,8l4760lj,j1n5ee1p,zd380vrk,n9382gnw,2
w6jlgqxd,8l4760lj,j1n5ee1p,zd380vrk,gdrgkq6w,1
w6jlgqxd,8l4760lj,j1n5ee1p,zd380vrk,z98e28g9,1
w6jlgqxd,8l4760lj,j1n5ee1p,zd380vrk,rw6rknrw,1
w6jlgqxd,8l4760lj,j1n5ee1p,zd380vrk,69zxm4ld,1
w6jlgqxd,8l4760lj,j1n5ee1p,zd380vrk,nwlnk70d,2
w6jlgqxd,8l4760lj,j1n5ee1p,zd380vrk,ldyj4pkd,1
w6jlgqxd,8l4760lj,j1n5ee1p,zd380vrk,xd0lv7xd,1
w6jlgqxd,8l4760lj,j1n5ee1p,zd380vrk,ywenz8yw,1
w6jlgqxd,8l4760lj,j1n5ee1p,zd380vrk,rdnrkpqw,2
w6jlgqxd,8l4760lj,76rqeld8,9d8j6zwk,None,13
w6jlgqxd,8l4760lj,pd0py36e,vdo3oqyd,None,942
w6jlgqxd,8l4760lj,j1n5ee1p,zd380vrk,y9mykp59,1
w6jlgqxd,8l4760lj,j1n5ee1p,zd380vrk,ewpekqk9,1
w6jlgqxd,8l4760lj,j1n5ee1p,zd380vrk,owolgkow,1
w6jlgqxd,8l4760lj,j1n5ee1p,zd380vrk,rdqg60k9,3
w6jlgqxd,8l4760lj,j1n5ee1p,zd380vrk,5d7l67g9,1
w6jlgqxd,8l4760lj,j1n5ee1p,zd380vrk,495yvj0w,2
w6jlgqxd,8l4760lj,j1n5ee1p,zd380vrk,o9xkm20w,4
w6jlgqxd,8l4760lj,j1newoe1,9kv96682,495mk83w,3
w6jlgqxd,8l4760lj,j1lq4ze6,jdr9x7xd,None,25
w6jlgqxd,8l4760lj,76rqeld8,ndxepeok,z984p21w,1
w6jlgqxd,8l4760lj,76rqeld8,ndxepeok,rw652k6d,1
w6jlgqxd,8l4760lj,76rqeld8,ndxepeok,n93zkq2w,1
w6jlgqxd,8l4760lj,76rqeld8,ndxepeok,rdn43k69,1
w6jlgqxd,8l4760lj,76rqeld8,ndxepeok,n93zk2rw,2
w6jlgqxd,8l4760lj,76rqeld8,ndxepeok,ldylq479,2
w6jlgqxd,8l4760lj,76rqeld8,ndxepeok,xd06pvjd,1
w6jlgqxd,8l4760lj,76rqeld8,ndxepeok,xd4gpv8d,2
w6jlgqxd,8l4760lj,pd0py36e,zd37n7r2,None,18
w6jlgqxd,8l4760lj,76rqeld8,ndxepeok,nwl40kg9,1
w6jlgqxd,8l4760lj,76rqeld8,ndxepeok,gdr6rkkd,2
w6jlgqxd,8l4760lj,76rqeld8,ndxepeok,69ze7m49,1
w6jlgqxd,8l4760lj,76rqeld8,ndxepeok,o9xr6m79,1
w6jlgqxd,8l4760lj,76rqeld8,ndxepeok,z9844v1w,1
w6jlgqxd,8l4760lj,76rqeld8,ndxepeok,495xpv4d,1
w6jlgqxd,8l4760lj,76rqeld8,ndxepeok,owo48g39,2
w6jlgqxd,8l4760lj,76rqeld8,ndxepeok,ewp4nk4w,1
w6jlgqxd,8l4760lj,76rqeld8,ndxepeok,xd1lpvy9,2
w6jlgqxd,8l4760lj,76rqeld8,ndxepeok,5d7qp6ew,2
w6jlgqxd,8l4760lj,76rqeld8,ndxepeok,ywex0z49,1
w6jlgqxd,8l4760lj,76rqeld8,ndxepeok,y9m40k09,2
w6jlgqxd,8l4760lj,76rqeld8,ndxepeok,ldyll779,2
w6jlgqxd,8l4760lj,76rqeld8,ndxepeok,rdn44j69,1
w6jlgqxd,8l4760lj,76rqeld8,ndxepeok,592emv69,1
w6jlgqxd,8l4760lj,76rqeld8,ndxepeok,r9gq6k2d,1
w6jlgqxd,8l4760lj,76rqeld8,ndxepeok,29vng1xd,2
w6jlgqxd,8l4760lj,76rqeld8,ndxepeok,5wk40gxd,1
w6jlgqxd,8l4760lj,76rqeld8,ndxepeok,kwj40o1w,1
w6jlgqxd,8l4760lj,76rqeld8,ndxepeok,rdq4y6g9,1
w6jlgqxd,8l4760lj,76rqeld8,ndxepeok,gdr663zd,2
w6jlgqxd,8l4760lj,76rqeld8,ndxepeok,ldyllzz9,2
w6jlgqxd,8l4760lj,76rqeld8,ndxepeok,rdq44e19,1
w6jlgqxd,8l4760lj,76rqeld8,ndxepeok,69zeego9,1
w6jlgqxd,8l4760lj,76rqeld8,ndxepeok,ywexxer9,1
w6jlgqxd,8l4760lj,76rqeld8,ndxepeok,495xxejd,2
w6jlgqxd,8l4760lj,76rqeld8,ndxepeok,o9xrrj19,2
w6jlgqxd,8l4760lj,76rqeld8,ndxepeok,rdn441v9,1
w6jlgqxd,8l4760lj,76rqeld8,ndxepeok,z9844klw,1
w6jlgqxd,8l4760lj,76rqeld8,ndxepeok,n93zzjew,1
w6jlgqxd,8l4760lj,76rqeld8,ndxepeok,r9gqqpkd,2
w6jlgqxd,8l4760lj,76rqeld8,ndxepeok,nwl44jr9,1
w6jlgqxd,8l4760lj,76rqeld8,ndxepeok,rw65567d,1
w6jlgqxd,8l4760lj,76rqeld8,ndxepeok,5d7qqgvw,1
w6jlgqxd,8l4760lj,76rqeld8,ndxepeok,kwj442zw,2
w6jlgqxd,8l4760lj,76rqeld8,ndxepeok,owo44ry9,2
w6jlgqxd,8l4760lj,76rqeld8,ndxepeok,xd1lley9,1
w6jlgqxd,8l4760lj,76rqeld8,ndxepeok,29vnnqnd,1
w6jlgqxd,8l4760lj,76rqeld8,ndxepeok,592eeyr9,2
w6jlgqxd,8l4760lj,76rqeld8,ndxepeok,5wk443qd,1
w6jlgqxd,8l4760lj,76rqeld8,ndxepeok,ewp44lzw,1
w6jlgqxd,8l4760lj,76rqeld8,ndxepeok,ewp44m4w,1
w6jlgqxd,8l4760lj,76rqeld8,ndxepeok,xd4gglpd,1
w6jlgqxd,8l4760lj,76rqeld8,ndxepeok,y9m44n19,1
w6jlgqxd,8l4760lj,76rqeld8,ndxepeok,xd1lln69,1
w6jlgqxd,8l4760lj,76rqeld8,ndxepeok,xd066rjd,2
w6jlgqxd,8l4760lj,76rqeld8,ndxepeok,y9m44q09,2
w6jlgqxd,8l4760lj,76rqeld8,ndxepeok,rw655p6d,1
w6jlgqxd,8l4760lj,76rqeld8,ndxepeok,n93zz5rw,2
w6jlgqxd,8l4760lj,76rqeld8,ndxepeok,592eeg69,1
w6jlgqxd,8l4760lj,76rqeld8,ndxepeok,5wk44zxd,1
w6jlgqxd,8l4760lj,76rqeld8,ndxepeok,xd4gg78d,1
w6jlgqxd,8l4760lj,76rqeld8,ndxepeok,29vnnexd,2
w6jlgqxd,8l4760lj,o6g9j8d2,7kj6j742,None,8
w6jlgqxd,8l4760lj,o6g9j8d2,wkpq4z0d,None,27
w6jlgqxd,8l4760lj,76rqeld8,ndxepeok,y9m44o19,3
w6jlgqxd,8l4760lj,76rqeld8,ndxepeok,5wk447qd,1
w6jlgqxd,8l4760lj,76rqeld8,ndxepeok,592ee7r9,2
w6jlgqxd,8l4760lj,76rqeld8,ndxepeok,29vnnrnd,5
w6jlgqxd,8l4760lj,76rqeld8,ndxepeok,xd06651d,1
w6jlgqxd,8l4760lj,76rqeld8,ndxepeok,xd4ggopd,3
w6jlgqxd,8l4760lj,yd4pyxde,9d8vr8wk,None,9
w6jlgqxd,8l4760lj,o6g9j8d2,wkpq4z0d,None,2
w6jlgqxd,8l4760lj,76rqeld8,ndxepeok,ewp446zw,8
w6jlgqxd,8l4760lj,pd0py36e,vdo3oqyd,None,261
w6jlgqxd,y8d2kqoj,w6jlgqxd,9d8l59w2,None,14
w6jlgqxd,y8d2kqoj,j1n8yk91,wk63r9ek,None,7
w6jlgqxd,y8d2kqoj,pd0wx9w1,zd36l5rd,None,1549
w6jlgqxd,y8d2kqoj,v1pozgp6,zd373lr2,xd4g602d,4
w6jlgqxd,y8d2kqoj,k6qerz6g,5dwgj0ek,None,3
w6jlgqxd,y8d2kqoj,ldejzon1,wk6w48q2,None,11
w6jlgqxd,y8d2kqoj,v1pozgp6,zd373lr2,kwj3m11d,3
w6jlgqxd,y8d2kqoj,v1pozgp6,zd373lr2,ewp4p7kw,3
w6jlgqxd,y8d2kqoj,v1pozgp6,zd373lr2,owolvq3w,4
w6jlgqxd,y8d2kqoj,v1pozgp6,rklj7e8d,5wknrzvw,1
w6jlgqxd,y8d2kqoj,v1pozgp6,rklj7e8d,rdnly26w,1
w6jlgqxd,y8d2kqoj,v1pozgp6,rklj7e8d,69zzv1l9,1
w6jlgqxd,y8d2kqoj,v1pozgp6,zd373lr2,ywejoq4d,1
w6jlgqxd,y8d2kqoj,76rqeld8,5dw95pl2,None,6
w6jlgqxd,y8d2kqoj,nd28kv3d,7dgxnvgk,None,2
w6jlgqxd,y8d2kqoj,nd28kv3d,n2yeol7k,y9m4ln59,3
w6jlgqxd,y8d2kqoj,nd28kv3d,zdnn0gnd,y9m4ln59,1
w6jlgqxd,y8d2kqoj,yd4oq3k1,7dgnvyx2,rdqnvood,8
w6jlgqxd,y8d2kqoj,nd28kv3d,jdr9vynd,None,1
w6jlgqxd,y8d2kqoj,v1pozgp6,zd373lr2,xd4g4jpd,4
w6jlgqxd,y8d2kqoj,pd00lwde,xd1350wk,None,1
w6jlgqxd,y8d2kqoj,pd00lwde,xd1350wk,None,1
w6jlgqxd,y8d2kqoj,ldej9e51,5dw9ole2,None,2
w6jlgqxd,y8d2kqoj,ldej9e51,5dw9ole2,None,2
w6jlgqxd,y8d2kqoj,ldej9e51,5dw9ole2,None,4
w6jlgqxd,y8d2kqoj,ldej9e51,5dw9ole2,None,1
w6jlgqxd,y8d2kqoj,v1pozgp6,rklj7e8d,y9myjl09,2
w6jlgqxd,y8d2kqoj,v1pozgp6,rklj7e8d,kwj3m11d,1
w6jlgqxd,y8d2kqoj,o1y9lq26,9kv6vlj2,ewp4j4zw,2
w6jlgqxd,y8d2kqoj,o1y9lq26,9d8eqn7d,r9gq2qkd,2
w6jlgqxd,y8d2kqoj,o1y9lq26,9kv6vlj2,5d7qvqvw,3
w6jlgqxd,y8d2kqoj,o1y9lq26,9d8eqn7d,xd1l7l69,3
w6jlgqxd,y8d2kqoj,o1y9lq26,9d8eqn7d,rdn40xv9,4
w6jlgqxd,y8d2kqoj,v1pozgp6,zd373lr2,5wk42k2d,5
w6jlgqxd,y8d2kqoj,v1pozgp6,rklj7e8d,ldyk0g7w,1
w6jlgqxd,y8d2kqoj,v1pozgp6,zd373lr2,ldyk0g7w,3
w6jlgqxd,y8d2kqoj,v1pozgp6,9kvy4j3k,rdnrv26w,3
w6jlgqxd,y8d2kqoj,v1pozgp6,rklj7e8d,rdnrv26w,2
w6jlgqxd,y8d2kqoj,v1pozgp6,rklj7e8d,o9x3j419,1
w6jlgqxd,y8d2kqoj,w6jl5q2d,rklrmlqk,59248jgw,1
w6jlgqxd,y8d2kqoj,pd0wjr31,8240xjnd,495lp84d,2
w6jlgqxd,y8d2kqoj,v1pozgp6,rklj7e8d,5d7eg2ew,8
w6jlgqxd,y8d2kqoj,76rxvov6,zdn88r9d,None,7
w6jlgqxd,y8d2kqoj,76rx9le6,jdrxjnnd,None,282
w6jlgqxd,y8d2kqoj,k6q459zd,vdo15xy2,None,19
w6jlgqxd,y8d2kqoj,k6q459zd,wdm65v5k,None,12
w6jlgqxd,y8d2kqoj,k6q459zd,rklr5rrk,5wkqrr2w,8
w6jlgqxd,y8d2kqoj,k6q459zd,rklr5rrk,5924ooow,7
w6jlgqxd,y8d2kqoj,k6q459zd,rklr5rrk,owo32kow,6
w6jlgqxd,y8d2kqoj,k6q459zd,rklr5rrk,yweq88yw,4
w6jlgqxd,y8d2kqoj,k6q459zd,rklr5rrk,xd4k332w,7
w6jlgqxd,y8d2kqoj,k6q459zd,ndx43452,5924o33w,1
w6jlgqxd,y8d2kqoj,k6q459zd,ndx43452,5924ooow,4
w6jlgqxd,y8d2kqoj,4d79j2g1,w2031w52,rw6exk7d,1
w6jlgqxd,y8d2kqoj,4d79j2g1,w2031w52,69znloo9,1
w6jlgqxd,y8d2kqoj,4d79j2g1,w2031w52,xd4rzvp9,1
w6jlgqxd,y8d2kqoj,4d79j2g1,xd1vm0rd,69znjmo9,1
w6jlgqxd,y8d2kqoj,4d79j2g1,w2031w52,69znjmo9,1
w6jlgqxd,y8d2kqoj,4d79j2g1,n2yg18m2,69znjmo9,1
w6jlgqxd,y8d2kqoj,4d79j2g1,w2031w52,592nlvr9,2
w6jlgqxd,y8d2kqoj,k6q459zd,rklr5rrk,yweq84yw,5
w6jlgqxd,y8d2kqoj,v1pozgp6,zd373lr2,owoyvro9,3
w6jlgqxd,y8d2kqoj,4d79j2g1,jdrlp35d,None,1
w6jlgqxd,y8d2kqoj,4d79j2g1,n2yg1pm2,None,1
w6jlgqxd,y8d2kqoj,4d79j2g1,zdn8q59d,None,1
w6jlgqxd,y8d2kqoj,4d79j2g1,xk9vlo6d,None,1
w6jlgqxd,y8d2kqoj,4d79j2g1,7kj6rj42,None,1
w6jlgqxd,y8d2kqoj,4d79j2g1,wk68jxr2,495lgkjd,3
w6jlgqxd,y8d2kqoj,4d79j2g1,wk68jxr2,owoqn7yd,4
w6jlgqxd,y8d2kqoj,4d79j2g1,w2031w52,kwj1jyzw,1
w6jlgqxd,y8d2kqoj,4d79j2g1,n2yg18m2,kwj1jyzw,1
w6jlgqxd,y8d2kqoj,4d79j2g1,xd1vm0rd,ywemgzrd,5
w6jlgqxd,y8d2kqoj,4d79j2g1,n2yg18m2,owoqn7yd,3
w6jlgqxd,y8d2kqoj,4d79j2g1,wk68jxr2,nwlp1kr9,6
w6jlgqxd,y8d2kqoj,4d79j2g1,xd1vm0rd,ewp0ykzd,1
w6jlgqxd,y8d2kqoj,4d79j2g1,wk68jxr2,rw6exk7d,8
w6jlgqxd,y8d2kqoj,4d79j2g1,wk68jxr2,rdq5rz1d,8
w6jlgqxd,y8d2kqoj,4d79j2g1,wk68jxr2,69znjpo9,3
w6jlgqxd,y8d2kqoj,v1pozgp6,zd373lr2,n938q8zw,3
w6jlgqxd,y8d2kqoj,y65x331e,zdnr8w72,None,10
w6jlgqxd,y8d2kqoj,v1pozgp6,9kvy4j3k,49540e0w,3
w6jlgqxd,y8d2kqoj,v1pozgp6,9kvy4j3k,n938q8zw,3
w6jlgqxd,y8d2kqoj,9dowe2o1,wkp174gk,z98g53pw,4
w6jlgqxd,y8d2kqoj,268ek5y6,wkpmgzwk,None,4
w6jlgqxd,y8d2kqoj,v1pozgp6,9kvy4j3k,69zxm6od,34
w6jlgqxd,y8d2kqoj,v1pozgp6,9kvy4j3k,5wkpvv5d,6
w6jlgqxd,y8d2kqoj,v1pozgp6,9kvy4j3k,592511g9,11
w6jlgqxd,y8d2kqoj,v1pozgp6,9kvy4j3k,ldyjv87d,30
w6jlgqxd,y8d2kqoj,v1pozgp6,9kvy4j3k,5d7eg2ew,1
w6jlgqxd,y8d2kqoj,o6gp5x62,n2yj3qe2,None,14
w6jlgqxd,y8d2kqoj,m1mx2qj6,rklv848d,ywen7xlw,1
w6jlgqxd,y8d2kqoj,j1ne9me1,jdzve5xk,None,76
w6jlgqxd,y8d2kqoj,o1y9j9v6,7kjpl1gk,None,1716
w6jlgqxd,xz9wnkr8,w6jlgqxd,9kv96132,None,42
w6jlgqxd,v8176zr8,yd4o4qk1,wk6ejge2,None,2
w6jlgqxd,v8176zr8,w6jlgqxd,9kv96132,None,31
w6jlgqxd,v8176zr8,yd4o4qk1,wdmvq14d,None,2
w6jlgqxd,v8176zr8,9d3r0eed,7dg6jx4k,None,2
w6jlgqxd,v8176zr8,nd2eored,rkl3wxnk,None,2
w6jlgqxd,v8176zr8,nd2eored,9kv6wp82,None,9
w6jlgqxd,v8176zr8,369prl31,9kv6mne2,None,5
w6jlgqxd,v8176zr8,268ekeo6,xd1l56zk,None,4
w6jlgqxd,v8176zr8,lde3qk56,w203y4j2,None,1
w6jlgqxd,v8176zr8,o1y9yxr6,9kv7190k,None,3
w6jlgqxd,v8176zr8,y654yv0d,wdmlpv4k,None,3
w6jlgqxd,v8176zr8,yd4o4qk1,wk6ejge2,None,3
w6jlgqxd,v8176zr8,76r77v18,vdo30ovd,y9mpve59,2
w6jlgqxd,v8176zr8,76r2pqd8,wdmznp42,None,26
w6jlgqxd,v8176zr8,k6qwq06g,5dw7r0kg,None,12
w6jlgqxd,v8176zr8,46w0rn1r,9d8emz6d,None,8
w6jlgqxd,v8176zr8,k6q474zd,q25m6zyd,None,1
w6jlgqxd,v8176zr8,k6q474zd,8240zynd,None,9
w6jlgqxd,v8176zr8,o6glv29d,02qplyzd,None,3
w6jlgqxd,8ew6vl78,w6jlgqxd,8248q4ek,None,10
w6jlgqxd,x3570d7j,w6jlgqxd,jdrve302,None,38
w6jlgqxd,x3570d7j,w6jlgqxd,9kv96132,None,66
w6jlgqxd,8g5r9zpj,w6jlgqxd,9kv96132,None,44
w6jlgqxd,8g5r9zpj,w6jlgqxd,jdrve302,None,11
w6jlgqxd,jp62ko08,w6jlgqxd,jdrve302,None,40
w6jlgqxd,xk407nmj,w6jlgqxd,9kv96132,None,20
w6jlgqxd,x337mg7x,w6jlgqxd,9d8l59w2,None,9
w6jlgqxd,x337mg7x,w6jlgqxd,8248q4ek,None,14
w6jlgqxd,8d4e27m8,j1nl3xdp,ndxpoy52,None,41
w6jlgqxd,8d4e27m8,w6jlgqxd,8248q4ek,None,21
w6jlgqxd,j5w2g2wj,w6jlgqxd,jdz97gx2,None,9
w6jlgqxd,j5w2g2wj,nd2e0eed,zd3wr7nk,None,321
w6jlgqxd,8d4lov58,pd0py36e,vdo3oqyd,None,3679
w6jlgqxd,8d4lov58,w6jlgqxd,9kv96132,None,67
w6jlgqxd,8v6452yx,w6jlgqxd,jdzo1lg2,None,1
w6jlgqxd,8v6452yx,w6jlgqxd,8248q4ek,None,2
w6jlgqxd,8v6452yx,w6jlgqxd,9d8l59w2,None,1
w6jlgqxd,8vk42nej,w6jlgqxd,jdrve302,None,39
w6jlgqxd,x35vp27j,pd0py36e,vdo3oqyd,None,409
w6jlgqxd,x35vp27j,w6jlgqxd,9kv96132,None,59
w6jlgqxd,8wlo244j,w6jlgqxd,9kv96132,None,63
w6jlgqxd,x3qy072j,yd4oq3k1,7dgnvyx2,5d720xqw,8
w6jlgqxd,x3qy072j,yd4oq3k1,7dgnvyx2,r9g13yq9,37
w6jlgqxd,x3qy072j,j1llrpz1,rkllynqk,None,157
w6jlgqxd,x3qy072j,w6jlgqxd,9kv96132,None,68
w6jlgqxd,18qqy6w8,ldej43n1,mke70w82,None,1
w6jlgqxd,18qqy6w8,ldej43n1,wkpr4gg2,None,2
w6jlgqxd,18qqy6w8,9do85nm1,5dwx3yn2,None,1
w6jlgqxd,18qqy6w8,9do85nm1,5dwx3yn2,None,1
w6jlgqxd,18qqy6w8,9do85nm1,xk99zj6k,o9xjmepd,2
w6jlgqxd,18qqy6w8,9do85nm1,xk99zj6k,r9gpkgp9,1
w6jlgqxd,18qqy6w8,v1pxqo46,xd1wyp42,None,2
w6jlgqxd,18qqy6w8,pd08z01e,ndxexjok,None,25
w6jlgqxd,18qqy6w8,j1nergw1,jdron5nd,None,11
w6jlgqxd,18qqy6w8,4d790y31,wkp5890d,None,7
w6jlgqxd,18qqy6w8,m1zjlv06,5dw7ywgk,None,22
w6jlgqxd,18qqy6w8,k6q4rqzd,9kv7gz8k,None,186
w6jlgqxd,18qqy6w8,m1zjyjx6,xk9g196d,ywe58x7w,2
w6jlgqxd,18qqy6w8,j1n8qpl1,rklnovq2,None,66
w6jlgqxd,18qqy6w8,v1pnrmd8,wdmvm8xd,None,6
w6jlgqxd,18qqy6w8,ldej9e51,wkp9vzv2,xd1rek59,1
w6jlgqxd,18qqy6w8,v1pozgp6,zd373lr2,5wko3q59,3
w6jlgqxd,18qqy6w8,76rx9le6,jdrxjnnd,None,11
w6jlgqxd,18qqy6w8,76rxvov6,zdn88r9d,None,3
w6jlgqxd,18qqy6w8,v1pozgp6,zd373lr2,ldyjv87d,15
w6jlgqxd,18qqy6w8,v1pozgp6,zd373lr2,29v2vr1d,20
w6jlgqxd,18qqy6w8,3dx2r5g1,mke9nznd,None,3
w6jlgqxd,18qqy6w8,46wkn36r,ndxp68r2,None,18
w6jlgqxd,18qqy6w8,nd2ekrvd,9kvqwr0d,None,9
w6jlgqxd,18qqy6w8,v1pown86,z27rln5d,None,28
w6jlgqxd,18qqy6w8,9dovpe6p,xk9g0y6d,None,31
w6jlgqxd,18qqy6w8,m1zjyjx6,ndxmln12,ywe58x7w,7
w6jlgqxd,18qqy6w8,w6jlokxd,q25qqpg2,None,24
w6jlgqxd,18qqy6w8,v1pozgp6,9kvy4j3k,rdnnv1nd,4
w6jlgqxd,18qqy6w8,4d7rjl17,5dw8ge0d,None,8
w6jlgqxd,18qqy6w8,pd00lwde,xd1350wk,None,1
w6jlgqxd,18qqy6w8,pd0qxv21,mkevqvn2,None,4
w6jlgqxd,18qqy6w8,4d7nkxg6,zd3vy4n2,n93zleew,3
w6jlgqxd,18qqy6w8,4d7nkxg6,zd3vy4n2,gdr6olzd,1
w6jlgqxd,18qqy6w8,4d7nkxg6,zd3vy4n2,ywex3gr9,1
w6jlgqxd,18qqy6w8,4d7nkxg6,zd3vy4n2,z9845qlw,3
w6jlgqxd,18qqy6w8,lde3e3e6,9d8441qk,None,462
w6jlgqxd,18qqy6w8,pd0ezw1e,7dg4gegd,None,26
w6jlgqxd,18qqy6w8,4d7rjl17,5dw8n8gd,None,8
w6jlgqxd,18qqy6w8,4d7rjl17,7dg564x2,rdq1oe29,8
w6jlgqxd,18qqy6w8,4d7rjl17,7dg564x2,xd0qryj9,1
w6jlgqxd,18qqy6w8,4d7rjl17,7dg564x2,4958ze39,6
w6jlgqxd,18qqy6w8,4d7rjl17,7dg564x2,r9g3nppw,5
w6jlgqxd,18qqy6w8,4d7rjl17,7dg564x2,5d73xo69,3
w6jlgqxd,18qqy6w8,4d7rjl17,7dg564x2,nwl7z8e9,4
w6jlgqxd,18qqy6w8,4d7rjl17,7dg564x2,o9xlojp9,4
w6jlgqxd,18qqy6w8,4d7rjl17,7dg564x2,69z461gw,4
w6jlgqxd,18qqy6w8,4d7rjl17,xd13vlrk,rw6opx6w,2
w6jlgqxd,18qqy6w8,4d7rjl17,7dg564x2,gdrqozl9,8
w6jlgqxd,18qqy6w8,4d7rjl17,7dg564x2,y9mxq30w,2
w6jlgqxd,18qqy6w8,4d7rjl17,7dg564x2,xd427z8w,1
w6jlgqxd,18qqy6w8,4d7rjl17,7dg564x2,5d74k5ed,2
w6jlgqxd,18qqy6w8,4d7rjl17,7dg564x2,ywe83o7w,6
w6jlgqxd,18qqy6w8,4d7rjl17,7dg564x2,kwjzlj19,1
w6jlgqxd,18qqy6w8,4d7rjl17,7dg564x2,xd12eryw,2
w6jlgqxd,18qqy6w8,4d7rjl17,7dg564x2,ldypkord,8
w6jlgqxd,18qqy6w8,4d7rjl17,7dg564x2,n9345erd,1
w6jlgqxd,18qqy6w8,4d7rjl17,xd13vlrk,xd0qryj9,3
w6jlgqxd,18qqy6w8,4d7rjl17,7dg564x2,ewpxmy4d,2
w6jlgqxd,18qqy6w8,4d7rjl17,xd13vlrk,n9345erd,1
w6jlgqxd,18qqy6w8,4d7rjl17,7dg564x2,rw6opx6w,1
w6jlgqxd,18qqy6w8,4d7rjl17,7dg564x2,rdq72rg9,1
w6jlgqxd,18qqy6w8,4d7rjl17,7dg564x2,r9g40529,2
w6jlgqxd,18qqy6w8,4d7rjl17,7dg564x2,5wk6zox9,2
w6jlgqxd,18qqy6w8,4d7rjl17,7dg564x2,owo61n3w,2
w6jlgqxd,18qqy6w8,4d7rjl17,7dg564x2,4955og49,1
w6jlgqxd,18qqy6w8,4d7rjl17,7dg564x2,o9x75q7d,3
w6jlgqxd,18qqy6w8,4d7rjl17,xd13vlrk,r9g40529,3
w6jlgqxd,18qqy6w8,4d7rjl17,xd13vlrk,y9mxq30w,5
w6jlgqxd,18qqy6w8,4d7rjl17,7dg564x2,29v7exx9,2
w6jlgqxd,18qqy6w8,4d7rjl17,7dg564x2,592qgl69,2
w6jlgqxd,18qqy6w8,4d7rjl17,xd13vlrk,xd427z8w,4
w6jlgqxd,18qqy6w8,4d7rjl17,xd13vlrk,4955og49,1
w6jlgqxd,18qqy6w8,4d7rjl17,xd13vlrk,69z2oj49,1
w6jlgqxd,18qqy6w8,4d7rjl17,xd13vlrk,5d74k5ed,4
w6jlgqxd,18qqy6w8,4d7rjl17,xd13vlrk,xd12eryw,3
w6jlgqxd,18qqy6w8,4d7rjl17,xd13vlrk,rdq72rg9,2
w6jlgqxd,18qqy6w8,4d7rjl17,xd13vlrk,ewpxmy4d,2
w6jlgqxd,18qqy6w8,4d7rjl17,xd13vlrk,owo61n3w,2
w6jlgqxd,18qqy6w8,4d7rjl17,xd13vlrk,592qgl69,1
w6jlgqxd,18qqy6w8,4d7rjl17,xd13vlrk,29v7exx9,1
w6jlgqxd,18qqy6w8,4d7rjl17,xd13vlrk,o9x75q7d,3
w6jlgqxd,18qqy6w8,kdkz55xd,q25mz9yd,None,8
w6jlgqxd,18qqy6w8,j1ne7ww1,wk677zed,None,21
w6jlgqxd,18qqy6w8,m1mr7j62,q258r782,None,28
w6jlgqxd,18qqy6w8,k6q4jxod,wk6ovyok,rdnzjoqd,13
w6jlgqxd,18qqy6w8,w6jlgqxd,9kv96132,None,54
w6jlgqxd,18qqy6w8,j1ll47v1,ndx50mjk,None,11
w6jlgqxd,18qqy6w8,m1zok2d0,zd3ymwe2,None,84
w6jlgqxd,18qqy6w8,o1ywg2dq,9d8vyvwk,None,123
w6jlgqxd,18qqy6w8,pdvzkpv6,zd3wzyek,None,31
w6jlgqxd,18qqy6w8,j1nermw1,jdz96062,29vlxg1w,5
w6jlgqxd,18qqy6w8,o6g9j8d2,wdm4y14d,None,21
w6jlgqxd,18qqy6w8,lde357x6,zdn8gvqd,None,12
w6jlgqxd,18qqy6w8,9d3rpxgd,n2yony1d,None,104
w6jlgqxd,18qqy6w8,nd2e0eed,zd3wr7nk,None,337
w6jlgqxd,18qqy6w8,k6qerz6g,5dwgj0ek,None,7
w6jlgqxd,18qqy6w8,nd24q310,wdm6pl4k,None,40
w6jlgqxd,18qqy6w8,j1nl3xdp,ndxpoy52,None,428
w6jlgqxd,18qqy6w8,76rxvov6,vdomnpy2,None,31
w6jlgqxd,18qqy6w8,4d79o7n1,824ggrm2,None,629
w6jlgqxd,18qqy6w8,pd0py36e,vdo3oqyd,None,813
w6jlgqxd,18qqy6w8,m1z990d0,wdmvz4od,None,38
w6jlgqxd,18qqy6w8,m1z990d0,wdmvz4od,None,87
w6jlgqxd,18qqy6w8,lde3vxe6,jdz6qer2,None,5
w6jlgqxd,18qqy6w8,76rxmo46,w20gl4vk,ldy8k5jw,9
w6jlgqxd,18qqy6w8,76rxmo46,w20gl4vk,rdn2xlnd,10
w6jlgqxd,18qqy6w8,76rxmo46,w20gl4vk,gdr1o88w,23
w6jlgqxd,18qqy6w8,76rxmo46,w20gl4vk,xd03n20d,70
w6jlgqxd,18qqy6w8,76rxmo46,w20gl4vk,rw6eglnd,57
w6jlgqxd,18qqy6w8,m1mxq0x6,9d837632,5d7zxkew,5
w6jlgqxd,18qqy6w8,m1mxq0x6,9d837632,5d7zxkew,5
w6jlgqxd,18qqy6w8,j1lw246g,9kvj0o3k,None,4
w6jlgqxd,18qqy6w8,3dx2mv51,zd383myk,495rv1md,6
w6jlgqxd,18qqy6w8,3dx2mv51,xd1l8xrk,rdq36kow,6
w6jlgqxd,18qqy6w8,4d7rjl17,824m0rw2,None,27
w6jlgqxd,18qqy6w8,76rx9le6,jdrxjnnd,None,13
w6jlgqxd,18qqy6w8,76rxvov6,wdml7m5k,None,7
w6jlgqxd,18qqy6w8,v1pozgp6,zd373lr2,5wkpvv5d,38
w6jlgqxd,18qqy6w8,v1pozgp6,9kvy4j3k,592511g9,7
w6jlgqxd,18qqy6w8,v1pozgp6,rklj7e8d,5wkpvv5d,7
w6jlgqxd,18qqy6w8,76rx9le6,mker4jxd,xd0xk61d,3
w6jlgqxd,18qqy6w8,o1yglv1q,vdoqlwyk,None,9
w6jlgqxd,18qqy6w8,76rx9le6,mker4jxd,xd1xjl69,5
w6jlgqxd,18qqy6w8,76rx9le6,mker4jxd,xd1xjl69,4
w6jlgqxd,18qqy6w8,76rx9le6,jdz81nrd,None,9
w6jlgqxd,jo2nke38,w6jlgqxd,9kv96132,None,39
w6jlgqxd,8d4vpll8,w6jlgqxd,9kv96132,None,47
w6jlgqxd,j9rqw2rj,w6jlgqxd,8248q4ek,None,6
w6jlgqxd,j9rqw2rj,w6jlgqxd,jdrve302,None,15
w6jlgqxd,j9rqw2rj,w6jlgqxd,9d83ezw2,None,1
w6jlgqxd,jnz0lp2j,w6jlgqxd,zd3xgxed,None,4
w6jlgqxd,jnz0lp2j,w6jlgqxd,9d83ezw2,None,11
w6jlgqxd,j2ylzy78,m1zj90m6,02qm5j9d,y9m4ygx9,5
w6jlgqxd,j2ylzy78,w6jlgqxd,9kv96132,None,10
w6jlgqxd,j2ylzy78,v1pozgp6,zd373lr2,69zxm6od,59
w6jlgqxd,j2ylzy78,v1pozgp6,rklj7e8d,ldyjv87d,2
w6jlgqxd,8q3g0doj,w6jlgqxd,9kv96132,None,52
w6jlgqxd,8q3g0doj,lde3e3e6,9d8441qk,None,289
w6jlgqxd,8q3g0doj,lde3e3e6,xk9rvl6k,None,61
w6jlgqxd,814o7v38,w6jlgqxd,zd3xgxed,None,1
w6jlgqxd,814o7v38,w6jlgqxd,9d8l59w2,None,7
w6jlgqxd,814o7v38,w6jlgqxd,8248q4ek,None,11
w6jlgqxd,814o7v38,w6jlgqxd,zd3xgxed,None,1
w6jlgqxd,814o7v38,w6jlgqxd,9d83ezw2,None,3
w6jlgqxd,814o7v38,w6jlgqxd,jdrve302,None,9
w6jlgqxd,j0nyvgw8,w6jlgqxd,9kv96132,None,40
w6jlgqxd,jmovwde8,w6jlgqxd,9kv96132,None,48
w6jlgqxd,jo2517l8,3698my8d,5dwqmzld,None,234
w6jlgqxd,jo2517l8,w6jlgqxd,8248q4ek,None,20
w6jlgqxd,jo2517l8,yd4jl5de,7kjr4mx2,None,8
w6jlgqxd,jo2517l8,yd4jl5de,zd36w1rd,None,18
w6jlgqxd,jo2517l8,yd4jl5de,9d8v0v3k,None,8
w6jlgqxd,jo2517l8,yd4jl5de,z27ryg4d,None,17
