original_game_id,user_id,game_id,category_id,level_id,position
lde3k4e6,x35zgnqj,w6j74qe6,824qp83k,None,85
lde3k4e6,x35zgnqj,9dollkdp,ndx8mxok,None,12
lde3k4e6,x35zgnqj,w6jl2j4d,zdnlp172,None,3
lde3k4e6,x35zgnqj,268ew4o6,w20w5xzd,None,1
lde3k4e6,x35zgnqj,y65797de,zd3l938d,None,1769
lde3k4e6,x35zgnqj,w6jl2j4d,zdnlp172,None,5
lde3k4e6,x35zgnqj,46wynndr,q25ggx8d,xd0kevx9,1
lde3k4e6,x35zgnqj,j1nmr96p,zd3qoxvk,n93e4mrw,1
lde3k4e6,x35zgnqj,j1nmr96p,zd3qoxvk,z98q7m19,1
lde3k4e6,x35zgnqj,j1nmr96p,zd3qoxvk,rdn8zq6d,1
lde3k4e6,x35zgnqj,j1nmr96p,zd3qoxvk,ldy6g379,1
lde3k4e6,x35zgnqj,yd4kgww6,9d85l1qd,None,2
lde3k4e6,x35zgnqj,m1zjmqx6,n2yvpj72,None,3
lde3k4e6,x35zgnqj,9d3vjg6l,824g0ve2,None,5
lde3k4e6,x35zgnqj,o6gljr5d,xd148j8d,None,3
lde3k4e6,x35zgnqj,9d3vjg6l,9d85zl3d,None,9
lde3k4e6,x35zgnqj,y65jv7de,wk6j6ood,rdn53eqd,1
lde3k4e6,x35zgnqj,j1nqoy1p,mke9x59d,None,87
lde3k4e6,x35zgnqj,9d3vjg6l,vdo45x12,69zr8qxd,7
lde3k4e6,x35zgnqj,9d3vjg6l,vdo45x12,rw6vmr69,9
lde3k4e6,x35zgnqj,9d3vjg6l,vdo45x12,nwl62yow,7
lde3k4e6,x35zgnqj,9d3vjg6l,vdo45x12,ewpp8zyw,4
lde3k4e6,x35zgnqj,9d3vjg6l,vdo45x12,n930mn29,6
lde3k4e6,x35zgnqj,46wynndr,xk90mnyk,n93qx2nw,5
lde3k4e6,x35zgnqj,y65jv7de,wk6j6ood,z98jp1gw,3
lde3k4e6,x35zgnqj,y65jv7de,wk6j6ood,z98jp1gw,3
lde3k4e6,x35zgnqj,46w3pg31,8249egmd,None,8
lde3k4e6,x35zgnqj,9d3vjg6l,wk6rrprk,z98jme1w,3
lde3k4e6,x35zgnqj,46w3pg31,8249egmd,None,9
lde3k4e6,x35zgnqj,9d3vjg6l,mkewlo8k,29vyzlq9,1
lde3k4e6,x35zgnqj,9d3vjg6l,mkewlo8k,y9me2rzd,1
lde3k4e6,x35zgnqj,o6gnk3o1,q25xlwyk,None,1
lde3k4e6,x35zgnqj,9d3vjg6l,jdz9wgr2,592j487w,1
lde3k4e6,x35zgnqj,9d3vjg6l,jdz9wgr2,5wk2qnvw,2
lde3k4e6,x35zgnqj,9d3vjg6l,jdz9wgr2,29vyzlq9,1
lde3k4e6,x35zgnqj,lde7nn13,jdr9o4nd,n937o1zd,2
lde3k4e6,x35zgnqj,lde7nn13,02q85r72,None,4
lde3k4e6,x35zgnqj,9d3vjg6l,jdz9wgr2,y9me2rzd,1
lde3k4e6,x35zgnqj,om1mx362,7kjvmgk3,None,410
lde3k4e6,x35zgnqj,9d3vjg6l,mkel116d,None,7
lde3k4e6,x35zgnqj,9d3vjg6l,jdz9wgr2,29vyzlq9,2
lde3k4e6,x35zgnqj,9d3vjg6l,jdz9wgr2,592j487w,3
lde3k4e6,x35zgnqj,9d3vjg6l,jdz9wgr2,y9me2rzd,2
lde3k4e6,x35zgnqj,o6gnk3o1,q25xlwyk,None,2
lde3k4e6,x35zgnqj,lde7nn13,xd1305zk,z986n3pd,2
lde3k4e6,x35zgnqj,4d7mnnd7,mke5py9k,5d7xx2g9,2
lde3k4e6,x35zgnqj,lde7nn13,xd1305zk,gdre2nl9,2
lde3k4e6,x35zgnqj,lde7nn13,02q85r72,None,1
lde3k4e6,x35zgnqj,3698773d,wdmmm3ed,None,2
lde3k4e6,x35zgnqj,lde7nn13,jdr9o4nd,gdre2nl9,1
lde3k4e6,x35zgnqj,3698773d,wdmmm3ed,None,1
lde3k4e6,x35zgnqj,4d722r67,jdr1x0l2,None,161
lde3k4e6,x35zgnqj,o1yx446q,zdn8ow7d,xd04q61w,88
lde3k4e6,x35zgnqj,lde7nn13,jdr9o4nd,ldyy2xrd,1
lde3k4e6,x35zgnqj,lde7nn13,jdr9o4nd,rdn0n7qw,1
lde3k4e6,x35zgnqj,lde7nn13,jdr9o4nd,ywe1ly7d,1
lde3k4e6,x35zgnqj,j1nep5w1,xk9n01v2,None,12
lde3k4e6,x35zgnqj,yd4kj7p6,zd3rle8d,None,6
lde3k4e6,x35zgnqj,yd4kj7p6,zd3rle8d,None,4
lde3k4e6,x35zgnqj,k6q4qyxd,zd3wvj8k,None,5
lde3k4e6,x35zgnqj,j1nep5w1,jdze4vxd,o9xrnx19,1
lde3k4e6,x35zgnqj,j1nep5w1,jdze4vxd,495x6mjd,1
lde3k4e6,x35zgnqj,j1nep5w1,jdze4vxd,rdq4jn19,1
lde3k4e6,x35zgnqj,j1nep5w1,jdze4vxd,5d7qv2vw,1
lde3k4e6,x35zgnqj,j1nep5w1,jdze4vxd,5d7qvzvw,3
lde3k4e6,x35zgnqj,j1nep5w1,jdze4vxd,kwj451zw,4
lde3k4e6,x35zgnqj,j1nep5w1,jdze4vxd,owo40qy9,1
lde3k4e6,x35zgnqj,j1nep5w1,jdze4vxd,xd1l7869,2
lde3k4e6,x35zgnqj,j1nep5w1,02q9xlzk,n93z7yew,2
lde3k4e6,x35zgnqj,j1nep5w1,jdze4vxd,29vn35nd,1
lde3k4e6,x35zgnqj,j1nep5w1,jdze4vxd,rdn402v9,1
lde3k4e6,x35zgnqj,j1nep5w1,jdze4vxd,ldyly8z9,1
lde3k4e6,x35zgnqj,j1nep5w1,jdze4vxd,ywex1mr9,1
lde3k4e6,x35zgnqj,j1nep5w1,jdze4vxd,r9gq27kd,1
lde3k4e6,x35zgnqj,j1nep5w1,jdze4vxd,rdq4j519,6
lde3k4e6,x35zgnqj,268ew4o6,7dgr704k,None,5
lde3k4e6,x35zgnqj,y654pned,5dw6e6n2,None,6
lde3k4e6,x35zgnqj,m1mn4qjd,vdoppro2,None,1
lde3k4e6,x35zgnqj,o6glgrnd,w20glvok,None,4
lde3k4e6,x35zgnqj,m1mn4qjd,vdoppro2,None,1
lde3k4e6,x35zgnqj,m1mn4qjd,vdoppro2,None,1
lde3k4e6,x35zgnqj,m1mn4qjd,wkpgg8vk,None,1
lde3k4e6,x35zgnqj,lde7nn13,xd1305zk,r9g2xlpd,2
lde3k4e6,x35zgnqj,946wk96r,ndx8lvkq,None,21
lde3k4e6,x35zgnqj,w6jl82ed,7kj65832,gdr8rge9,1
lde3k4e6,x35zgnqj,w6jl82ed,7kj65832,xd4ypnqd,1
lde3k4e6,x35zgnqj,w6jl82ed,7kj65832,rw6l23pw,1
lde3k4e6,x35zgnqj,w6jl82ed,7kj65832,ywej0nld,1
lde3k4e6,x35zgnqj,w6jl82ed,7kj65832,5d7eplqw,1
lde3k4e6,x35zgnqj,w6jl82ed,7kj65832,n93nkn2w,1
lde3k4e6,x35zgnqj,w6jl82ed,7kj65832,y9mr0yzw,1
lde3k4e6,x35zgnqj,w6jl82ed,7kj65832,xd02plm9,1
lde3k4e6,x35zgnqj,w6jl82ed,7kj65832,xd13p6z9,1
lde3k4e6,x35zgnqj,w6jl82ed,7kj65832,z98zpzr9,1
lde3k4e6,x35zgnqj,w6jl82ed,9kvo7e02,None,1
lde3k4e6,x35zgnqj,m1zjo9z6,wdm6904k,yweq42yw,16
lde3k4e6,x35zgnqj,nd2z5qd0,9kvpxjjk,None,649
lde3k4e6,x35zgnqj,y65jv7de,9kvx3me2,None,8
lde3k4e6,x35zgnqj,y65jv7de,wk6j6ood,69zr7kld,5
lde3k4e6,x35zgnqj,y65jv7de,wk6j6ood,495jp70w,8
lde3k4e6,x35zgnqj,y65jv7de,wk6j6ood,gdrjr56w,5
lde3k4e6,x35zgnqj,y65jv7de,wk6j6ood,5d77pogd,7
lde3k4e6,x35zgnqj,y65jv7de,wk6j6ood,rdn53eqd,9
lde3k4e6,x35zgnqj,y65jv7de,wk6j6ood,rdq0yxkw,6
lde3k4e6,x35zgnqj,y65jv7de,wk6j6ood,rw6v2jr9,6
lde3k4e6,x35zgnqj,y65jv7de,wk6j6ood,rdq0yxkw,4
lde3k4e6,x35zgnqj,y65jv7de,wk6j6ood,o9x26p0w,6
lde3k4e6,x35zgnqj,y65jv7de,wk6j6ood,kwjy0nnw,4
lde3k4e6,x35zgnqj,y65jv7de,wk6j6ood,r9gz6v5d,4
lde3k4e6,x35zgnqj,3dxkx0g1,zd35epnk,None,224
lde3k4e6,x35zgnqj,w6j7xpe6,824q3egk,None,1
lde3k4e6,x35zgnqj,3dxkx0g1,zd35epnk,None,36
lde3k4e6,x35zgnqj,pd0oqvde,9kv6l7j2,owo5xjod,1
lde3k4e6,x35zgnqj,pd0oqvde,9kv6l7j2,xd1y1med,1
lde3k4e6,x35zgnqj,pd0oqvde,xk9e9n62,None,4
lde3k4e6,x35zgnqj,w6j7xpe6,824q3egk,None,1
lde3k4e6,x35zgnqj,lde7nn13,02q85r72,None,2
lde3k4e6,x35zgnqj,lde7nn13,xd1305zk,nwll35ew,2
lde3k4e6,x35zgnqj,46w2wo76,zd3qg18k,None,9
lde3k4e6,x35zgnqj,9do8mm1p,zdnqyjqd,None,229
lde3k4e6,x35zgnqj,4d7mnnd7,wk6or4qk,None,1
lde3k4e6,x35zgnqj,4d7mnnd7,jdzlvgg2,gdrj0v8w,1
lde3k4e6,x35zgnqj,4d7mnnd7,jdzlvgg2,rdnlmp6w,1
lde3k4e6,x35zgnqj,4d7mnnd7,jdzlvgg2,nwl6mvpw,1
lde3k4e6,x35zgnqj,4d7mnnd7,jdzlvgg2,69zrlv6d,1
lde3k4e6,x35zgnqj,4d7mnnd7,jdzlvgg2,rdn5mvnd,1
lde3k4e6,x35zgnqj,4d7mnnd7,jdzlvgg2,r9gzmoqd,1
lde3k4e6,x35zgnqj,4d7mnnd7,jdzlvgg2,o9x2yv6w,1
lde3k4e6,x35zgnqj,4d7mnnd7,jdzlvgg2,5d7xx2g9,1
lde3k4e6,x35zgnqj,46wynndr,n2yqy58k,None,2
lde3k4e6,x35zgnqj,lde3k4e6,7dgm5nld,None,1
lde3k4e6,x35zgnqj,j1l754dg,wkp111gk,None,1
lde3k4e6,x35zgnqj,lde7nn13,jdr9o4nd,r9g2xlpd,1
lde3k4e6,x35zgnqj,lde7nn13,jdr9o4nd,r9g2xlpd,1
lde3k4e6,x35zgnqj,lde7nn13,jdr9o4nd,rdn0n77w,1
lde3k4e6,x35zgnqj,lde7nn13,jdr9o4nd,z986n3gd,1
lde3k4e6,x35zgnqj,lde7nn13,jdr9o4nd,ldyy2xkd,1
lde3k4e6,x35zgnqj,lde7nn13,jdr9o4nd,gdre2nl9,1
lde3k4e6,x35zgnqj,j1l754dg,vdoory6d,None,1
lde3k4e6,x35zgnqj,lde7nn13,jdr9o4nd,nwll35ew,1
lde3k4e6,x35zgnqj,lde7nn13,jdr9o4nd,ywe1ly7d,1
lde3k4e6,x35zgnqj,lde7nn13,xd1305zk,rdn0n7qw,2
lde3k4e6,x35zgnqj,j1l754dg,wkp111gk,None,7
lde3k4e6,x35zgnqj,ldejyle1,02qrw9jk,None,19
lde3k4e6,x35zgnqj,m1mn4qjd,jdrwnj0k,None,3
lde3k4e6,x35zgnqj,m1mn4qjd,jdrwnj0k,None,4
lde3k4e6,x35zgnqj,w6jl82ed,7kj65832,ldy5q2pw,1
lde3k4e6,x35zgnqj,j1nepwx1,7dg9z7gk,None,72
lde3k4e6,x35zgnqj,9d3vjg6l,vdo45x12,5d772eqd,5
lde3k4e6,x35zgnqj,yd4kgww6,jdrr51nd,kwjk63n9,3
lde3k4e6,x35zgnqj,yd4kgww6,jdrr51nd,kwjk63n9,2
lde3k4e6,x35zgnqj,yd4kgww6,jdrr51nd,kwjk63n9,2
lde3k4e6,x35zgnqj,yd4kgww6,jdrr51nd,kwjk63n9,1
lde3k4e6,x35zgnqj,yd4kgww6,jdrr51nd,kwjk63n9,1
lde3k4e6,x35zgnqj,yd4kgww6,jdrr51nd,n93xlnn9,2
lde3k4e6,x35zgnqj,yd4kgww6,jdrr51nd,kwjk63n9,1
lde3k4e6,x35zgnqj,kyd4pxde,xd1m7rd8,None,170
lde3k4e6,x35zgnqj,3698773d,5dw116lk,None,2
lde3k4e6,x35zgnqj,j1lmjzdg,jdz56vxd,None,96
lde3k4e6,x35zgnqj,pdvz2k96,xd17yn7d,49540r4w,3
lde3k4e6,x35zgnqj,pdvz2k96,xd17yn7d,rdqlv3gw,3
lde3k4e6,x35zgnqj,pdvz2k96,xd17yn7d,5d780eew,2
lde3k4e6,x35zgnqj,y65jv7de,wk6j6ood,495mgojw,2
lde3k4e6,x35zgnqj,o6gnk3o1,z27m0y02,None,2
lde3k4e6,x35zgnqj,pdvz2k96,xd17yn7d,o9x4vz7d,3
lde3k4e6,x35zgnqj,46wynndr,q25ggx8d,29vm8139,3
lde3k4e6,x35zgnqj,46we776r,wkpjyl8k,None,1
lde3k4e6,x35zgnqj,46we776r,n2yq1l1k,y9mln0w5,5
lde3k4e6,x35zgnqj,46we776r,n2yq1l1k,5wky3xd4,3
lde3k4e6,x35zgnqj,46we776r,n2yq1l1k,592xy6d6,3
lde3k4e6,x35zgnqj,46we776r,n2yq1l1k,29voqxwv,3
lde3k4e6,x35zgnqj,46we776r,n2yq1l1k,xd4ql8wm,2
lde3k4e6,x35zgnqj,46we776r,n2yq1l1k,xd0z8j9q,2
lde3k4e6,x35zgnqj,46we776r,n2yq1l1k,rw6jz697,2
lde3k4e6,x35zgnqj,46we776r,n2yq1l1k,n936rr90,2
lde3k4e6,x35zgnqj,46wynndr,xk90mnyk,ewp72kkw,3
lde3k4e6,x35zgnqj,46wynndr,xk90mnyk,kwj7glnw,3
lde3k4e6,x35zgnqj,46wynndr,xk90mnyk,5wkkmg2w,3
lde3k4e6,x35zgnqj,268ew4o6,w20w5xzd,None,1
lde3k4e6,x35zgnqj,o6gnk3o1,7kjoj4n2,None,1
lde3k4e6,x35zgnqj,nd2eeeqd,7kjp13nk,None,14
lde3k4e6,x35zgnqj,v1pxvgp6,mkeynjj2,None,3
lde3k4e6,x35zgnqj,9d3vjg6l,jdz9wgr2,ewpp8zyw,6
lde3k4e6,x35zgnqj,j1l754dg,mkermx9d,5wkpx5pd,6
lde3k4e6,x35zgnqj,j1l754dg,mkermx9d,5wkpx5pd,3
lde3k4e6,x35zgnqj,j1l754dg,mkermx9d,5925k239,6
lde3k4e6,x35zgnqj,j1l754dg,mkermx9d,5925k239,3
lde3k4e6,x35zgnqj,3698773d,mkey0nn2,rdn8jl5d,1
lde3k4e6,x35zgnqj,3698773d,mkey0nn2,z98qvzr9,1
lde3k4e6,x35zgnqj,lde7nn13,02q85r72,None,4
lde3k4e6,x35zgnqj,3698773d,mkey0nn2,xd1re6z9,1
lde3k4e6,x35zgnqj,3698773d,mkey0nn2,y9m3qyzw,1
lde3k4e6,x35zgnqj,3698773d,mkey0nn2,ewpymeyw,1
lde3k4e6,x35zgnqj,pdvz2k96,xd17yn7d,69zzvq49,3
lde3k4e6,x35zgnqj,pdvz2k96,xd17yn7d,nwl3vygw,3
lde3k4e6,x35zgnqj,pdvz2k96,xd17yn7d,ywel7j49,3
lde3k4e6,x35zgnqj,46wynndr,xk90mnyk,69zp5olw,4
lde3k4e6,x35zgnqj,46wynndr,xk90mnyk,495k2o09,5
lde3k4e6,x35zgnqj,46wynndr,xk90mnyk,owo7j1o9,3
lde3k4e6,x35zgnqj,46wynndr,xk90mnyk,59206vod,6
lde3k4e6,x35zgnqj,46wynndr,xk90mnyk,29vm8139,4
lde3k4e6,x35zgnqj,46wynndr,xk90mnyk,xd405v29,4
lde3k4e6,x35zgnqj,46wynndr,xk90mnyk,xd0kevx9,5
lde3k4e6,x35zgnqj,46wynndr,xk90mnyk,rw6q7krd,3
lde3k4e6,x35zgnqj,46wynndr,n2yqy58k,None,5
lde3k4e6,x35zgnqj,46wynndr,xk90mnyk,5wkkmg2w,2
lde3k4e6,x35zgnqj,46wynndr,xk90mnyk,59206vod,2
lde3k4e6,x35zgnqj,46wynndr,xk90mnyk,xd405v29,2
lde3k4e6,x35zgnqj,76rxz468,5dw8eldg,None,218
lde3k4e6,x35zgnqj,nd2erm5d,xk9egwg2,None,3
lde3k4e6,x35zgnqj,nd2erm5d,xk9egwg2,None,4
lde3k4e6,x35zgnqj,nd2erm5d,xk9egwg2,None,3
lde3k4e6,x35zgnqj,nd2erm5d,xk9egwg2,None,3
lde3k4e6,x35zgnqj,nd2erm5d,xk9egwg2,None,1
lde3k4e6,x35zgnqj,nd2erm5d,xk9egwg2,None,2
lde3k4e6,x35zgnqj,nd2erm5d,xk9egwg2,None,3
lde3k4e6,x35zgnqj,nd2erm5d,xk9egwg2,None,3
lde3k4e6,x35zgnqj,nd2erm5d,xk9egwg2,None,3
lde3k4e6,x35zgnqj,nd2erm5d,xk9egwg2,None,1
lde3k4e6,x35zgnqj,nd2erm5d,xk9egwg2,None,3
lde3k4e6,x35zgnqj,nd2erm5d,xk9egwg2,None,4
lde3k4e6,x35zgnqj,nd2erm5d,xk9egwg2,None,4
lde3k4e6,x35zgnqj,nd2erm5d,xk9egwg2,None,6
lde3k4e6,x35zgnqj,nd2erm5d,xk9egwg2,None,2
lde3k4e6,x35zgnqj,nd2erm5d,xk9egwg2,None,6
lde3k4e6,x35zgnqj,nd2erm5d,xk9egwg2,None,6
lde3k4e6,x35zgnqj,nd2erm5d,xk9egwg2,None,6
lde3k4e6,x35zgnqj,nd2erm5d,xk9egwg2,None,6
lde3k4e6,x35zgnqj,nd2erm5d,xk9egwg2,None,5
lde3k4e6,x35zgnqj,nd2erm5d,xk9egwg2,None,3
lde3k4e6,x35zgnqj,j1l754dg,5dw8z1gd,xd1xmk59,5
lde3k4e6,x35zgnqj,4d7mnnd7,mke5py9k,n930xp79,3
lde3k4e6,x35zgnqj,4d7mnnd7,mke5py9k,gdrj0v8w,4
lde3k4e6,x35zgnqj,4d7mnnd7,wk6or4qk,None,6
lde3k4e6,x35zgnqj,46wynndr,xk90mnyk,y9m5mk5d,2
lde3k4e6,x35zgnqj,46wynndr,xk90mnyk,y9m5mk5d,3
lde3k4e6,x35zgnqj,y65jv7de,9kvx3me2,None,1
lde3k4e6,x35zgnqj,4d7mnnd7,zdnl9vq2,n930xp79,3
lde3k4e6,x35zgnqj,4d7mnnd7,zdnl9vq2,z98jo07w,1
lde3k4e6,x35zgnqj,4d7mnnd7,zdnl9vq2,ldyervjw,1
lde3k4e6,x35zgnqj,4d7mnnd7,zdnl9vq2,gdrj0v8w,1
lde3k4e6,x35zgnqj,4d7mnnd7,zdnl9vq2,nwl6mvpw,2
lde3k4e6,x35zgnqj,4d7mnnd7,wk6or4qk,None,3
lde3k4e6,x35zgnqj,4d7mnnd7,zdnl9vq2,69zrlv6d,2
lde3k4e6,x35zgnqj,w6jl82ed,7kj65832,5wkn0pvw,1
lde3k4e6,x35zgnqj,w6jl82ed,7kj65832,29vlg2qw,1
lde3k4e6,x35zgnqj,w6jl82ed,7kj65832,o9xz6k3w,1
lde3k4e6,x35zgnqj,w6jl82ed,7kj65832,kwj80309,1
lde3k4e6,x35zgnqj,3698773d,mkey0nn2,5wklg729,1
lde3k4e6,x35zgnqj,3698773d,mkey0nn2,592pv7ow,1
lde3k4e6,x35zgnqj,46wynndr,jdrvv9x2,69zp5olw,2
lde3k4e6,x35zgnqj,j1l754dg,5dw8z1gd,5wkpx5pd,4
lde3k4e6,x35zgnqj,pd0q2231,n2ynpj7k,None,1
lde3k4e6,x35zgnqj,3698773d,mkey0nn2,rdqr23ow,2
lde3k4e6,x35zgnqj,j1l754dg,q251xwdo,None,12
lde3k4e6,x35zgnqj,j1l754dg,vdoory6d,None,9
lde3k4e6,x35zgnqj,j1l754dg,mkermx9d,nwl35qew,5
lde3k4e6,x35zgnqj,j1l754dg,mkermx9d,n93o1vz9,6
lde3k4e6,x35zgnqj,j1l754dg,mkermx9d,rdnn767d,6
lde3k4e6,x35zgnqj,j1l754dg,mkermx9d,69zz5yg9,4
lde3k4e6,x35zgnqj,j1l754dg,mkermx9d,4954233w,7
lde3k4e6,x35zgnqj,9d3vjg6l,vdo45x12,592j487w,4
lde3k4e6,x35zgnqj,9d3vjg6l,vdo45x12,y9me2rzd,5
lde3k4e6,x35zgnqj,9d3vjg6l,vdo45x12,5wk2qnvw,6
lde3k4e6,x35zgnqj,9do8mm1p,rkllonkn,None,860
lde3k4e6,x35zgnqj,o1y9wo6q,n2y55mko,None,667
lde3k4e6,x35zgnqj,y65l9e1e,9kvn143d,None,5
lde3k4e6,x35zgnqj,9do8mm1p,02qx7zky,y9mgvl95,111
lde3k4e6,x35zgnqj,o1y3l46q,w20p63ok,rdno8lvw,34
lde3k4e6,x35zgnqj,pd0ngw1e,q25orzwk,ywe2e57w,174
lde3k4e6,x35zgnqj,9do8mm1p,02qx7zky,y9mgvl95,71
lde3k4e6,x35zgnqj,9d3vjg6l,vdo45x12,495jmrmw,7
lde3k4e6,x35zgnqj,3dxz7p1y,mkex06d6,xd165y9o,307
lde3k4e6,x35zgnqj,o1yp8v1q,xk9lnr4k,None,11
lde3k4e6,x35zgnqj,w6jl82ed,xk9po96d,None,2
lde3k4e6,x35zgnqj,lde7nn13,ndxm3mj2,None,1
lde3k4e6,x35zgnqj,j1l754dg,5dw8z1gd,ewpr31jd,4
lde3k4e6,x35zgnqj,o6gnk3o1,7kjoj4n2,None,1
lde3k4e6,x35zgnqj,9d3rv59d,jdre5jgk,None,1
lde3k4e6,x35zgnqj,pdvzxlv6,7dg0p5gk,None,16
lde3k4e6,x35zgnqj,y65lp31e,q25eg7y2,None,10
lde3k4e6,x35zgnqj,y65lp31e,q25eg7y2,None,53
lde3k4e6,x35zgnqj,j1lmjzdg,7kjg8gzk,None,96
lde3k4e6,x35zgnqj,w6jy076j,wk6p86xd,nwlgl3o9,12
lde3k4e6,x35zgnqj,y65jv7de,w20gp4zk,None,7
lde3k4e6,x35zgnqj,y65jv7de,wk6j6ood,nwl60r0w,9
lde3k4e6,x35zgnqj,y65jv7de,wk6j6ood,ywe406yd,2
lde3k4e6,x35zgnqj,o6gnk3o1,02qrm99k,None,1
lde3k4e6,x35zgnqj,o6gnk3o1,02qrm99k,None,1
lde3k4e6,x35zgnqj,m1mnz9pd,wdmrmx5k,None,1
lde3k4e6,x35zgnqj,m1mnz9pd,vdoyxlo2,owony2kd,4
lde3k4e6,x35zgnqj,m1mnz9pd,vdoyxlo2,xd1rx559,4
lde3k4e6,x35zgnqj,m1mnz9pd,vdoyxlo2,ewpyrqjw,3
lde3k4e6,x35zgnqj,m1mnz9pd,vdoyxlo2,y9m38pxw,3
lde3k4e6,x35zgnqj,m1mnz9pd,vdoyxlo2,5wkoprp9,3
lde3k4e6,x35zgnqj,m1mnz9pd,vdoyxlo2,592l5o3d,3
lde3k4e6,x35zgnqj,m1mnz9pd,vdoyxlo2,29vx2klw,3
lde3k4e6,x35zgnqj,m1mnz9pd,vdoyxlo2,xd4zx3rw,4
lde3k4e6,x35zgnqj,m1mnz9pd,vdoyxlo2,xd0yx74w,3
lde3k4e6,x35zgnqj,m1mnz9pd,vdoyxlo2,rw6x3ngw,3
lde3k4e6,x35zgnqj,m1mnz9pd,vdoyxlo2,z98qn6p9,3
lde3k4e6,x35zgnqj,m1mnz9pd,vdoyxlo2,rdn8n07d,3
lde3k4e6,x35zgnqj,m1mnz9pd,vdoyxlo2,ldy62yr9,3
lde3k4e6,x35zgnqj,m1mnz9pd,vdoyxlo2,gdrl2eld,4
lde3k4e6,x35zgnqj,m1mnz9pd,vdoyxlo2,n93eogzw,3
lde3k4e6,x35zgnqj,m1mnz9pd,vdoyxlo2,z98qn8p9,4
lde3k4e6,x35zgnqj,m1mnz9pd,vdoyxlo2,rdn8np7d,2
lde3k4e6,x35zgnqj,m1mnz9pd,vdoyxlo2,ldy62pr9,3
lde3k4e6,x35zgnqj,m1mnz9pd,vdoyxlo2,nwl137e9,3
lde3k4e6,x35zgnqj,m1mnz9pd,vdoyxlo2,ywegl87d,4
lde3k4e6,x35zgnqj,m1mnz9pd,vdoyxlo2,69zjz4gw,3
lde3k4e6,x35zgnqj,m1mnz9pd,vdoyxlo2,495g483w,4
lde3k4e6,x35zgnqj,m1mnz9pd,vdoyxlo2,rdqrl12w,4
lde3k4e6,x35zgnqj,m1mnz9pd,vdoyxlo2,5d758v6w,3
lde3k4e6,x35zgnqj,m1mnz9pd,vdoyxlo2,gdrl2qld,3
lde3k4e6,x35zgnqj,m1mnz9pd,vdoyxlo2,r9g5x3pd,4
lde3k4e6,x35zgnqj,m1mnz9pd,vdoyxlo2,o9xq4lpw,4
lde3k4e6,x35zgnqj,m1mnz9pd,vdoyxlo2,owony0kd,2
lde3k4e6,x35zgnqj,m1mnz9pd,vdoyxlo2,xd1rx759,2
lde3k4e6,x35zgnqj,m1mnz9pd,vdoyxlo2,ewpyrjjw,3
lde3k4e6,x35zgnqj,m1mnz9pd,vdoyxlo2,y9m38jxw,2
lde3k4e6,x35zgnqj,m1mnz9pd,vdoyxlo2,5wkopjp9,4
lde3k4e6,x35zgnqj,m1mnz9pd,vdoyxlo2,xd4zxjrw,2
lde3k4e6,x35zgnqj,m1mnz9pd,vdoyxlo2,592l5z3d,4
lde3k4e6,x35zgnqj,m1mnz9pd,vdoyxlo2,xd0yxg4w,2
lde3k4e6,x35zgnqj,m1mnz9pd,vdoyxlo2,29vx23lw,4
lde3k4e6,x35zgnqj,m1mnz9pd,vdoyxlo2,kwjjp57w,4
lde3k4e6,x35zgnqj,m1mnz9pd,vdoyxlo2,rw6x34gw,4
lde3k4e6,x35zgnqj,m1mnz9pd,vdoyxlo2,n93eo7zw,3
lde3k4e6,x35zgnqj,m1mnz9pd,zd3qojrk,None,4
lde3k4e6,x35zgnqj,o6glgrnd,w20glvok,None,4
lde3k4e6,x35zgnqj,46we776r,n2yq1l1k,49577mwp,1
lde3k4e6,x35zgnqj,46we776r,n2yq1l1k,kwjnn09g,1
lde3k4e6,x35zgnqj,46we776r,n2yq1l1k,n9366290,2
lde3k4e6,x35zgnqj,46we776r,n2yq1l1k,z9811rwl,1
lde3k4e6,x35zgnqj,y65l9e1e,9d83w932,owo744j9,5
lde3k4e6,x35zgnqj,v1po8286,9d836762,rdn2g45d,1
lde3k4e6,x35zgnqj,9d3vjg6l,vdo45x12,kwjyv80w,4
lde3k4e6,x35zgnqj,9d3vjg6l,n2yqpqzk,None,12
lde3k4e6,x35zgnqj,o6gnk3o1,wk63jopk,None,5
lde3k4e6,x35zgnqj,46wynndr,q25ggx8d,xd405v29,3
lde3k4e6,x35zgnqj,9d3vjg6l,vdo45x12,xd1043z9,4
lde3k4e6,x35zgnqj,9d3vjg6l,vdo45x12,ldye35pw,5
lde3k4e6,x35zgnqj,9d3vjg6l,vdo45x12,z98jmzrw,6
lde3k4e6,x35zgnqj,46w22xq6,wk60qgxk,None,1
lde3k4e6,x35zgnqj,46w22xq6,n2yel68k,None,1
lde3k4e6,x35zgnqj,o6gnk3o1,02qrm99k,None,4
lde3k4e6,x35zgnqj,46w22xq6,wk60qgxk,None,1
lde3k4e6,x35zgnqj,46wkwq6r,jdrlz65d,5d725kvw,20
lde3k4e6,x35zgnqj,pdv2jjk6,w20qq85d,nwl5430d,55
lde3k4e6,x35zgnqj,pdv2jjk6,w20qq85d,yweyxlyd,41
lde3k4e6,x35zgnqj,46wynndr,jdrvv9x2,rdqz82kd,2
lde3k4e6,x35zgnqj,46wynndr,q25ggx8d,rdqz82kd,2
lde3k4e6,x35zgnqj,w6jl82ed,q25xl9vk,None,2
lde3k4e6,x35zgnqj,v1pxlj76,wdm9no5k,None,1
lde3k4e6,x35zgnqj,nd2e9erd,ndx5pwjk,None,22
lde3k4e6,x35zgnqj,nd2e9erd,ndx5pwjk,None,16
lde3k4e6,x35zgnqj,46wy8qdr,5dwy8gek,None,10
lde3k4e6,x35zgnqj,lde7nn13,xd1305zk,rdn0n77w,2
lde3k4e6,x35zgnqj,lde7nn13,xd1305zk,ywe1ly7d,2
lde3k4e6,x35zgnqj,j1l754dg,5dw8z1gd,5d781k6w,2
lde3k4e6,x35zgnqj,j1l754dg,5dw8z1gd,ldy2xnrw,2
lde3k4e6,x35zgnqj,j1l754dg,mkermx9d,xd4x14r9,4
lde3k4e6,x35zgnqj,j1l754dg,mkermx9d,xd4x14r9,4
lde3k4e6,x35zgnqj,w6j0ledj,zdnx6qq2,None,32
lde3k4e6,x35zgnqj,o6glgrnd,w20glvok,None,3
lde3k4e6,x35zgnqj,w6jl82ed,zd3w81nk,None,2
lde3k4e6,x35zgnqj,w6j0ledj,z273j00d,None,35
lde3k4e6,x35zgnqj,nd2erm5d,xk9egwg2,None,16
lde3k4e6,x35zgnqj,nd2erm5d,xk9egwg2,None,7
lde3k4e6,x35zgnqj,nd2erm5d,xk9egwg2,None,3
lde3k4e6,x35zgnqj,nd2erm5d,xk9egwg2,None,7
lde3k4e6,x35zgnqj,nd2erm5d,xk9egwg2,None,3
lde3k4e6,x35zgnqj,nd2erm5d,xk9egwg2,None,3
lde3k4e6,x35zgnqj,m1zovmd0,9d8v94lk,None,423
lde3k4e6,x35zgnqj,o1y9glv6,824j3132,None,22
lde3k4e6,x35zgnqj,46wynndr,q25ggx8d,5wkkmg2w,2
lde3k4e6,x35zgnqj,9d3vjg6l,jdz9wgr2,rdn5qr6d,7
lde3k4e6,x35zgnqj,9d3vjg6l,jdz9wgr2,ldye3j7w,8
lde3k4e6,x35zgnqj,9d3vjg6l,jdz9wgr2,z98jme1w,6
lde3k4e6,x35zgnqj,lde7nn13,xd1305zk,ldyy2xrd,3
lde3k4e6,x35zgnqj,lde7nn13,xd1305zk,69z3z5gd,2
lde3k4e6,x35zgnqj,lde7nn13,xd1305zk,ldyy2xkd,2
lde3k4e6,x35zgnqj,lde7nn13,xd1305zk,z986n3gd,2
lde3k4e6,x35zgnqj,9d3vjg6l,mkewlo8k,o9x2xz3w,4
lde3k4e6,x35zgnqj,9d3vjg6l,vdo45x12,ldye3j7w,11
lde3k4e6,x35zgnqj,9d3vjg6l,vdo45x12,rdn5ql5d,7
lde3k4e6,x35zgnqj,9d3vjg6l,vdo45x12,gdrjy8ew,6
lde3k4e6,x35zgnqj,9d3vjg6l,vdo45x12,ywe4qjld,10
lde3k4e6,x35zgnqj,9d3vjg6l,vdo45x12,rdq0n3ow,8
lde3k4e6,x35zgnqj,9d3vjg6l,vdo45x12,owok3ejd,6
lde3k4e6,x35zgnqj,9d3vjg6l,mkewlo8k,rdn5qr6d,5
lde3k4e6,x35zgnqj,9d3vjg6l,mkewlo8k,ldye3j7w,7
lde3k4e6,x35zgnqj,9d3vjg6l,mkewlo8k,nwl62yow,5
lde3k4e6,x35zgnqj,9d3vjg6l,9d8g3y6k,None,8
lde3k4e6,x35zgnqj,9d3vjg6l,mkewlo8k,rdn5ql5d,4
lde3k4e6,x35zgnqj,y65jv7de,wk6j6ood,ldyeqmkw,4
lde3k4e6,x35zgnqj,y65jv7de,wk6j6ood,ldyeqmkw,7
lde3k4e6,x35zgnqj,9d3vjg6l,mkewlo8k,495jmrmw,5
lde3k4e6,x35zgnqj,y65jv7de,wk6j6ood,n930k6n9,8
lde3k4e6,x35zgnqj,y65jv7de,wk6j6ood,n930k6n9,6
lde3k4e6,x35zgnqj,j1l754dg,5dw8z1gd,xd4x14r9,3
lde3k4e6,x35zgnqj,yd4k87k6,z27wn9zk,495qzn49,6
lde3k4e6,x35zgnqj,9d3vjg6l,jdz9wgr2,rw6vmr69,9
lde3k4e6,x35zgnqj,yd4k87k6,z27wn9zk,r9gmn829,6
lde3k4e6,x35zgnqj,46wynndr,q25ggx8d,o9x1g50d,3
lde3k4e6,x35zgnqj,46wynndr,q25ggx8d,495k2o09,3
lde3k4e6,x35zgnqj,46wynndr,q25ggx8d,kwj7glnw,3
lde3k4e6,x35zgnqj,46wynndr,q25ggx8d,y9m5mk5d,3
lde3k4e6,x35zgnqj,46wynndr,n2yqy58k,None,5
lde3k4e6,x35zgnqj,w6jl82ed,z27m09z2,None,3
lde3k4e6,x35zgnqj,kdkzpjgd,7kj36mg2,None,8
lde3k4e6,x35zgnqj,76rxjeq6,jdzln932,yweyy3yd,3
lde3k4e6,x35zgnqj,pdvz2k96,xd17yn7d,gdr2v8k9,4
lde3k4e6,x35zgnqj,pdvz2k96,xd17yn7d,r9gxoj2w,2
lde3k4e6,x35zgnqj,pdvz2k96,xd17yn7d,owoyve39,1
lde3k4e6,x35zgnqj,pdvz2k96,xd17yn7d,5d7pj4qd,1
lde3k4e6,x35zgnqj,pdvz2k96,xd1ew842,None,6
lde3k4e6,x35zgnqj,76rxjeq6,jdzln932,nwl55z0d,3
lde3k4e6,x35zgnqj,76rxjeq6,jdzln932,69z556l9,4
lde3k4e6,x35zgnqj,o6gnk3o1,7kjoj4n2,None,1
lde3k4e6,x35zgnqj,46w3j571,wk67z3od,None,8
lde3k4e6,x35zgnqj,4d7mnnd7,jdzlvgg2,ywe4v7qd,1
lde3k4e6,x35zgnqj,4d7mnnd7,jdzlvgg2,ldyervjw,1
lde3k4e6,x35zgnqj,4d7mnnd7,jdzlvgg2,z98jo07w,1
lde3k4e6,x35zgnqj,4d7mnnd7,jdzlvgg2,n930xp79,1
lde3k4e6,x35zgnqj,46wynndr,n2yqy58k,None,3
lde3k4e6,x35zgnqj,4d7mnnd7,zdnl9vq2,rdn5mvnd,1
lde3k4e6,x35zgnqj,4d7mnnd7,zdnl9vq2,r9gzmoqd,2
lde3k4e6,x35zgnqj,4d7mnnd7,mke5py9k,rdnlmp6w,3
lde3k4e6,x35zgnqj,46wynndr,xk90mnyk,r9gyl059,6
lde3k4e6,x35zgnqj,46wynndr,02q3j5yk,xd1jmeed,1
lde3k4e6,x35zgnqj,lde7nn13,jdr9o4nd,ldyy2xrd,1
lde3k4e6,x35zgnqj,lde7nn13,jdr9o4nd,rdn0n7qw,1
lde3k4e6,x35zgnqj,lde7nn13,jdr9o4nd,rdn0n77w,1
lde3k4e6,x35zgnqj,lde7nn13,jdr9o4nd,z986n3pd,1
lde3k4e6,x35zgnqj,lde7nn13,02q85r72,None,1
lde3k4e6,x35zgnqj,yd4kgww6,jdrr51nd,o9xy2z7d,4
lde3k4e6,x35zgnqj,pd0q2231,zdnzj87d,rdnmpx69,2
lde3k4e6,x35zgnqj,76rxjeq6,jdzln932,nwl55z0d,4
lde3k4e6,x35zgnqj,76rxjeq6,jdzln932,yweyy3yd,3
lde3k4e6,x35zgnqj,76rxjeq6,jdzln932,69z556l9,3
lde3k4e6,x35zgnqj,76rxjeq6,jdzln932,r9glln5w,3
lde3k4e6,x35zgnqj,76rxjeq6,jdzln932,o9xggo0d,3
lde3k4e6,x35zgnqj,76rxjeq6,jdzln932,49522z09,3
lde3k4e6,x35zgnqj,76rxjeq6,mkerr46d,None,5
lde3k4e6,x35zgnqj,46wynndr,q25ggx8d,5d7y1kgd,2
lde3k4e6,x35zgnqj,76rxjeq6,jdzln932,nwl55z0d,3
lde3k4e6,x35zgnqj,lde7nn13,xd1305zk,n937o1zd,1
lde3k4e6,x35zgnqj,lde7nn13,xd1305zk,ywe1ly7d,2
lde3k4e6,x35zgnqj,lde7nn13,xd1305zk,r9g2xlpd,1
lde3k4e6,x35zgnqj,lde7nn13,rklq5qw2,None,3
lde3k4e6,x35zgnqj,lde7nn13,xd1305zk,rw6431r9,2
lde3k4e6,x35zgnqj,kdkzpjgd,ndx4p3o2,29v5pynd,2
lde3k4e6,x35zgnqj,v1po8286,9kv9mwj2,None,3
lde3k4e6,x35zgnqj,v1po8286,9d836762,owoqx5jd,2
lde3k4e6,x35zgnqj,v1po8286,9d836762,5wk1levd,2
lde3k4e6,x35zgnqj,v1po8286,9d836762,y9m1zgz9,2
lde3k4e6,x35zgnqj,v1po8286,9d836762,ewp05oyd,2
lde3k4e6,x35zgnqj,v1po8286,9d836762,xd181yzw,2
lde3k4e6,x35zgnqj,v1po8286,9d836762,ldy80lpw,1
lde3k4e6,x35zgnqj,v1po8286,9d836762,n93y3z7d,1
lde3k4e6,x35zgnqj,v1po8286,9d836762,z98gl47w,1
lde3k4e6,x35zgnqj,v1po8286,9d836762,rdn2g4nd,1
lde3k4e6,x35zgnqj,o1yp8v1q,xk9lnr4k,None,14
lde3k4e6,x35zgnqj,46wynndr,xk90mnyk,xd1jmeed,3
lde3k4e6,x35zgnqj,w6jl82ed,9d84x0qk,5928mq79,1
lde3k4e6,x35zgnqj,46wynndr,xk90mnyk,5d7y1kgd,3
lde3k4e6,x35zgnqj,46wynndr,jdrvv9x2,xd1jmeed,1
lde3k4e6,x35zgnqj,46wynndr,jdrvv9x2,xd0kevx9,1
lde3k4e6,x35zgnqj,46wynndr,q25ggx8d,xd1jmeed,1
lde3k4e6,x35zgnqj,y65jv7de,wk6j6ood,ywe406yd,2
lde3k4e6,x35zgnqj,46wynndr,q25ggx8d,rdqz82kd,1
lde3k4e6,x35zgnqj,46wynndr,jdrvv9x2,rdqz82kd,1
lde3k4e6,x35zgnqj,w6jl82ed,xk9po96d,None,1
lde3k4e6,x35zgnqj,4d7mnnd7,zdnl9vq2,rdq0mvmw,1
lde3k4e6,x35zgnqj,lde7nn13,02q85r72,None,17
lde3k4e6,x35zgnqj,v1pxlj76,wkp964w2,None,1
lde3k4e6,x35zgnqj,9doxy3dp,02q8w372,gdrqzel9,10
lde3k4e6,x35zgnqj,3698773d,wk6wwex2,None,2
lde3k4e6,x35zgnqj,w6jl82ed,q25xl9vk,None,1
lde3k4e6,x35zgnqj,w6jl82ed,7kj65832,gdr8r2e9,1
lde3k4e6,x35zgnqj,o6gnk3o1,xd118x7d,ewpny6j9,1
lde3k4e6,x35zgnqj,46wynndr,q25ggx8d,r9gyl059,3
lde3k4e6,x35zgnqj,46wynndr,q25ggx8d,n93qx2nw,1
lde3k4e6,x35zgnqj,46wynndr,q25ggx8d,z98ro2gd,1
lde3k4e6,x35zgnqj,y65jv7de,7kjr01z2,z98jp1gw,3
lde3k4e6,x35zgnqj,y65jv7de,wk6j6ood,owok8zod,2
lde3k4e6,x35zgnqj,y65jv7de,wk6j6ood,owok8zod,3
lde3k4e6,x35zgnqj,9dow9rm1,wkp1wrgk,None,19
lde3k4e6,x35zgnqj,lde7nn13,rklq5qw2,None,2
lde3k4e6,x35zgnqj,y65l9e1e,9d83w932,xd40ggq9,2
lde3k4e6,x35zgnqj,w6jl82ed,xk9po96d,None,5
lde3k4e6,x35zgnqj,46wynndr,xk90mnyk,rdqz82kd,6
lde3k4e6,x35zgnqj,46wynndr,02q3j5yk,rdqz82kd,4
lde3k4e6,x35zgnqj,y65jv7de,wk6j6ood,rw6v2jr9,9
lde3k4e6,x35zgnqj,y65jv7de,wk6j6ood,z98jp1gw,7
lde3k4e6,x35zgnqj,y65l9e1e,9d83w932,xd1jllzd,5
lde3k4e6,x35zgnqj,y65l9e1e,9d83w932,kwj7440w,6
lde3k4e6,x35zgnqj,4d7mnnd7,9kvxg802,None,1
lde3k4e6,x35zgnqj,4d7mnnd7,9kvxg802,None,1
lde3k4e6,x35zgnqj,lde7nn13,jdr9o4nd,rw6431r9,1
lde3k4e6,x35zgnqj,lde7nn13,jdr9o4nd,z986n3pd,1
lde3k4e6,x35zgnqj,9d3vjg6l,824g0ve2,None,2
lde3k4e6,x35zgnqj,lde7nn13,jdr9o4nd,rw6431r9,1
lde3k4e6,x35zgnqj,lde7nn13,jdr9o4nd,z986n3gd,1
lde3k4e6,x35zgnqj,lde7nn13,jdr9o4nd,ldyy2xkd,1
lde3k4e6,x35zgnqj,lde7nn13,jdr9o4nd,69z3z5gd,1
lde3k4e6,x35zgnqj,y65jv7de,5dw9x7n2,None,4
lde3k4e6,x35zgnqj,46wynndr,n2yqy58k,None,1
lde3k4e6,x35zgnqj,9d3vjg6l,824g0ve2,None,2
lde3k4e6,x35zgnqj,lde7nn13,w20x3oj2,r9g2xlpd,2
lde3k4e6,x35zgnqj,lde7nn13,w20x3oj2,ldyy2xrd,2
lde3k4e6,x35zgnqj,y65jv7de,wk6j6ood,z98jp1gw,6
lde3k4e6,x35zgnqj,9d3vjg6l,9d8g3y6k,None,4
lde3k4e6,x35zgnqj,ldejjyn1,9kvq30ed,None,4
lde3k4e6,x35zgnqj,j1lq40z6,824l1vwd,None,2
lde3k4e6,x35zgnqj,v1po8286,9d836762,rdq5qood,1
lde3k4e6,x35zgnqj,v1po8286,9d836762,z98gl4rw,1
lde3k4e6,x35zgnqj,v1po8286,9d836762,kwj1r60w,2
lde3k4e6,x35zgnqj,v1po8286,9d836762,5d7zrxqw,2
lde3k4e6,x35zgnqj,m1zjmqx6,7dg4pgld,495yel4w,3
lde3k4e6,x35zgnqj,m1zjmqx6,7dg4pgld,owolrq3w,2
lde3k4e6,x35zgnqj,m1zjmqx6,7dg4pgld,n938ryrw,2
lde3k4e6,x35zgnqj,m1zjmqx6,7dg4pgld,gdrgzykw,2
lde3k4e6,x35zgnqj,m1zjmqx6,z27o014d,None,3
lde3k4e6,x35zgnqj,ldez2xd3,q25gpevd,None,12
lde3k4e6,x35zgnqj,j1l754dg,mkermx9d,ewpr31jd,6
lde3k4e6,x35zgnqj,j1l754dg,mkermx9d,ewpr31jd,5
lde3k4e6,x35zgnqj,kdkzpjgd,9kv9j8e2,592nl1o9,3
lde3k4e6,x35zgnqj,kdkzpjgd,ndx4p3o2,592nl1o9,4
lde3k4e6,x35zgnqj,kdkzpjgd,ndx4p3o2,rw6eyv7d,2
lde3k4e6,x35zgnqj,kdkzpjgd,ndx4p3o2,y9m1ze19,2
lde3k4e6,x35zgnqj,kdkzpjgd,ndx4p3o2,xd4r86p9,1
lde3k4e6,x35zgnqj,4d7mnnd7,zdnl9vq2,ywe4v7qd,3
lde3k4e6,x35zgnqj,9d3vjg6l,jdz9wgr2,5d772eqd,2
lde3k4e6,x35zgnqj,9d3rn00d,ndx45152,None,131
lde3k4e6,x35zgnqj,j1l754dg,mkermx9d,xd1xmk59,6
lde3k4e6,x35zgnqj,j1l754dg,mkermx9d,xd1xmk59,6
lde3k4e6,x35zgnqj,9d3vjg6l,vdo45x12,o9x2xz3w,5
lde3k4e6,x35zgnqj,9d3vjg6l,vdo45x12,29vyzlq9,3
lde3k4e6,x35zgnqj,9d3vjg6l,vdo45x12,n930m8r9,8
lde3k4e6,x35zgnqj,9d3vjg6l,vdo45x12,z98jme1w,5
lde3k4e6,x35zgnqj,9d3vjg6l,vdo45x12,rdn5qr6d,9
lde3k4e6,x35zgnqj,9d3vjg6l,vdo45x12,r9gz7jjd,9
lde3k4e6,x35zgnqj,46wynndr,q25ggx8d,ewp72kkw,3
lde3k4e6,x35zgnqj,46wynndr,7kjvnpxk,None,3
lde3k4e6,x35zgnqj,46wynndr,q25ggx8d,owo7j1o9,5
lde3k4e6,x35zgnqj,lde7nn13,02q85r72,None,22
lde3k4e6,x35zgnqj,9d3vjg6l,9d8g3y6k,None,5
lde3k4e6,x35zgnqj,lde7nn13,02q85r72,None,8
lde3k4e6,x35zgnqj,lde7nn13,jdr9o4nd,rw6431r9,3
lde3k4e6,x35zgnqj,lde7nn13,jdr9o4nd,ldyy2xrd,6
lde3k4e6,x35zgnqj,ldejjyn1,wkp9lpj2,None,1
lde3k4e6,x35zgnqj,ldejjyn1,wk60gmok,None,1
lde3k4e6,x35zgnqj,w6jl82ed,9d84x0qk,kwj80p09,2
lde3k4e6,x35zgnqj,w6jl82ed,9d84x0qk,5d7ep8qw,2
lde3k4e6,x35zgnqj,w6jl82ed,9d84x0qk,rdq3ylow,2
lde3k4e6,x35zgnqj,w6jl82ed,9d84x0qk,495rp4md,1
lde3k4e6,x35zgnqj,w6jl82ed,9d84x0qk,o9xz643w,2
lde3k4e6,x35zgnqj,w6jl82ed,9d84x0qk,r9gj6xj9,2
lde3k4e6,x35zgnqj,w6jl82ed,9d84x0qk,69zq7zx9,2
lde3k4e6,x35zgnqj,w6jl82ed,9d84x0qk,ywej0lld,2
lde3k4e6,x35zgnqj,w6jl82ed,9d84x0qk,nwly03o9,2
lde3k4e6,x35zgnqj,w6jl82ed,9d84x0qk,rdnl3n5w,2
lde3k4e6,x35zgnqj,w6jl82ed,9d84x0qk,z98zpnr9,1
lde3k4e6,x35zgnqj,w6jl82ed,9d84x0qk,n93nko2w,2
lde3k4e6,x35zgnqj,w6jl82ed,9d84x0qk,rw6l2opw,3
lde3k4e6,x35zgnqj,w6jl82ed,9d84x0qk,xd02pqm9,2
lde3k4e6,x35zgnqj,w6jl82ed,9d84x0qk,xd4yp2qd,2
lde3k4e6,x35zgnqj,w6jl82ed,9d84x0qk,29vlg7qw,2
lde3k4e6,x35zgnqj,w6jl82ed,9d84x0qk,5wkn06vw,3
lde3k4e6,x35zgnqj,w6jl82ed,zd3w81nk,None,2
lde3k4e6,x35zgnqj,y65jv7de,w20gp4zk,None,4
lde3k4e6,x35zgnqj,4d7mnnd7,zdnl9vq2,o9x2yv6w,2
lde3k4e6,x35zgnqj,9d3vjg6l,jdz9wgr2,owok3ejd,5
lde3k4e6,x35zgnqj,lde7nn13,xd1305zk,n937o1zd,2
lde3k4e6,x35zgnqj,lde7nn13,w20x3oj2,ywe1ly7d,2
lde3k4e6,x35zgnqj,y65jv7de,wk6j6ood,69zr7kld,4
lde3k4e6,x35zgnqj,lde7nn13,w20x3oj2,rw6431r9,2
lde3k4e6,x35zgnqj,lde7nn13,w20x3oj2,z986n3gd,2
lde3k4e6,x35zgnqj,v1pxlj76,q25xlzyk,owo8noyd,2
lde3k4e6,x35zgnqj,j1l754dg,5dw8z1gd,z98n3yp9,3
lde3k4e6,x35zgnqj,w6jl82ed,xk9po96d,None,2
lde3k4e6,x35zgnqj,4d7mnnd7,zdnl9vq2,5d77j05d,2
lde3k4e6,x35zgnqj,4d7mnnd7,zdnl9vq2,5d7xx2g9,3
lde3k4e6,x35zgnqj,j1l754dg,mkermx9d,rdql8p2w,5
lde3k4e6,x35zgnqj,j1l754dg,5dw8z1gd,rdql8p2w,1
lde3k4e6,x35zgnqj,pd0lowde,wkpj0vvk,None,190
lde3k4e6,x35zgnqj,y65jv7de,wk6j6ood,ywe406yd,7
lde3k4e6,x35zgnqj,9d3vjg6l,02q3v17k,rw6vmr69,4
lde3k4e6,x35zgnqj,46wynndr,n2yqy58k,None,2
lde3k4e6,x35zgnqj,9d3vjg6l,jdz9wgr2,nwl62yow,4
lde3k4e6,x35zgnqj,9d3vjg6l,jdz9wgr2,rw6vmr69,4
lde3k4e6,x35zgnqj,9d3vjg6l,jdz9wgr2,n930m8r9,5
lde3k4e6,x35zgnqj,9d3vjg6l,jdz9wgr2,ldye35pw,2
lde3k4e6,x35zgnqj,o6gnk3o1,xk9po14d,None,1
lde3k4e6,x35zgnqj,o6gnk3o1,zd3v3m82,rdn38v7w,1
lde3k4e6,x35zgnqj,o6gnk3o1,zd3v3m82,ldyq6vrw,1
lde3k4e6,x35zgnqj,j1l754dg,mkermx9d,y9m867xd,7
lde3k4e6,x35zgnqj,j1l754dg,mkermx9d,29v264ld,7
lde3k4e6,x35zgnqj,j1l754dg,mkermx9d,xd0x1m4d,5
lde3k4e6,x35zgnqj,j1l754dg,mkermx9d,rw6318gw,6
lde3k4e6,x35zgnqj,j1l754dg,mkermx9d,gdr2nml9,7
lde3k4e6,x35zgnqj,j1l754dg,mkermx9d,ywelyr79,5
lde3k4e6,x35zgnqj,j1l754dg,mkermx9d,r9gxlepw,6
lde3k4e6,x35zgnqj,lde7nn13,jdr9o4nd,n937o1zd,1
lde3k4e6,x35zgnqj,w6jl82ed,02q917yk,None,1
lde3k4e6,x35zgnqj,46wynndr,xk90mnyk,o9x1g50d,5
lde3k4e6,x35zgnqj,9d3vjg6l,jdz9wgr2,owok3ejd,2
lde3k4e6,x35zgnqj,9d3vjg6l,jdz9wgr2,5d772eqd,1
lde3k4e6,x35zgnqj,9d3vjg6l,jdz9wgr2,495jmrmw,1
lde3k4e6,x35zgnqj,46wynndr,q25ggx8d,59206vod,3
lde3k4e6,x35zgnqj,46wynndr,q25ggx8d,69zp5olw,3
lde3k4e6,x35zgnqj,46wynndr,q25ggx8d,rw6q7krd,2
lde3k4e6,x35zgnqj,4d7mnnd7,9kvxg802,None,6
lde3k4e6,x35zgnqj,4d7mnnd7,9kvxg802,None,5
lde3k4e6,x35zgnqj,9d3vjg6l,n2yqpqzk,None,4
lde3k4e6,x35zgnqj,kdkzpjgd,ndx4p3o2,5wk1ov2d,4
lde3k4e6,x35zgnqj,lde3k4e6,z27ojz0d,None,4
lde3k4e6,x35zgnqj,lde7nn13,jdr9o4nd,r9g2xlpd,3
lde3k4e6,x35zgnqj,lde7nn13,02q85r72,None,10
lde3k4e6,x35zgnqj,lde7nn13,02q85r72,None,5
lde3k4e6,x35zgnqj,o6gnk3o1,7kjoj4n2,None,2
lde3k4e6,x35zgnqj,y65jv7de,jdz54ogd,None,3
lde3k4e6,x35zgnqj,w6jl82ed,02q917yk,None,1
lde3k4e6,x35zgnqj,46wynndr,xk90mnyk,z98ro2gd,4
lde3k4e6,x35zgnqj,9d3vjg6l,mkewlo8k,ldye35pw,6
lde3k4e6,x35zgnqj,lde7nn13,jdr9o4nd,gdre2nl9,5
lde3k4e6,x35zgnqj,lde7nn13,jdr9o4nd,ywe1ly7d,2
lde3k4e6,x35zgnqj,lde7nn13,02q85r72,None,16
lde3k4e6,x35zgnqj,y65jv7de,wk6j6ood,69z8jyo9,2
lde3k4e6,x35zgnqj,y65jv7de,wk6j6ood,r9g750k9,4
lde3k4e6,x35zgnqj,y65jv7de,wk6j6ood,69z8jyo9,2
lde3k4e6,x35zgnqj,y65jv7de,wk6j6ood,r9g750k9,3
lde3k4e6,x35zgnqj,v1pxlj76,rkl97mrk,None,2
lde3k4e6,x35zgnqj,y65jv7de,wk6j6ood,o9xxq519,5
lde3k4e6,x35zgnqj,3698773d,n2yrr07d,None,1
lde3k4e6,x35zgnqj,9d3rg5wd,zdnl51n2,None,4
lde3k4e6,x35zgnqj,om1mx362,zd3qprkn,ywennlwl,67
lde3k4e6,x35zgnqj,o6glgrnd,w20glvok,None,4
lde3k4e6,x35zgnqj,lde7nn13,ndxm3mj2,None,3
lde3k4e6,x35zgnqj,46wynndr,7kjvnpxk,None,4
lde3k4e6,x35zgnqj,ldez2xd3,jdrv0o52,None,7
lde3k4e6,x35zgnqj,yd4oggg1,n2y39omd,None,6
lde3k4e6,x35zgnqj,lde7nn13,w20x3oj2,ldyy2xkd,2
lde3k4e6,x35zgnqj,lde7nn13,02q85r72,None,23
lde3k4e6,x35zgnqj,w6jl82ed,z27m09z2,None,3
lde3k4e6,x35zgnqj,46wynndr,xk90mnyk,rw6q7krd,3
lde3k4e6,x35zgnqj,lde7nn13,w20x3oj2,rdn0n7qw,2
lde3k4e6,x35zgnqj,46wynndr,q25ggx8d,rw6q7krd,4
lde3k4e6,x35zgnqj,46wynndr,xk90mnyk,29vm8139,3
lde3k4e6,x35zgnqj,46wynndr,xk90mnyk,xd0kevx9,3
lde3k4e6,x35zgnqj,46wynndr,xk90mnyk,69zp5olw,5
lde3k4e6,x35zgnqj,9d3vjg6l,jdz9wgr2,5wk2qnvw,4
lde3k4e6,x35zgnqj,9d3vjg6l,mkewlo8k,rdq0n3ow,3
lde3k4e6,x35zgnqj,9d3vjg6l,jdz9wgr2,n930m8r9,8
lde3k4e6,x35zgnqj,9d3vjg6l,jdz9wgr2,n930mn29,7
lde3k4e6,x35zgnqj,9d3vjg6l,jdz9wgr2,z98jmzrw,8
lde3k4e6,x35zgnqj,9d3vjg6l,jdz9wgr2,rdn5ql5d,6
lde3k4e6,x35zgnqj,9d3vjg6l,jdz9wgr2,ldye35pw,6
lde3k4e6,x35zgnqj,9d3vjg6l,jdz9wgr2,gdrjy8ew,6
lde3k4e6,x35zgnqj,9d3vjg6l,jdz9wgr2,ywe4qjld,6
lde3k4e6,x35zgnqj,9d3vjg6l,jdz9wgr2,69zr8qxd,5
lde3k4e6,x35zgnqj,9d3vjg6l,jdz9wgr2,r9gz7jjd,6
lde3k4e6,x35zgnqj,9d3vjg6l,jdz9wgr2,o9x2xz3w,5
lde3k4e6,x35zgnqj,9d3vjg6l,jdz9wgr2,495jmrmw,5
lde3k4e6,x35zgnqj,j1l754dg,mkermx9d,z98n3yp9,3
lde3k4e6,x35zgnqj,j1l754dg,mkermx9d,ldy2xnrw,5
lde3k4e6,x35zgnqj,9d3vjg6l,jdz9wgr2,kwjyv80w,4
lde3k4e6,x35zgnqj,9d3vjg6l,jdz9wgr2,xd1043z9,5
lde3k4e6,x35zgnqj,9d3vjg6l,wk6rrprk,xd1043z9,2
lde3k4e6,x35zgnqj,9d3vjg6l,wk6rrprk,kwjyv80w,2
lde3k4e6,x35zgnqj,9d3vjg6l,wk6rrprk,5d772eqd,2
lde3k4e6,x35zgnqj,9d3vjg6l,9d85zl3d,None,2
lde3k4e6,x35zgnqj,9d3vjg6l,jdz9wgr2,rdq0n3ow,5
lde3k4e6,x35zgnqj,9d3vjg6l,wk6rrprk,rdq0n3ow,2
lde3k4e6,x35zgnqj,9d3vjg6l,wk6rrprk,nwl62yow,2
lde3k4e6,x35zgnqj,9d3vjg6l,wk6rrprk,n930m8r9,3
lde3k4e6,x35zgnqj,9d3vjg6l,wk6rrprk,rdn5qr6d,3
lde3k4e6,x35zgnqj,9d3vjg6l,wk6rrprk,ldye3j7w,3
lde3k4e6,x35zgnqj,9d3vjg6l,wk6rrprk,n930mn29,2
lde3k4e6,x35zgnqj,9d3vjg6l,wk6rrprk,z98jmzrw,2
lde3k4e6,x35zgnqj,9d3vjg6l,wk6rrprk,rdn5ql5d,2
lde3k4e6,x35zgnqj,9d3vjg6l,wk6rrprk,ldye35pw,2
lde3k4e6,x35zgnqj,9d3vjg6l,wk6rrprk,gdrjy8ew,2
lde3k4e6,x35zgnqj,9d3vjg6l,wk6rrprk,ywe4qjld,2
lde3k4e6,x35zgnqj,9d3vjg6l,wk6rrprk,69zr8qxd,2
lde3k4e6,x35zgnqj,9d3vjg6l,wk6rrprk,r9gz7jjd,2
lde3k4e6,x35zgnqj,9d3vjg6l,wk6rrprk,o9x2xz3w,2
lde3k4e6,x35zgnqj,9d3vjg6l,wk6rrprk,495jmrmw,2
lde3k4e6,x35zgnqj,9d3vjg6l,wk6rrprk,owok3ejd,2
lde3k4e6,x35zgnqj,9d3vjg6l,wk6rrprk,ewpp8zyw,2
lde3k4e6,8geolq1j,k6qokx1g,5dw143gk,None,2
lde3k4e6,8geolq1j,lde3k4e6,7kjong42,None,1
lde3k4e6,8geolq1j,lde3k4e6,xd1gyj8d,None,1
lde3k4e6,8geolq1j,lde3k4e6,7kjong42,None,2
lde3k4e6,8geolq1j,pdvzjzv6,jdz6ew32,5d7e6jew,1
lde3k4e6,8geolq1j,pdvzjzv6,jdz6ew32,5d7e6jew,1
lde3k4e6,8geolq1j,pdvzjzv6,wk6vgood,None,2
lde3k4e6,8geolq1j,m1mxxw46,9kv98382,None,62
lde3k4e6,8geolq1j,m1mxxw46,7kj3wl42,None,186
lde3k4e6,8geolq1j,m1mxxw46,7kjp3wzk,None,213
lde3k4e6,8geolq1j,76r55vd8,w20w1lzd,None,3215
lde3k4e6,8geolq1j,j1l754dg,vdoory6d,None,12
lde3k4e6,8geolq1j,kdkpol1m,5dw5x3ed,None,4
lde3k4e6,8ge6w47j,o6gxkxd2,wk61z4od,None,1
lde3k4e6,8ge6w47j,o6gxkxd2,jdr71ox2,69z4gvxw,11
lde3k4e6,8ge6w47j,46w2mzn6,z279q1zd,None,2
lde3k4e6,8ge6w47j,lde3m3l6,9d86m3l2,None,2
lde3k4e6,8ge6w47j,j1lq53v6,z279xn4d,None,1
lde3k4e6,8ge6w47j,pdv2eqk6,xd1qp382,None,1
lde3k4e6,8ge6w47j,3dxkor51,wkprzqv2,None,1
lde3k4e6,8ge6w47j,w6j75x56,wk64yjed,None,1
lde3k4e6,8ge6w47j,o6gn5ox1,w205o0zd,None,1
lde3k4e6,8ge6w47j,9d38xyy1,n2yml5m2,None,1
lde3k4e6,8ge6w47j,4d7nre36,xk996n6k,None,1
lde3k4e6,8ge6w47j,w6j7xo46,9kvll332,None,1
lde3k4e6,8ge6w47j,o6gn5k91,vdongq1k,None,1
lde3k4e6,8ge6w47j,w6j7xo46,n2yrm7zd,None,1
lde3k4e6,8ge6w47j,9do85o71,7dg77vgd,None,1
lde3k4e6,8ge6w47j,9do8gq31,9kvllxj2,None,1
lde3k4e6,8ge6w47j,nd28qvvd,zd3rryyd,None,1
lde3k4e6,8ge6w47j,m1z4ox60,wk60jpxk,None,1
lde3k4e6,8ge6w47j,j1nenx1p,5dwp79ek,y9mejk0d,4
lde3k4e6,8ge6w47j,3698k92d,vdon3l1k,None,1
lde3k4e6,8ge6w47j,46wynndr,q25ggx8d,rdqz82kd,1
lde3k4e6,8ge6w47j,nd2e25qd,zdnxp6x2,None,4
lde3k4e6,8ge6w47j,j1nenx1p,5dwp79ek,xd107vy9,4
lde3k4e6,8ge6w47j,k6qwoj06,824966nd,None,1
lde3k4e6,8ge6w47j,w6jl82ed,wk6414rd,None,1
lde3k4e6,8ge6w47j,3dxkr241,wkprqj82,None,1
lde3k4e6,8ge6w47j,k6qwo406,ndx0pjvd,None,1
lde3k4e6,8ge6w47j,pd0wx9w1,zd36l5rd,None,2489
lde3k4e6,8ge6w47j,yd4kqwg6,q2590qjk,None,1
lde3k4e6,8ge6w47j,j1nexpw1,9kvox932,None,2
lde3k4e6,8ge6w47j,9do897o1,7dg1qv7d,None,2
lde3k4e6,8ge6w47j,v1pxqvp6,wdmmemxd,None,1
lde3k4e6,8ge6w47j,pd0qryl1,xd1w0qr2,None,2
lde3k4e6,8ge6w47j,nd28053d,xk95qnv2,None,1
lde3k4e6,8ge6w47j,o1yjw041,vdopwo62,None,1
lde3k4e6,8ge6w47j,36983rld,xd1wno42,None,1
lde3k4e6,8ge6w47j,76r3npq6,9d85083d,None,1
lde3k4e6,8ge6w47j,m1zkw4z1,n2yry3ed,None,1
lde3k4e6,8ge6w47j,46w2wz36,9d8l81w2,None,1
lde3k4e6,8ge6w47j,v1px0876,5dwqz6ed,None,1
lde3k4e6,8ge6w47j,y655g846,7kjlw8n2,None,2
lde3k4e6,8ge6w47j,o1yjp821,5dwqz9ed,None,1
lde3k4e6,8ge6w47j,o1yjp821,7dg1px7d,None,2
lde3k4e6,8ge6w47j,76r3ox46,9d8lwvq2,None,1
lde3k4e6,8ge6w47j,76r3ox46,w20n4gvd,None,1
lde3k4e6,8ge6w47j,yd4k3w56,mkewqz6k,None,2
lde3k4e6,8ge6w47j,kdkmpz21,jdrw8j0k,None,1
lde3k4e6,8ge6w47j,kdkmpz21,jdzro1x2,None,1
lde3k4e6,8ge6w47j,o1yj7gr1,n2yrm1md,None,2
lde3k4e6,8ge6w47j,pd0q3801,vdopn3y2,None,1
lde3k4e6,8ge6w47j,y655gm36,zdno7xe2,None,2
lde3k4e6,8ge6w47j,w6j7xo46,n2yrm7zd,None,1
lde3k4e6,8ge6w47j,9d38qzw1,zdnooyq2,None,1
lde3k4e6,8ge6w47j,kdkmowe1,7dg17z4d,None,1
lde3k4e6,8ge6w47j,9d38qng1,ndxrr81d,None,1
lde3k4e6,8ge6w47j,j1lqmee6,wk6rrwxk,None,1
lde3k4e6,8ge6w47j,268wmqk6,xd1wqrr2,None,1
lde3k4e6,8ge6w47j,4d7nomg6,9kvrrxj2,None,1
lde3k4e6,8ge6w47j,j1n8xv91,wdmmm5od,None,1
lde3k4e6,8ge6w47j,y65kv46e,jdzlq9r2,None,2
lde3k4e6,8ge6w47j,pd0q2231,9d85oyld,None,2
lde3k4e6,8ge6w47j,v1pxlj76,mkex8mnd,None,1
lde3k4e6,8ge6w47j,v1pxlj76,q25xlzyk,o9x6q519,1
lde3k4e6,8ge6w47j,kyd4pxde,zdnwj6ed,None,9
lde3k4e6,8ge6w47j,kyd4pxde,zdnwj6ed,None,16
lde3k4e6,8ge6w47j,76r320e6,jdzr9332,None,1
lde3k4e6,8ge6w47j,pdv28ko6,zdnoxg72,None,1
lde3k4e6,8ge6w47j,268wnj56,jdrwe45k,None,1
lde3k4e6,8ge6w47j,w6j7zw76,jdrweolk,None,2
lde3k4e6,8ge6w47j,j1newzw1,zd3x8yyd,None,3
lde3k4e6,8ge6w47j,kdkm0ox1,w20evw5d,None,1
lde3k4e6,8ge6w47j,268wn096,xd1wle42,None,1
lde3k4e6,8ge6w47j,o6glgrnd,wkp17m8k,ewp432jw,1
lde3k4e6,8ge6w47j,o6glgrnd,w20glvok,None,1
lde3k4e6,8ge6w47j,w6jl82ed,z27m09z2,None,1
lde3k4e6,8ge6w47j,46w2ol96,7dg198pd,None,1
lde3k4e6,8ge6w47j,268wn5y6,wkpgo8gk,None,1
lde3k4e6,8ge6w47j,9d38ve91,zdno4992,None,1
lde3k4e6,8ge6w47j,m1mn0oxd,9kvrmgj2,None,1
lde3k4e6,8ge6w47j,3dxkzng1,wk6we7q2,None,1
lde3k4e6,8ge6w47j,268wn976,02qe8zy2,None,1
lde3k4e6,8ge6w47j,pd0ql0w1,02qrwpyk,None,1
lde3k4e6,8ge6w47j,pdv282r6,wdmm4ved,None,1
lde3k4e6,8ge6w47j,46w2v776,zd350pvk,None,1
lde3k4e6,8ge6w47j,46w0n91r,5dwy905k,None,27
lde3k4e6,8ge6w47j,46w0n91r,mkejvej2,None,43
lde3k4e6,8ge6w47j,46w0n91r,mkejvej2,None,24
lde3k4e6,8ge6w47j,46w0n91r,5dwy905k,None,19
lde3k4e6,8ge6w47j,46w0n91r,5dwy905k,None,15
lde3k4e6,8ge6w47j,46w0n91r,mkejvej2,None,23
lde3k4e6,8ge6w47j,o1yjy5k1,wdmremxk,n933gmr9,1
lde3k4e6,8ge6w47j,pd0qy7l1,jdrnzxnk,None,5
lde3k4e6,8ge6w47j,m1mn2oxd,wdmrev4k,None,2
lde3k4e6,8ge6w47j,o6gxkxd2,wk61z4od,None,1
lde3k4e6,8ge6w47j,k6q4rqzd,9kv7gzok,ywey1vld,1
lde3k4e6,8ge6w47j,k6q4rqzd,zd38mevk,ywey1vld,1
lde3k4e6,8ge6w47j,4d7n3vr6,zd3qelnk,None,3
lde3k4e6,8ge6w47j,ldejnw51,9d8lwql2,None,1
lde3k4e6,8ge6w47j,j1l754dg,mkermx9d,ldy2xnrw,6
lde3k4e6,8ge6w47j,o6glgrnd,w20glvok,None,5
lde3k4e6,8ge6w47j,3dxkq3y1,z27vzoz2,None,2
lde3k4e6,8ge6w47j,46w2wr36,9kvngl8d,None,1
lde3k4e6,8ge6w47j,j1ll7371,5dw8jn0d,None,1
lde3k4e6,8ge6w47j,o1yjn241,zdny3q7k,None,1
lde3k4e6,8ge6w47j,w6j74ox6,7kj9yrg2,None,1
lde3k4e6,8ge6w47j,m1mnwvkd,02qrxjzk,None,1
lde3k4e6,8ge6w47j,y6552me6,7dgyeg4d,None,1
lde3k4e6,8ge6w47j,9do8yvm1,mkey8mn2,None,1
lde3k4e6,8ge6w47j,y6553p36,xd15o472,None,1
lde3k4e6,8ge6w47j,pd0ql0w1,wdmr7e4k,None,1
lde3k4e6,8ge6w47j,k6qwye06,9kvn36od,None,1
lde3k4e6,8ge6w47j,9d382mw1,5dwnm00d,None,1
lde3k4e6,8ge6w47j,o6gnv291,ndxn0gjk,None,1
lde3k4e6,8ge6w47j,o1yjzxr1,vdoyne92,None,1
lde3k4e6,8ge6w47j,j1n8yvx1,xd15qzw2,None,1
lde3k4e6,8ge6w47j,pd0qlv01,02qr79jk,None,1
lde3k4e6,8ge6w47j,9d38ljw1,02qr7jyk,None,1
lde3k4e6,8ge6w47j,9d38ljw1,82489pwk,None,1
lde3k4e6,8ge6w47j,9d38ljw1,zd3qrlyk,5wko0qp9,1
lde3k4e6,8ge6w47j,9d38ljw1,zd3qrlyk,592lm43d,1
lde3k4e6,8ge6w47j,9d38ljw1,zd3qrlyk,29vxgzlw,1
lde3k4e6,8ge6w47j,9d38ljw1,zd3qrlyk,xd4zpkrw,1
lde3k4e6,8ge6w47j,9d38ljw1,zd3qrlyk,xd0yp44w,1
lde3k4e6,8ge6w47j,9d38ljw1,zd3qrlyk,rw6x2mgw,1
lde3k4e6,8ge6w47j,9d38ljw1,zd3qrlyk,n93ekmzw,1
lde3k4e6,8ge6w47j,9d38ljw1,zd3qrlyk,z98qpmp9,1
lde3k4e6,8ge6w47j,w6j7yw76,z27v5852,None,1
lde3k4e6,8ge6w47j,m1mx9lx6,9kv9vw32,None,1
lde3k4e6,8ge6w47j,m1mx9lx6,ndx4xyv2,None,1
lde3k4e6,8ge6w47j,268wvk56,xk9xxmvk,None,2
lde3k4e6,8ge6w47j,pd0w2v1e,q253jyko,None,16
lde3k4e6,8ge6w47j,lde33ee6,jdzw376d,None,1
lde3k4e6,8ge6w47j,9do8ywm1,7dgyxj4d,None,2
lde3k4e6,8ge6w47j,9do8ywm1,wkpn9xvd,None,1
lde3k4e6,8ge6w47j,j1lqy7z6,wkpn5mgd,None,1
lde3k4e6,8ge6w47j,pd0w2v1e,xk98w420,None,64
lde3k4e6,8ge6w47j,y65535e6,wdmr9g4k,None,1
lde3k4e6,8ge6w47j,v1pxyyz6,9kvnnl3d,5d752oqw,1
lde3k4e6,8ge6w47j,v1pxyyz6,zd3qqrrk,None,1
lde3k4e6,8ge6w47j,yd4kzlx6,9d8lox62,None,1
lde3k4e6,8ge6w47j,kdkpgx1m,5dwp8jgk,None,1
lde3k4e6,8ge6w47j,om1m5kd2,jdz58gdv,None,33
lde3k4e6,8ge6w47j,m1zkm831,zd3qo9nk,None,2
lde3k4e6,8ge6w47j,om1m5kd2,xk9lg6k0,None,36
lde3k4e6,8ge6w47j,9do83231,xd15g1w2,None,2
lde3k4e6,8ge6w47j,om1m5kd2,q254qvdo,None,24
lde3k4e6,8ge6w47j,om1m5kd2,02qjoydy,None,29
lde3k4e6,8ge6w47j,lde3rqx6,z27w80gk,rdq3onmw,1
lde3k4e6,8ge6w47j,lde3rqx6,z27w80gk,ywej3qqd,1
lde3k4e6,8ge6w47j,v1pxyyz6,9kvnnl3d,xd4zklqw,1
lde3k4e6,8ge6w47j,v1pxyyz6,9kvnnl3d,592l4y7d,1
lde3k4e6,8ge6w47j,v1pxyyz6,9kvnnl3d,29vxzqqw,1
lde3k4e6,8ge6w47j,nd28zzqd,zd3q8nyk,None,2
lde3k4e6,8ge6w47j,k6qwzrm6,9kvn7l0d,None,1
lde3k4e6,8ge6w47j,om1m5kd2,824p6w25,None,24
lde3k4e6,8ge6w47j,9doye36p,7kjv3yxk,None,114
lde3k4e6,8ge6w47j,om1m5kd2,9d8vg7kn,None,25
lde3k4e6,8ge6w47j,om1m5kd2,jdrpx526,None,20
lde3k4e6,8ge6w47j,nd28ngqd,zdnymrxk,rdnm30n9,1
lde3k4e6,8ge6w47j,369889ld,9d8ow9l2,None,7
lde3k4e6,8ge6w47j,om1m5kd2,z2776z20,None,29
lde3k4e6,8ge6w47j,pdv2jjk6,wkp559wd,None,5
lde3k4e6,8ge6w47j,m1mnzrkd,jdrn9egk,None,1
lde3k4e6,8ge6w47j,m1z4ox60,824myrm2,None,1
lde3k4e6,8ge6w47j,ldejkon1,jdznpv6d,None,2
lde3k4e6,8ge6w47j,o1yj5kr1,xd153vz2,None,2
lde3k4e6,8ge6w47j,9do84e71,zd3qlxek,None,1
lde3k4e6,8ge6w47j,o6gn7451,wk6318ok,None,1
lde3k4e6,8ge6w47j,36985mld,n2ynjg7k,None,1
lde3k4e6,8ge6w47j,pdv2rm46,rklnexn2,None,2
lde3k4e6,8ge6w47j,9d38eyg1,8248xzwk,None,1
lde3k4e6,8ge6w47j,9do843k1,z27vpez2,None,1
lde3k4e6,8ge6w47j,nd28ngqd,zdnymrxk,z98op67d,1
lde3k4e6,8ge6w47j,yd4k87k6,xk9wq962,None,3
lde3k4e6,8ge6w47j,yd4k87k6,z27wn9zk,r9gmn829,2
lde3k4e6,8ge6w47j,yd4k87k6,z27wn9zk,o9xyo07d,4
lde3k4e6,8ge6w47j,yd4k87k6,z27wn9zk,495qzn49,4
lde3k4e6,8ge6w47j,yd4k87k6,z27wn9zk,rdqmoqg9,4
lde3k4e6,8ge6w47j,yd4k87k6,z27wn9zk,5d7jxred,4
lde3k4e6,8ge6w47j,yd4k87k6,z27wn9zk,kwjk6r19,5
lde3k4e6,8ge6w47j,yd4k87k6,z27wn9zk,owom5x39,5
lde3k4e6,8ge6w47j,yd4k87k6,z27wn9zk,xd1zy1yw,5
lde3k4e6,8ge6w47j,yd4k87k6,z27wn9zk,ewp2o549,4
lde3k4e6,8ge6w47j,yd4k87k6,z27wn9zk,y9mmgz09,4
lde3k4e6,8ge6w47j,m1zk5n01,mkeyeen2,owom4ny9,4
lde3k4e6,8ge6w47j,o6gxkxd2,9kvpqrjk,None,2
lde3k4e6,8ge6w47j,o6gxkxd2,9kvpqrjk,None,1
lde3k4e6,8ge6w47j,o6gxkxd2,wk61z4od,None,1
lde3k4e6,8ge6w47j,v1px3lp6,9d8yr4qk,None,1
lde3k4e6,8ge6w47j,9do848o1,rkl547n2,None,1
lde3k4e6,8ge6w47j,yd4k8kk6,9kv8548d,None,1
lde3k4e6,8ge6w47j,v1pooq46,jdz8wgrd,None,4
lde3k4e6,8ge6w47j,o6gxkxd2,mkejn582,69z4gvxw,6
lde3k4e6,8ge6w47j,o6gxkxd2,wk61z4od,None,9
lde3k4e6,8ge6w47j,4d7920n1,q25eeyw2,None,1
lde3k4e6,8ge6w47j,76r88vd8,q258n5w2,None,1
lde3k4e6,8ge6w47j,4d7n0zr6,wdm55pe2,None,1
lde3k4e6,8ge6w47j,268wxnk6,xd1jnjrd,None,1
lde3k4e6,8ge6w47j,pd0w0pw1,jdrovj0d,r9gnj1pd,1
lde3k4e6,8ge6w47j,pd0w0pw1,jdrovj0d,r9gnj1pd,1
lde3k4e6,8ge6w47j,w6j7ez76,9d8y0y7k,None,2
lde3k4e6,8ge6w47j,pd0w0pw1,jdrovj0d,o9xoz3p9,1
lde3k4e6,8ge6w47j,76r88vd8,q25jvxvd,None,3
lde3k4e6,8ge6w47j,pd0w0pw1,wkp5z90d,None,1
lde3k4e6,8ge6w47j,pd0w0pw1,z27wjxgk,None,1
lde3k4e6,8ge6w47j,pd0w0pw1,wk6en5e2,None,1
lde3k4e6,8ge6w47j,pd0w0pw1,zdnz989d,r9gnj1pd,1
lde3k4e6,8ge6w47j,pd0w0pw1,jdrovj0d,rdqo352w,1
lde3k4e6,8ge6w47j,pd0w0pw1,jdrovj0d,rdqo342w,1
lde3k4e6,8ge6w47j,pd0w0pw1,jdrovj0d,5d7xep69,1
lde3k4e6,8ge6w47j,pd0w0pw1,zdnz989d,o9xoz3p9,1
lde3k4e6,8ge6w47j,pd0w0pw1,zdnz989d,rdqo352w,1
lde3k4e6,8ge6w47j,pd0w0pw1,jdrovj0d,495zrl39,1
lde3k4e6,8ge6w47j,pd0w0pw1,zdnz989d,rdqo342w,1
lde3k4e6,8ge6w47j,m1zkn301,9d8yyp7k,o9xgo01d,1
lde3k4e6,8ge6w47j,y654og4d,9d84p9qk,5d7evmew,1
lde3k4e6,8ge6w47j,nd28g73d,7dgmv0xd,None,1
lde3k4e6,8ge6w47j,nd28g73d,824nz5nk,None,1
lde3k4e6,8ge6w47j,nd28g73d,9d8yz1lk,None,1
lde3k4e6,8ge6w47j,nd28g73d,zd3jznr2,None,1
lde3k4e6,8ge6w47j,nd28g73d,9kv8153d,None,1
lde3k4e6,8ge6w47j,nd28g73d,9d8yz1wk,None,1
lde3k4e6,8ge6w47j,nd28g73d,xd1jz9zd,None,1
lde3k4e6,8ge6w47j,pd0w2v1e,02qprjdy,None,21
lde3k4e6,8ge6w47j,pd0980de,9d8je6qk,r9g36x2w,9
lde3k4e6,8ge6w47j,ldejx9l1,824no5ek,None,1
lde3k4e6,8ge6w47j,j1n890l1,q25jpp8d,None,1
lde3k4e6,8ge6w47j,pd0w2v1e,jdrengk6,None,15
lde3k4e6,8ge6w47j,pd0w2v1e,7kj1gnk3,None,17
lde3k4e6,8ge6w47j,pd0qw0l1,jdzlo462,None,1
lde3k4e6,8ge6w47j,w6j7vwe6,vdo5nm1k,None,2
lde3k4e6,8ge6w47j,m1zkn301,9d8yyp7k,z9835qld,1
lde3k4e6,8ge6w47j,m1zkn301,jdrrrg5d,None,1
lde3k4e6,8ge6w47j,pd0q2wl1,xd1j137d,None,1
lde3k4e6,8ge6w47j,pdvzomv6,824l0v3d,None,1
lde3k4e6,8ge6w47j,pdvzomv6,9kv9e082,gdrr4red,1
lde3k4e6,8ge6w47j,pdvzomv6,9kv9e082,ldyq7qpw,1
lde3k4e6,8ge6w47j,pdveg46w,ndx8owjk,None,23
lde3k4e6,8ge6w47j,4d7920n1,mkeygzj2,None,1
lde3k4e6,8ge6w47j,9do8k771,5dw17q5k,None,1
lde3k4e6,8ge6w47j,pd0w2v1e,jdz7n3kv,None,16
lde3k4e6,8ge6w47j,pd0w2v1e,82418m25,None,18
lde3k4e6,8ge6w47j,lde33ee6,9d83pxl2,None,8
lde3k4e6,8ge6w47j,lde33ee6,9d83pxl2,None,3
lde3k4e6,8ge6w47j,3698w38d,n2yv4972,None,1
lde3k4e6,8ge6w47j,46w2jjl6,9d8y6lwk,None,1
lde3k4e6,8ge6w47j,o6gxkxd2,ndxwg5kq,None,1
lde3k4e6,8ge6w47j,k6q43zzd,5dw6m752,None,1
lde3k4e6,8ge6w47j,j1lqn3z6,7dgmg74d,None,1
lde3k4e6,8ge6w47j,k6q43zzd,wk6exvo2,None,1
lde3k4e6,8ge6w47j,pd0qw0l1,9kv8poed,None,1
lde3k4e6,8ge6w47j,o6gxkxd2,wk61p7qd,None,2
lde3k4e6,8ge6w47j,46wynndr,7kjvnpxk,None,1
lde3k4e6,8ge6w47j,46wynndr,q25ggx8d,xd0kevx9,2
lde3k4e6,8ge6w47j,w6jl82ed,xk9po96d,None,1
lde3k4e6,8ge6w47j,46wynndr,q25ggx8d,r9gyl059,2
lde3k4e6,8ge6w47j,46wynndr,q25ggx8d,r9gyl059,1
lde3k4e6,8ge6w47j,46wynndr,q25ggx8d,owo7j1o9,2
lde3k4e6,8ge6w47j,w6jl82ed,7kj65832,29vlgjqw,1
lde3k4e6,8ge6w47j,w6jl82ed,7kj65832,owoe8ljd,1
lde3k4e6,8ge6w47j,w6jl82ed,7kj65832,5wkn08vw,1
lde3k4e6,8ge6w47j,w6jl82ed,7kj65832,ewpzney9,1
lde3k4e6,8ge6w47j,w6jl82ed,7kj65832,rw6l2rpw,1
lde3k4e6,8ge6w47j,w6jl82ed,7kj65832,nwly0no9,1
lde3k4e6,8ge6w47j,w6jl82ed,7kj65832,495rpymd,1
lde3k4e6,8ge6w47j,46wynndr,q25ggx8d,o9x1g50d,1
lde3k4e6,8ge6w47j,46wynndr,q25ggx8d,69zp5olw,1
lde3k4e6,8ge6w47j,46wynndr,q25ggx8d,495k2o09,1
lde3k4e6,8ge6w47j,46wynndr,q25ggx8d,ewp72kkw,4
lde3k4e6,8ge6w47j,46wynndr,q25ggx8d,xd405v29,2
lde3k4e6,8ge6w47j,46wynndr,n2yqy58k,None,2
lde3k4e6,8ge6w47j,46wynndr,jdrvv9x2,59206vod,1
lde3k4e6,8ge6w47j,46wynndr,q25ggx8d,59206vod,1
lde3k4e6,8ge6w47j,46wynndr,q25ggx8d,kwj7glnw,1
lde3k4e6,8ge6w47j,y65jv7de,7kjr01z2,z98jp1gw,5
lde3k4e6,8ge6w47j,y65jv7de,ndx8lmok,None,1
lde3k4e6,8ge6w47j,46wynndr,q25ggx8d,29vm8139,2
lde3k4e6,8ge6w47j,ldejjyn1,n2ye647k,None,1
lde3k4e6,8ge6w47j,ldejjyn1,7dgxezgk,None,1
lde3k4e6,8ge6w47j,ldejjyn1,mkevpej2,None,1
lde3k4e6,8ge6w47j,pd0980de,xd1mn34d,None,16
lde3k4e6,8ge6w47j,v1pxlj76,ndxeol5k,None,1
lde3k4e6,8ge6w47j,v1pxlj76,q25xlzyk,z98pq1lw,1
lde3k4e6,8ge6w47j,v1pxlj76,q25xlzyk,5wk0ozq9,1
lde3k4e6,8ge6w47j,v1pxlj76,q25xlzyk,rdqyr219,1
lde3k4e6,8ge6w47j,v1pxlj76,q25xlzyk,xd4pz4pd,1
lde3k4e6,8ge6w47j,v1pxlj76,q25xlzyk,xd4pz7pd,1
lde3k4e6,8ge6w47j,v1pxlj76,q25xlzyk,kwj0jlzd,1
lde3k4e6,8ge6w47j,v1pxlj76,q25xlzyk,xd1pre6d,1
lde3k4e6,8ge6w47j,v1pxlj76,q25xlzyk,495pgojw,1
lde3k4e6,8ge6w47j,v1pxlj76,q25xlzyk,rdqyrp19,1
lde3k4e6,8ge6w47j,v1pxlj76,q25xlzyk,xd0pyr1w,2
lde3k4e6,8ge6w47j,v1pxlj76,q25xlzyk,ldyq6mzw,1
lde3k4e6,8ge6w47j,v1pxlj76,q25xlzyk,y9m03q1w,1
lde3k4e6,8ge6w47j,v1pxlj76,q25xlzyk,z98pqylw,1
lde3k4e6,8ge6w47j,v1pxlj76,q25xlzyk,owo8n1yd,2
lde3k4e6,8ge6w47j,v1pxlj76,q25xlzyk,5d7p5kvd,1
lde3k4e6,8ge6w47j,v1pxlj76,q25xlzyk,nwl01rrw,3
lde3k4e6,8ge6w47j,v1pxlj76,q25xlzyk,ewpnymz9,1
lde3k4e6,8ge6w47j,v1pxlj76,q25xlzyk,495pg3jw,1
lde3k4e6,8ge6w47j,v1pxlj76,q25xlzyk,ywe0grr9,1
lde3k4e6,8ge6w47j,v1pxlj76,q25xlzyk,29vgxen9,1
lde3k4e6,8ge6w47j,v1pxlj76,q25xlzyk,592mlgrw,1
lde3k4e6,8ge6w47j,v1pxlj76,q25xlzyk,n93kevew,1
lde3k4e6,8ge6w47j,v1pxlj76,q25xlzyk,5d7p5nvd,1
lde3k4e6,8ge6w47j,v1pxlj76,q25xlzyk,rdn38evw,1
lde3k4e6,8ge6w47j,v1pxlj76,q25xlzyk,xd0pym1w,1
lde3k4e6,8ge6w47j,v1pxlj76,q25xlzyk,o9x6q819,1
lde3k4e6,8ge6w47j,v1pxlj76,q25xlzyk,5wk0o5q9,1
lde3k4e6,8ge6w47j,v1pxlj76,q25xlzyk,r9g650kw,1
lde3k4e6,8ge6w47j,v1pxlj76,q25xlzyk,y9m0371w,2
lde3k4e6,8ge6w47j,v1pxlj76,q25xlzyk,592ml2rw,1
lde3k4e6,8ge6w47j,v1pxlj76,q25xlzyk,r9g65ekw,1
lde3k4e6,8ge6w47j,v1pxlj76,q25xlzyk,gdrrl5zd,2
lde3k4e6,8ge6w47j,v1pxlj76,q25xlzyk,ywe0g6r9,1
lde3k4e6,8ge6w47j,v1pxlj76,q25xlzyk,ldyq6nzw,1
lde3k4e6,8ge6w47j,v1pxlj76,q25xlzyk,nwl01qrw,1
lde3k4e6,8ge6w47j,v1pxlj76,q25xlzyk,69z7jyow,1
lde3k4e6,8ge6w47j,v1pxlj76,q25xlzyk,xd1prk6d,1
lde3k4e6,8ge6w47j,v1pxlj76,q25xlzyk,gdrrlmzd,1
lde3k4e6,8ge6w47j,v1pxlj76,q25xlzyk,rdn386vw,1
lde3k4e6,8ge6w47j,v1pxlj76,q25xlzyk,owo8noyd,1
lde3k4e6,8ge6w47j,v1pxlj76,q25xlzyk,kwj0jxzd,1
lde3k4e6,8ge6w47j,v1pxlj76,q25xlzyk,29vgx4n9,2
lde3k4e6,8ge6w47j,v1pxlj76,q25xlzyk,rw62x87d,2
lde3k4e6,8ge6w47j,v1pxlj76,q25xlzyk,ewpny1z9,1
lde3k4e6,8ge6w47j,369plv81,7kj879nd,None,1
lde3k4e6,8ge6w47j,369plv81,n2y9mnzd,None,1
lde3k4e6,8ge6w47j,ldejjyn1,9kvq30ed,None,1
lde3k4e6,8ge6w47j,ldejjyn1,9kvq30ed,None,1
lde3k4e6,8ge6w47j,pd0980de,9d8p1j6k,None,25
lde3k4e6,8ge6w47j,pd0980de,9d8je6qk,kwje0p19,8
lde3k4e6,8ge6w47j,pd0980de,9d8je6qk,4958p449,9
lde3k4e6,8ge6w47j,pd0980de,9d8je6qk,5d73p8e9,7
lde3k4e6,8ge6w47j,pd0980de,9d8je6qk,o9xl6479,9
lde3k4e6,8ge6w47j,ldejjyn1,9kvq30ed,None,2
lde3k4e6,8ge6w47j,ldejjyn1,w208mljd,None,1
lde3k4e6,8ge6w47j,ldejjyn1,wdm9oeek,None,2
lde3k4e6,8ge6w47j,3dxk2qp1,xk9ppxyd,None,2
lde3k4e6,8ge6w47j,ldejjyn1,wkp9lpj2,None,2
lde3k4e6,8ge6w47j,y65jv7de,w20gp4zk,None,3
lde3k4e6,8ge6w47j,y65jv7de,wk6j6ood,rw6v2jr9,18
lde3k4e6,8ge6w47j,y65jv7de,wk6j6ood,rw6v2jr9,11
lde3k4e6,8ge6w47j,m1mxrqk6,jdz6ywr2,None,1
lde3k4e6,8ge6w47j,m1mxrqk6,mkelnljd,xd1l6gz9,1
lde3k4e6,8ge6w47j,m1mxrqk6,mkelnljd,y9m4ylz9,1
lde3k4e6,8ge6w47j,m1mxrqk6,mkelnljd,n93z8v2w,1
lde3k4e6,8ge6w47j,m1mxrqk6,mkelnljd,nwl4nqo9,1
lde3k4e6,8ge6w47j,m1mxrqk6,mkelnljd,r9gqrejd,1
lde3k4e6,8ge6w47j,m1mxrqk6,mkelnljd,rdq4gpo9,1
lde3k4e6,8ge6w47j,j1neyvy1,z27ll7zd,5d7zp25w,1
lde3k4e6,8ge6w47j,o6gxkxd2,9kvpqrjk,None,14
lde3k4e6,8ge6w47j,j1neyvy1,n2y7plm2,None,2
lde3k4e6,8ge6w47j,o6gxkxd2,xd131l8k,None,3
lde3k4e6,8ge6w47j,m1mxrqk6,5dw6o652,ywexnrl9,1
lde3k4e6,8ge6w47j,yd4ov351,w208q85d,29vgye39,2
lde3k4e6,8ge6w47j,yd4ov351,w208q85d,xd4p672d,1
lde3k4e6,8ge6w47j,w6j7lkx6,9kvqnw0d,None,2
lde3k4e6,8ge6w47j,j1neyvy1,5dw77pnk,None,2
lde3k4e6,8ge6w47j,j1neyvy1,xk988l62,xd0lqe1d,2
lde3k4e6,8ge6w47j,j1neyvy1,xk988l62,29vj78n9,1
lde3k4e6,8ge6w47j,j1neyvy1,xk988l62,n9384xew,2
lde3k4e6,8ge6w47j,j1neyvy1,xk988l62,xd4n25pw,2
lde3k4e6,8ge6w47j,j1neyvy1,xk988l62,rw6ro77w,2
lde3k4e6,8ge6w47j,yd4kmex6,zd3v8qr2,None,1
lde3k4e6,8ge6w47j,v1pxgop6,xd1jx9zd,None,1
lde3k4e6,8ge6w47j,yd4ov351,z27l38zd,None,3
lde3k4e6,8ge6w47j,46w23oq6,wkp997v2,None,3
lde3k4e6,8ge6w47j,46wynndr,q25ggx8d,y9m5mk5d,1
lde3k4e6,8ge6w47j,w6jl82ed,7kj65832,kwj80p09,1
lde3k4e6,8ge6w47j,w6jl82ed,7kj65832,xd02pqm9,1
lde3k4e6,8ge6w47j,w6jl82ed,7kj65832,rw6l2opw,2
lde3k4e6,8ge6w47j,w6jl82ed,7kj65832,z98zpnr9,1
lde3k4e6,8ge6w47j,w6jl82ed,7kj65832,rdnl3n5w,1
lde3k4e6,8ge6w47j,w6jl82ed,7kj65832,ywej0lld,2
lde3k4e6,8ge6w47j,w6jl82ed,7kj65832,69zq7zx9,2
lde3k4e6,8ge6w47j,w6jl82ed,7kj65832,o9xz643w,1
lde3k4e6,8ge6w47j,w6jl82ed,7kj65832,495rp4md,1
lde3k4e6,8ge6w47j,w6jl82ed,7kj65832,5d7ep8qw,2
lde3k4e6,8ge6w47j,w6jl82ed,7kj65832,rdq3ylow,2
lde3k4e6,8ge6w47j,46wynndr,q25ggx8d,5wkkmg2w,1
lde3k4e6,8ge6w47j,46wynndr,q25ggx8d,5d7y1kgd,1
lde3k4e6,8ge6w47j,w6jl82ed,7kj65832,rw6z38rd,1
lde3k4e6,8ge6w47j,46wynndr,q25ggx8d,xd1jmeed,2
lde3k4e6,8ge6w47j,j1l754dg,mkermx9d,xd1xmk59,8
lde3k4e6,8ge6w47j,j1l754dg,mkermx9d,ewpr31jd,7
lde3k4e6,8ge6w47j,j1l754dg,mkermx9d,y9m867xd,6
lde3k4e6,8ge6w47j,j1l754dg,mkermx9d,5wkpx5pd,5
lde3k4e6,8ge6w47j,j1l754dg,mkermx9d,5925k239,5
lde3k4e6,8ge6w47j,j1l754dg,mkermx9d,29v264ld,5
lde3k4e6,8ge6w47j,j1l754dg,mkermx9d,xd4x14r9,5
lde3k4e6,8ge6w47j,j1l754dg,mkermx9d,xd0x1m4d,4
lde3k4e6,8ge6w47j,j1l754dg,mkermx9d,rw6318gw,5
lde3k4e6,8ge6w47j,j1l754dg,mkermx9d,n93o1vz9,3
lde3k4e6,8ge6w47j,j1l754dg,mkermx9d,z98n3yp9,4
lde3k4e6,8ge6w47j,j1l754dg,mkermx9d,rdnn767d,7
lde3k4e6,8ge6w47j,j1l754dg,mkermx9d,ldy2xnrw,4
lde3k4e6,8ge6w47j,j1l754dg,mkermx9d,gdr2nml9,4
lde3k4e6,8ge6w47j,j1l754dg,mkermx9d,nwl35qew,3
lde3k4e6,8ge6w47j,j1l754dg,mkermx9d,ywelyr79,3
lde3k4e6,8ge6w47j,j1l754dg,mkermx9d,69zz5yg9,4
lde3k4e6,8ge6w47j,j1l754dg,mkermx9d,r9gxlepw,5
lde3k4e6,8ge6w47j,j1l754dg,mkermx9d,r9gxlepw,7
lde3k4e6,8ge6w47j,46wynndr,jdrvv9x2,o9x1g50d,1
lde3k4e6,8ge6w47j,w6jl82ed,7kj65832,495e4309,1
lde3k4e6,8ge6w47j,w6jl82ed,7kj65832,n93nko2w,1
lde3k4e6,8ge6w47j,w6jl82ed,zdnn579d,None,1
lde3k4e6,8ge6w47j,v1pooq46,jdrxl3nd,None,3
lde3k4e6,8ge6w47j,w6jl82ed,q25xl9vk,None,1
lde3k4e6,8ge6w47j,o6gnk3o1,7kjoj4n2,None,10
lde3k4e6,8ge6w47j,o6gnk3o1,zd3v3m82,xd0py54w,1
lde3k4e6,8ge6w47j,m1z4ox60,wk60jpxk,None,1
lde3k4e6,8ge6w47j,pd0980de,xd1r937k,None,6
lde3k4e6,8ge6w47j,46wynndr,q25ggx8d,rdqz82kd,1
lde3k4e6,8ge6w47j,46wynndr,jdrvv9x2,rdqz82kd,1
lde3k4e6,8ge6w47j,46wynndr,q25ggx8d,rw6q7krd,1
lde3k4e6,8ge6w47j,w6j7oye6,zd3v68v2,None,1
lde3k4e6,8ge6w47j,m1z4ox60,824myrm2,None,5
lde3k4e6,8ge6w47j,w6jl82ed,7kj65832,ewpznry9,1
lde3k4e6,8ge6w47j,369plv81,wk6e43q2,None,1
lde3k4e6,8ge6w47j,lde33ee6,9d83pxl2,None,4
lde3k4e6,8ge6w47j,m1mxrqk6,jdrozlnd,None,1
lde3k4e6,8ge6w47j,m1mxrqk6,mkelnljd,ywexnrl9,1
lde3k4e6,8ge6w47j,m1mxrqk6,mkelnljd,5d7qlnqw,1
lde3k4e6,8ge6w47j,m1mxrqk6,5dw6o652,5d7qlnqw,1
lde3k4e6,8ge6w47j,m1mxrqk6,mkelnljd,69zexyx9,1
lde3k4e6,8ge6w47j,m1mxrqk6,mkelnljd,o9xrk839,1
lde3k4e6,8ge6w47j,m1mxrqk6,5dw6o652,o9xrk839,1
lde3k4e6,8ge6w47j,m1mxrqk6,mkelnljd,495xy3md,1
lde3k4e6,8ge6w47j,m1mxrqk6,5dw6o652,495xy3md,1
lde3k4e6,8ge6w47j,46wynndr,q25ggx8d,59206vod,1
lde3k4e6,8ge6w47j,46wynndr,7kjvnpxk,None,1
lde3k4e6,8ge6w47j,o6gnk3o1,xd118x7d,gdrrlvld,1
lde3k4e6,8ge6w47j,o6gnk3o1,xd118x7d,xd1prq5d,2
lde3k4e6,8ge6w47j,j1neyvy1,xk988l62,5d7zp25w,1
lde3k4e6,8ge6w47j,j1neyvy1,5dw77pnk,None,2
lde3k4e6,8ge6w47j,46wynndr,q25ggx8d,69zp5olw,2
lde3k4e6,8ge6w47j,46wynndr,q25ggx8d,xd1jmeed,1
lde3k4e6,8ge6w47j,46wynndr,q25ggx8d,5d7y1kgd,2
lde3k4e6,8ge6w47j,46wynndr,q25ggx8d,kwj7glnw,2
lde3k4e6,8ge6w47j,46wynndr,q25ggx8d,owo7j1o9,2
lde3k4e6,8ge6w47j,46wynndr,q25ggx8d,ewp72kkw,2
lde3k4e6,8ge6w47j,46wynndr,q25ggx8d,y9m5mk5d,2
lde3k4e6,8ge6w47j,46wynndr,q25ggx8d,29vm8139,1
lde3k4e6,8ge6w47j,46wynndr,q25ggx8d,5wkkmg2w,2
lde3k4e6,8ge6w47j,46wynndr,q25ggx8d,xd405v29,1
lde3k4e6,8ge6w47j,46wynndr,n2yqy58k,None,2
lde3k4e6,8ge6w47j,46wynndr,q25ggx8d,o9x1g50d,2
lde3k4e6,8ge6w47j,46wynndr,q25ggx8d,495k2o09,2
lde3k4e6,8ge6w47j,46w300l1,5dw65902,None,2
lde3k4e6,8ge6w47j,369plv81,mkel7y8d,None,2
lde3k4e6,8ge6w47j,46wynndr,jdrvv9x2,rw6q7krd,1
lde3k4e6,8ge6w47j,46wynndr,jdrvv9x2,xd0kevx9,1
lde3k4e6,8ge6w47j,46wynndr,q25ggx8d,rw6q7krd,1
lde3k4e6,8ge6w47j,46wynndr,q25ggx8d,xd0kevx9,1
lde3k4e6,8ge6w47j,j1llgk71,jdz6wjr2,None,1
lde3k4e6,8ge6w47j,y65jv7de,wk6j6ood,n930k6n9,10
lde3k4e6,8ge6w47j,y65jv7de,ndx8lmok,None,2
lde3k4e6,8ge6w47j,o6g59o12,jdro78nd,None,2
lde3k4e6,8ge6w47j,kdkzlgld,ndx4x5j2,None,1
lde3k4e6,8ge6w47j,kdkzlgld,02qvnp7d,None,1
lde3k4e6,8ge6w47j,3dx2n2v1,z274o302,None,1
lde3k4e6,8ge6w47j,kdkzlgld,n2yg09e2,None,1
lde3k4e6,8ge6w47j,kdkzlgld,w2036xz2,None,2
lde3k4e6,8ge6w47j,kdkzlgld,w2036vj2,None,6
lde3k4e6,8ge6w47j,nd2ezr3d,9d8gm73k,None,1
lde3k4e6,8ge6w47j,nd2ezr3d,8241y8e2,None,1
lde3k4e6,8ge6w47j,kdkzlgld,rklr6v6k,None,9
lde3k4e6,8ge6w47j,4d792zz1,ndx5jjrk,None,4
lde3k4e6,8ge6w47j,y65y90de,9d8pz4wk,None,6
lde3k4e6,8ge6w47j,w6jl82ed,7kj65832,rdnl3r5w,1
lde3k4e6,8ge6w47j,w6jl82ed,7kj65832,y9mr08zw,1
lde3k4e6,8ge6w47j,w6jl82ed,7kj65832,xd4ypxqd,1
lde3k4e6,8ge6w47j,v1pok9z6,wdm6noxk,None,11
lde3k4e6,8ge6w47j,o6gxkxd2,xd13qn7k,None,1
lde3k4e6,8ge6w47j,4d7920n1,xk9vzp6d,None,2
lde3k4e6,8ge6w47j,o6gxkxd2,ndxwg5kq,None,2
lde3k4e6,8ge6w47j,o6gxkxd2,xd131l8k,None,4
lde3k4e6,8ge6w47j,o6gxkxd2,mkejoz82,None,5
lde3k4e6,8ge6w47j,o6gxkxd2,wk61p7qd,None,3
lde3k4e6,8ge6w47j,pdvzomv6,9kv9e082,ldy3q779,1
lde3k4e6,8ge6w47j,lde7nn13,xd1305zk,rw6431r9,11
lde3k4e6,8ge6w47j,4d792zz1,wdm6p3ok,None,4
lde3k4e6,8ge6w47j,4d792zz1,wdm6p3ok,None,4
lde3k4e6,8ge6w47j,4d792zz1,w203o482,None,2
lde3k4e6,8ge6w47j,4d792zz1,w203o482,None,1
lde3k4e6,8ge6w47j,3698773d,mkey0nn2,xd1oxnq9,2
lde3k4e6,8ge6w47j,o6gxkxd2,xd13qn7k,None,1
lde3k4e6,8ge6w47j,pdvzomv6,9kv9e082,xd4kp7pw,1
lde3k4e6,8ge6w47j,o6gxkxd2,xd13qn7k,None,1
lde3k4e6,8ge6w47j,o6gxkxd2,xd13qn7k,None,1
lde3k4e6,8ge6w47j,o6gxkxd2,xd13qn7k,None,1
lde3k4e6,8ge6w47j,pdvzomv6,zd3x1gvd,None,1
lde3k4e6,8ge6w47j,pdvzomv6,9kv9e082,z98mpvlw,1
lde3k4e6,8ge6w47j,pdvzomv6,9kv9e082,xd04pr1w,1
lde3k4e6,8ge6w47j,pdvzomv6,9kv9e082,n93mk5rd,1
lde3k4e6,8ge6w47j,pdvzomv6,9kv9e082,rdnq3j6d,1
lde3k4e6,8ge6w47j,pdvzomv6,9kv9e082,nwl25kgd,1
lde3k4e6,8ge6w47j,pdvzomv6,9kv9e082,495m2v4w,1
lde3k4e6,8ge6w47j,pdvzomv6,9kv9e082,rdqn86gd,1
lde3k4e6,8ge6w47j,pdvzomv6,9kv9e082,69z85m49,1
lde3k4e6,8ge6w47j,pdvzomv6,9kv9e082,ldy3q7z9,1
lde3k4e6,8ge6w47j,pdvzomv6,9kv9e082,z98mpv1w,1
lde3k4e6,8ge6w47j,pdvzomv6,9kv9e082,5d7216ew,1
lde3k4e6,8ge6w47j,pdvzomv6,9kv9e082,n93mk5ed,1
lde3k4e6,8ge6w47j,pdvzomv6,9kv9e082,r9g7lk29,1
lde3k4e6,8ge6w47j,pdvzomv6,9kv9e082,gdrynkkw,1
lde3k4e6,8ge6w47j,3dxy7p6y,mkelvxd6,None,4
lde3k4e6,8ge6w47j,pdvzomv6,9kv9e082,yweqyz4w,1
lde3k4e6,8ge6w47j,pdvzomv6,9kv9e082,kwjvgo1w,2
lde3k4e6,8ge6w47j,9doxy3dp,02q8w372,gdrqzel9,3
lde3k4e6,8ge6w47j,9doxy3dp,02q8w372,xd15n25w,3
lde3k4e6,8ge6w47j,pdvzomv6,9kv9e082,o9xxgm79,1
lde3k4e6,8ge6w47j,pdvzomv6,9kv9e082,rw6m2p79,1
lde3k4e6,8ge6w47j,pdvzomv6,9kv9e082,rdnq3jvd,1
lde3k4e6,8ge6w47j,w6jl82ed,zd3w81nk,None,1
lde3k4e6,8ge6w47j,46wynndr,jdrvv9x2,69zp5olw,1
lde3k4e6,8ge6w47j,w6jl82ed,7kj65832,xd02pxm9,1
lde3k4e6,8ge6w47j,w6jl82ed,7kj65832,5928mq79,2
lde3k4e6,8ge6w47j,w6jl82ed,7kj65832,5wkn06vw,2
lde3k4e6,8ge6w47j,w6jl82ed,7kj65832,29vlg7qw,2
lde3k4e6,8ge6w47j,w6jl82ed,7kj65832,xd4yp2qd,1
lde3k4e6,8ge6w47j,w6jl82ed,7kj65832,nwly03o9,2
lde3k4e6,8ge6w47j,w6jl82ed,7kj65832,r9gj6xj9,1
lde3k4e6,8ge6w47j,y65kv46e,5dwjmx5k,y9m5vyxd,2
lde3k4e6,8ge6w47j,o6gxkxd2,xd13qn7k,None,2
lde3k4e6,8ge6w47j,lde3k4e6,z27ojz0d,None,6
lde3k4e6,8ge6w47j,o6gxkxd2,mkejn582,69z4gvxw,38
lde3k4e6,8ge6w47j,w6jl82ed,7kj65832,r9gj6rj9,1
lde3k4e6,8ge6w47j,w6jl82ed,7kj65832,z98zper9,1
lde3k4e6,8ge6w47j,y65jv7de,7kjr01z2,o9xxq519,2
lde3k4e6,8ge6w47j,y65jv7de,wk6j6ood,o9xxq519,4
lde3k4e6,8ge6w47j,y65jv7de,wk6j6ood,o9xxq519,4
lde3k4e6,8ge6w47j,w6jl82ed,7kj65832,owoe8yjd,1
lde3k4e6,8ge6w47j,w6jl82ed,7kj65832,rw6l23pw,2
lde3k4e6,8ge6w47j,w6jl82ed,7kj65832,5928m579,1
lde3k4e6,8ge6w47j,w6jl82ed,7kj65832,n93nk82w,1
lde3k4e6,8ge6w47j,w6jl82ed,7kj65832,ldy5qjpw,1
lde3k4e6,8ge6w47j,w6jl82ed,7kj65832,69zq7xx9,1
lde3k4e6,8ge6w47j,w6jl82ed,7kj65832,rdq3ygow,1
lde3k4e6,8ge6w47j,w6jl82ed,7kj65832,5928m379,1
lde3k4e6,8vk6qr2j,46wynndr,xk90mnyk,xd0kevx9,1
lde3k4e6,8vk6qr2j,46wynndr,xk90mnyk,rdqz82kd,1
lde3k4e6,8vk6qr2j,v1po8286,9kv9mwj2,None,2
lde3k4e6,8vk6qr2j,v1po8286,9d836762,5d7zrxqw,1
lde3k4e6,8vk6qr2j,v1po8286,9d836762,kwj1r60w,1
lde3k4e6,8vk6qr2j,v1po8286,9d836762,xd181yzw,1
lde3k4e6,8vk6qr2j,v1po8286,9d836762,ewp05oyd,1
lde3k4e6,8vk6qr2j,v1po8286,9d836762,y9m1zgz9,1
lde3k4e6,8vk6qr2j,v1po8286,9d836762,5wk1levd,1
lde3k4e6,8vk6qr2j,v1po8286,9d836762,owoqx5jd,1
lde3k4e6,8vk6qr2j,268wkj56,q255o9v2,None,7
lde3k4e6,8vk6qr2j,lde7nn13,jdr9o4nd,nwll35ew,1
lde3k4e6,8vk6qr2j,lde7nn13,jdr9o4nd,rw6431r9,2
lde3k4e6,8vk6qr2j,lde7nn13,jdr9o4nd,z986n3pd,2
lde3k4e6,8vk6qr2j,lde7nn13,jdr9o4nd,rdn0n77w,2
lde3k4e6,8vk6qr2j,lde7nn13,jdr9o4nd,69z3z5gd,1
lde3k4e6,8vk6qr2j,lde7nn13,jdr9o4nd,z986n3gd,2
lde3k4e6,8vk6qr2j,lde7nn13,jdr9o4nd,rdn0n7qw,2
lde3k4e6,8vk6qr2j,lde7nn13,jdr9o4nd,ldyy2xkd,2
lde3k4e6,8vk6qr2j,lde7nn13,jdr9o4nd,ldyy2xrd,2
lde3k4e6,8vk6qr2j,369p3p81,rkl043qk,None,30
lde3k4e6,8vk6qr2j,m1zjpox6,7dg1l0xd,None,12
lde3k4e6,8vk6qr2j,y65jv7de,xd1qrx72,None,2
lde3k4e6,8vk6qr2j,j1l754dg,mkermx9d,r9gxlepw,1
lde3k4e6,8vk6qr2j,j1lqzpv6,7dgy0r7d,None,7
lde3k4e6,8vk6qr2j,3dxkrk41,mke7ro62,None,9
lde3k4e6,8vk6qr2j,3dxkrk41,n2ym3q82,5wk76z2d,3
lde3k4e6,8vk6qr2j,3dxkrk41,n2ym3q82,ewp6xmkd,3
lde3k4e6,8vk6qr2j,3dxkrk41,n2ym3q82,kwjqzxn9,2
lde3k4e6,8vk6qr2j,3dxkrk41,n2ym3q82,owop6oo9,3
lde3k4e6,8vk6qr2j,3dxkrk41,n2ym3q82,xd1q2kew,2
lde3k4e6,8vk6qr2j,3dxkrk41,n2ym3q82,y9moxq5w,2
lde3k4e6,8vk6qr2j,46wynndr,xk90mnyk,59206vod,1
lde3k4e6,8vk6qr2j,o1y9r9k6,7kjpjrxk,None,65
lde3k4e6,8vk6qr2j,9d3vjg6l,wkpy500k,592j487w,2
lde3k4e6,8vk6qr2j,369p3p81,zd3wqlnk,29vl6lqw,59
lde3k4e6,8vk6qr2j,369p3p81,zd3wqlnk,xd4y1yqd,61
lde3k4e6,8vk6qr2j,lde7nn13,02q85r72,None,7
lde3k4e6,8vk6qr2j,lde7nn13,jdr9o4nd,ldyy2xrd,5
lde3k4e6,8vk6qr2j,lde7nn13,jdr9o4nd,gdre2nl9,4
lde3k4e6,8vk6qr2j,lde7nn13,jdr9o4nd,nwll35ew,5
lde3k4e6,8vk6qr2j,y65jv7de,q25j47gd,None,5
lde3k4e6,8vk6qr2j,lde3k4e6,7kjong42,None,1
lde3k4e6,8vk6qr2j,9d3vjg6l,mkel116d,None,1
lde3k4e6,8vk6qr2j,lde7nn13,jdr9o4nd,69z3z5gd,5
lde3k4e6,8vk6qr2j,lde7nn13,jdr9o4nd,rw6431r9,7
lde3k4e6,8vk6qr2j,lde7nn13,jdr9o4nd,rdn0n7qw,2
lde3k4e6,8vk6qr2j,lde7nn13,jdr9o4nd,ldyy2xkd,4
lde3k4e6,8vk6qr2j,lde7nn13,jdr9o4nd,rdn0n77w,2
lde3k4e6,8vk6qr2j,lde7nn13,jdr9o4nd,ywe1ly7d,5
lde3k4e6,8vk6qr2j,j1l754dg,mkermx9d,o9x4g8pd,4
lde3k4e6,8vk6qr2j,j1l754dg,mkermx9d,o9x4g8pd,1
lde3k4e6,8vk6qr2j,j1l754dg,ndxr14od,o9x4g8pd,1
lde3k4e6,8vk6qr2j,4d7mnnd7,wk6or4qk,None,1
lde3k4e6,8vk6qr2j,m1mn4qjd,jdrwnj0k,None,1
lde3k4e6,8vk6qr2j,m1mn4qjd,jdrwnj0k,None,1
lde3k4e6,8vk6qr2j,9d3vjg6l,wk6rrprk,rw6vmr69,2
lde3k4e6,8vk6qr2j,9d3vjg6l,wk6rrprk,n930m8r9,1
lde3k4e6,8vk6qr2j,9d3vjg6l,wk6rrprk,z98jme1w,1
lde3k4e6,8vk6qr2j,9d3vjg6l,wk6rrprk,rdn5qr6d,2
lde3k4e6,8vk6qr2j,9d3vjg6l,wk6rrprk,ldye3j7w,1
lde3k4e6,8vk6qr2j,m1mn4qjd,jdzrn1x2,None,2
lde3k4e6,8vk6qr2j,9d3vjg6l,mkewlo8k,69zr8qxd,3
lde3k4e6,8vk6qr2j,9d3vjg6l,vdo45x12,495jmrmw,2
lde3k4e6,8vk6qr2j,j1l754dg,ndxr14od,xd1xmk59,1
lde3k4e6,8vk6qr2j,369p3p81,5dw44w5k,xd0212m9,42
lde3k4e6,8vk6qr2j,o1yj7341,wdmmv7ed,xd111kyd,2
lde3k4e6,8vk6qr2j,o1yxkk6q,wkpvl4wk,None,50
lde3k4e6,8vk6qr2j,pdvzelk6,7kj6nz32,None,41
lde3k4e6,8vk6qr2j,o1y9glv6,9kv6e702,None,3
lde3k4e6,8vk6qr2j,46wynndr,xk90mnyk,29vm8139,2
lde3k4e6,8vk6qr2j,46wynndr,xk90mnyk,495k2o09,2
lde3k4e6,8vk6qr2j,46wynndr,xk90mnyk,5wkkmg2w,2
lde3k4e6,8vk6qr2j,46wynndr,xk90mnyk,r9gyl059,2
lde3k4e6,8vk6qr2j,46wynndr,xk90mnyk,o9x1g50d,2
lde3k4e6,8vk6qr2j,46wynndr,xk90mnyk,5d7y1kgd,2
lde3k4e6,8vk6qr2j,46wynndr,xk90mnyk,owo7j1o9,2
lde3k4e6,8vk6qr2j,46wynndr,n2yqy58k,None,2
lde3k4e6,8vk6qr2j,46wynndr,xk90mnyk,ewp72kkw,2
lde3k4e6,8vk6qr2j,46wynndr,xk90mnyk,xd405v29,2
lde3k4e6,8vk6qr2j,46wynndr,xk90mnyk,y9m5mk5d,2
lde3k4e6,8vk6qr2j,46wynndr,xk90mnyk,kwj7glnw,2
lde3k4e6,8vk6qr2j,j1l754dg,mkermx9d,4954233w,1
lde3k4e6,8vk6qr2j,j1l754dg,mkermx9d,4954233w,1
lde3k4e6,8vk6qr2j,m1zjp806,jdzw17rd,o9xx0g69,1
lde3k4e6,8vk6qr2j,46wynndr,xk90mnyk,kwj7glnw,1
lde3k4e6,8vk6qr2j,46wynndr,xk90mnyk,xd1jmeed,1
lde3k4e6,8vk6qr2j,46wynndr,xk90mnyk,5d7y1kgd,1
lde3k4e6,8vk6qr2j,46wynndr,xk90mnyk,ewp72kkw,1
lde3k4e6,8vk6qr2j,46wynndr,xk90mnyk,y9m5mk5d,1
lde3k4e6,8vk6qr2j,46wynndr,xk90mnyk,5wkkmg2w,1
lde3k4e6,8vk6qr2j,46wynndr,xk90mnyk,z98ro2gd,1
lde3k4e6,8vk6qr2j,46wynndr,xk90mnyk,owo7j1o9,1
lde3k4e6,8vk6qr2j,m1zjp806,jdzw17rd,495mn22w,1
lde3k4e6,8vk6qr2j,lde7nn13,rklq5qw2,None,1
lde3k4e6,8vk6qr2j,lde7nn13,rklq5qw2,None,2
lde3k4e6,8vk6qr2j,46wynndr,n2yqy58k,None,6
lde3k4e6,8vk6qr2j,w6j7jo46,jdrn35xk,None,1
lde3k4e6,8vk6qr2j,w6j7jo46,9d8lmml2,ywepz7yd,2
lde3k4e6,8vk6qr2j,w6j7jo46,9d8lmml2,nwlekv0d,2
lde3k4e6,8vk6qr2j,w6j7jo46,9d8lmml2,69z0mvld,1
lde3k4e6,8vk6qr2j,w6j7jo46,9d8lmml2,o9x0mv09,1
lde3k4e6,8vk6qr2j,w6j7jo46,9d8lmml2,r9g8ko5d,1
lde3k4e6,8vk6qr2j,3698773d,mkey0nn2,r9g50jjd,1
lde3k4e6,8vk6qr2j,3698773d,mkey0nn2,ewpymzyw,1
lde3k4e6,8vk6qr2j,lde7nn13,w20x3oj2,rw6431r9,3
lde3k4e6,8vk6qr2j,pdv2pw46,vdoy93o2,z98qyj19,5
lde3k4e6,8vk6qr2j,lde7nn13,xd1305zk,z986n3gd,8
lde3k4e6,8vk6qr2j,lde7nn13,jdr9o4nd,ywe1ly7d,2
lde3k4e6,8vk6qr2j,lde7nn13,jdr9o4nd,r9g2xlpd,2
lde3k4e6,8vk6qr2j,lde7nn13,02q85r72,None,2
lde3k4e6,8vk6qr2j,lde7nn13,jdr9o4nd,n937o1zd,1
lde3k4e6,8vk6qr2j,lde7nn13,jdr9o4nd,gdre2nl9,2
lde3k4e6,8vk6qr2j,j1l754dg,5dw8z1gd,4954233w,1
lde3k4e6,8vk6qr2j,j1l754dg,mkermx9d,xd1xmk59,8
lde3k4e6,8vk6qr2j,j1l754dg,mkermx9d,xd1xmk59,3
lde3k4e6,8vk6qr2j,j1l754dg,5dw8z1gd,xd1xmk59,1
lde3k4e6,8vk6qr2j,j1l754dg,5dw8z1gd,ewpr31jd,1
lde3k4e6,8vk6qr2j,j1l754dg,5dw8z1gd,y9m867xd,1
lde3k4e6,8vk6qr2j,j1l754dg,5dw8z1gd,rdnn767d,2
lde3k4e6,8vk6qr2j,j1l754dg,5dw8z1gd,r9gxlepw,2
lde3k4e6,8vk6qr2j,ldelvl63,824rrjgd,None,31
lde3k4e6,8vk6qr2j,ldelvl63,n2yj0o12,None,67
lde3k4e6,8vk6qr2j,ldelvl63,824rrjgd,None,85
lde3k4e6,8vk6qr2j,ldelvl63,824rrjgd,None,57
lde3k4e6,8vk6qr2j,ldelvl63,824rrjgd,None,34
lde3k4e6,8vk6qr2j,ldelvl63,824rrjgd,None,19
lde3k4e6,8vk6qr2j,ldelvl63,824rrjgd,None,51
lde3k4e6,8vk6qr2j,lde7nn13,jdr9o4nd,z986n3pd,4
lde3k4e6,8vk6qr2j,lde7nn13,jdr9o4nd,r9g2xlpd,7
lde3k4e6,8vk6qr2j,y65jv7de,w20gp4zk,None,4
lde3k4e6,8vk6qr2j,j1l754dg,mkermx9d,69zz5yg9,2
lde3k4e6,8vk6qr2j,j1l754dg,mkermx9d,69zz5yg9,1
lde3k4e6,8vk6qr2j,o6gnk3o1,wk63jopk,None,1
lde3k4e6,8vk6qr2j,w6jl82ed,9d84x0qk,xd13pxz9,1
lde3k4e6,8vk6qr2j,o1yxkk6q,n2yj5e82,None,173
lde3k4e6,8vk6qr2j,9d3vjg6l,n2yqpqzk,None,4
lde3k4e6,8vk6qr2j,o6gnk3o1,02qrm99k,None,3
lde3k4e6,8vk6qr2j,9do83me1,wk63eyek,None,13
lde3k4e6,8vk6qr2j,4d7p4rd7,jdr1nqn2,None,35
lde3k4e6,8vk6qr2j,j1l754dg,mkermx9d,r9gxlepw,1
lde3k4e6,8vk6qr2j,m1zjp806,jdzw17rd,yweqpyqw,1
lde3k4e6,8vk6qr2j,46wynndr,q25ggx8d,r9gyl059,4
lde3k4e6,8vk6qr2j,w6jl82ed,7kj65832,xd13pxz9,1
lde3k4e6,8vk6qr2j,46wynndr,q25ggx8d,69zp5olw,3
lde3k4e6,8vk6qr2j,m1zjp806,02qvyp7d,29vzp61d,1
lde3k4e6,8vk6qr2j,m1zjp806,02qvyp7d,5924pmgw,1
lde3k4e6,8vk6qr2j,lde7nn13,02q85r72,None,9
lde3k4e6,8vk6qr2j,4d7mnnd7,wk6or4qk,None,7
lde3k4e6,8vk6qr2j,lde3k4e6,xd1gyj8d,None,1
lde3k4e6,8vk6qr2j,lde3k4e6,7kjong42,None,2
lde3k4e6,8vk6qr2j,j1l754dg,wkp111gk,None,2
lde3k4e6,8vk6qr2j,46wynndr,02q3j5yk,rdqz82kd,2
lde3k4e6,8vk6qr2j,y65jv7de,wk6j6ood,rw6v2jr9,5
lde3k4e6,8vk6qr2j,y65jv7de,wk6j6ood,n930k6n9,7
lde3k4e6,8vk6qr2j,y65jv7de,wk6j6ood,z98jp1gw,5
lde3k4e6,8vk6qr2j,y65jv7de,wk6j6ood,z98jp1gw,2
lde3k4e6,8vk6qr2j,y65jv7de,wk6j6ood,ldyeqmkw,8
lde3k4e6,8vk6qr2j,y65jv7de,wk6j6ood,rw6v2jr9,7
lde3k4e6,8vk6qr2j,y65jv7de,wk6j6ood,n930k6n9,5
lde3k4e6,8vk6qr2j,y65jv7de,wk6j6ood,z98jp1gw,5
lde3k4e6,8vk6qr2j,y65jv7de,wk6j6ood,z98jp1gw,2
lde3k4e6,8vk6qr2j,y65jv7de,wk6j6ood,ldyeqmkw,5
lde3k4e6,8vk6qr2j,y65jv7de,wk6j6ood,rdn53eqd,4
lde3k4e6,8vk6qr2j,y65jv7de,wk6j6ood,rdn53eqd,5
lde3k4e6,8vk6qr2j,46wynndr,xk90mnyk,n93qx2nw,3
lde3k4e6,8vk6qr2j,46wynndr,xk90mnyk,z98ro2gd,2
lde3k4e6,8vk6qr2j,o6gnk3o1,xd118x7d,rdn3817w,1
lde3k4e6,8vk6qr2j,9d3vjg6l,n2yqpqzk,None,1
lde3k4e6,8vk6qr2j,268wkj56,q255r7w2,rdnv1ev9,1
lde3k4e6,8vk6qr2j,46wynndr,xk90mnyk,59206vod,2
lde3k4e6,8vk6qr2j,46wynndr,xk90mnyk,rw6q7krd,2
lde3k4e6,8vk6qr2j,268wkj56,q255r7w2,z980k1ld,2
lde3k4e6,8vk6qr2j,268wkj56,q255r7w2,n93pj6ed,1
lde3k4e6,8vk6qr2j,9do34odp,z27ggj42,None,4
lde3k4e6,8vk6qr2j,9do34odp,wdmzly32,n9367n90,3
lde3k4e6,8vk6qr2j,j1l754dg,q251xwdo,None,7
lde3k4e6,8vk6qr2j,k6qozo1g,xk9w0162,xd4pq82d,3
lde3k4e6,8vk6qr2j,k6qozo1g,xk9w0162,xd0pzoxw,2
lde3k4e6,8vk6qr2j,y65jv7de,9kvx3me2,None,11
lde3k4e6,8vk6qr2j,j1l754dg,mkermx9d,rdql8p2w,1
lde3k4e6,8vk6qr2j,k6qozo1g,xk9w0162,29vgop39,2
lde3k4e6,8vk6qr2j,yd4k87k6,z27wn9zk,r9gmn829,5
lde3k4e6,8vk6qr2j,yd4k87k6,z27wn9zk,o9xyo07d,5
lde3k4e6,8vk6qr2j,yd4k87k6,z27wn9zk,495qzn49,5
lde3k4e6,8vk6qr2j,yd4k87k6,z27wn9zk,5d7jxred,5
lde3k4e6,8vk6qr2j,yd4k87k6,z27wn9zk,rdqmoqg9,5
lde3k4e6,8vk6qr2j,yd4k87k6,z27wn9zk,kwjk6r19,4
lde3k4e6,8vk6qr2j,yd4k87k6,z27wn9zk,owom5x39,4
lde3k4e6,8vk6qr2j,yd4k87k6,z27wn9zk,xd1zy1yw,4
lde3k4e6,8vk6qr2j,yd4k87k6,z27wn9zk,ewp2o549,3
lde3k4e6,8vk6qr2j,yd4k87k6,z27wn9zk,y9mmgz09,3
lde3k4e6,8vk6qr2j,yd4k87k6,xk9wq962,None,4
lde3k4e6,8vk6qr2j,9d3vjg6l,vdo45x12,ldye3j7w,5
lde3k4e6,8vk6qr2j,9d3vjg6l,jdz9wgr2,rw6vmr69,4
lde3k4e6,8vk6qr2j,9d3vjg6l,9d8g3y6k,None,3
lde3k4e6,8vk6qr2j,9d3vjg6l,vdo45x12,z98jmzrw,8
lde3k4e6,8vk6qr2j,w6jl82ed,z27m09z2,None,1
lde3k4e6,8vk6qr2j,w6jl82ed,zd3w81nk,None,1
lde3k4e6,8vk6qr2j,46wynndr,02q3j5yk,69zp5olw,1
lde3k4e6,8vk6qr2j,46wynndr,xk90mnyk,69zp5olw,3
lde3k4e6,8vk6qr2j,j1l754dg,mkermx9d,5wkpx5pd,2
lde3k4e6,8vk6qr2j,j1l754dg,mkermx9d,5wkpx5pd,2
lde3k4e6,8vk6qr2j,j1l754dg,mkermx9d,5925k239,2
lde3k4e6,8vk6qr2j,j1l754dg,mkermx9d,5925k239,4
lde3k4e6,8vk6qr2j,j1l754dg,mkermx9d,29v264ld,3
lde3k4e6,8vk6qr2j,j1l754dg,mkermx9d,29v264ld,3
lde3k4e6,8vk6qr2j,j1l754dg,mkermx9d,xd4x14r9,2
lde3k4e6,8vk6qr2j,j1l754dg,mkermx9d,xd4x14r9,2
lde3k4e6,8vk6qr2j,j1l754dg,mkermx9d,xd0x1m4d,2
lde3k4e6,8vk6qr2j,j1l754dg,mkermx9d,xd0x1m4d,2
lde3k4e6,8vk6qr2j,j1l754dg,mkermx9d,rw6318gw,3
lde3k4e6,8vk6qr2j,j1l754dg,mkermx9d,rw6318gw,3
lde3k4e6,8vk6qr2j,j1l754dg,mkermx9d,n93o1vz9,2
lde3k4e6,8vk6qr2j,j1l754dg,mkermx9d,n93o1vz9,5
lde3k4e6,8vk6qr2j,j1l754dg,mkermx9d,gdr2nml9,2
lde3k4e6,8vk6qr2j,j1l754dg,mkermx9d,gdr2nml9,4
lde3k4e6,8vk6qr2j,j1l754dg,mkermx9d,nwl35qew,1
lde3k4e6,8vk6qr2j,j1l754dg,mkermx9d,nwl35qew,3
lde3k4e6,8vk6qr2j,j1l754dg,mkermx9d,ywelyr79,1
lde3k4e6,8vk6qr2j,j1l754dg,mkermx9d,ywelyr79,2
lde3k4e6,8vk6qr2j,j1l754dg,mkermx9d,z98n3yp9,5
lde3k4e6,8vk6qr2j,j1l754dg,mkermx9d,z98n3yp9,1
lde3k4e6,8vk6qr2j,j1l754dg,ndxr14od,5wkpx5pd,1
lde3k4e6,8vk6qr2j,j1l754dg,ndxr14od,z98n3yp9,1
lde3k4e6,8vk6qr2j,j1l754dg,ndxr14od,5d781k6w,1
lde3k4e6,8vk6qr2j,9d3vjg6l,02q3v17k,rw6vmr69,3
lde3k4e6,8vk6qr2j,46wynndr,7kjvnpxk,None,2
lde3k4e6,8vk6qr2j,w6jl82ed,xk9po96d,None,4
lde3k4e6,8vk6qr2j,w6jl82ed,9d84x0qk,z98zpnr9,2
lde3k4e6,8vk6qr2j,w6jl82ed,9d84x0qk,rdnl3n5w,1
lde3k4e6,8vk6qr2j,w6jl82ed,9d84x0qk,nwly03o9,1
lde3k4e6,8vk6qr2j,w6jl82ed,9d84x0qk,ywej0lld,1
lde3k4e6,8vk6qr2j,w6jl82ed,9d84x0qk,69zq7zx9,1
lde3k4e6,8vk6qr2j,w6jl82ed,9d84x0qk,r9gj6xj9,1
lde3k4e6,8vk6qr2j,w6jl82ed,9d84x0qk,o9xz643w,1
lde3k4e6,8vk6qr2j,w6jl82ed,9d84x0qk,495rp4md,2
lde3k4e6,8vk6qr2j,w6jl82ed,9d84x0qk,rdq3ylow,1
lde3k4e6,8vk6qr2j,w6jl82ed,9d84x0qk,5d7ep8qw,1
lde3k4e6,8vk6qr2j,w6jl82ed,9d84x0qk,kwj80p09,1
lde3k4e6,8vk6qr2j,w6jl82ed,9d84x0qk,gdr8r2e9,1
lde3k4e6,8vk6qr2j,w6jl82ed,9d84x0qk,ldy5q2pw,1
lde3k4e6,8vk6qr2j,pd0q2231,mkexxl6d,None,1
lde3k4e6,8vk6qr2j,lde7nn13,jdr9o4nd,z986n3gd,2
lde3k4e6,8vk6qr2j,46wynndr,xk90mnyk,xd1jmeed,2
lde3k4e6,8vk6qr2j,w6jl82ed,xk9po96d,None,1
lde3k4e6,8vk6qr2j,pd0q2231,zdnzj87d,rdnmpx69,4
lde3k4e6,8vk6qr2j,pd0q2231,zdnzj87d,ldyrpk79,2
lde3k4e6,8vk6qr2j,pd0q2231,zdnzj87d,gdr0q6kd,3
lde3k4e6,8vk6qr2j,pd0q2231,zdnzj87d,nwlm74g9,2
lde3k4e6,8vk6qr2j,pd0q2231,zdnzj87d,ywev8x4d,2
lde3k4e6,8vk6qr2j,pd0q2231,zdnzj87d,69zl4e4d,2
lde3k4e6,8vk6qr2j,pd0q2231,zdnzj87d,r9gm3q29,2
lde3k4e6,8vk6qr2j,pd0q2231,zdnzj87d,o9xylr7d,3
lde3k4e6,8vk6qr2j,pd0q2231,zdnzj87d,495q8x49,1
lde3k4e6,8vk6qr2j,9d3vjg6l,02q3v17k,5wk2qnvw,1
lde3k4e6,8vk6qr2j,9d3vjg6l,jdz9wgr2,owok3ejd,3
lde3k4e6,8vk6qr2j,pd0q2231,q25jnmwd,None,2
lde3k4e6,8vk6qr2j,m1zjp806,02qvyp7d,nwl2e5pd,1
lde3k4e6,8vk6qr2j,m1zjp806,ndx4z7o2,None,1
lde3k4e6,8vk6qr2j,m1zjp806,02q4pyyd,None,1
lde3k4e6,8vk6qr2j,m1zjp806,9d8yxr7k,None,1
lde3k4e6,8vk6qr2j,m1zjp806,wk68zvo2,None,2
lde3k4e6,8vk6qr2j,m1zjp806,zd3xn8ed,None,1
lde3k4e6,8vk6qr2j,m1zjp806,9kv957e2,None,1
lde3k4e6,8vk6qr2j,m1zjp806,rklr4v6k,None,1
lde3k4e6,8vk6qr2j,m1zjp806,jdzw17rd,5924pmgw,2
lde3k4e6,8vk6qr2j,m1zjp806,jdzw17rd,29vzp61d,1
lde3k4e6,8vk6qr2j,m1zjp806,jdzw17rd,xd4k810w,2
lde3k4e6,8vk6qr2j,m1zjp806,jdzw17rd,xd04o10w,2
lde3k4e6,8vk6qr2j,m1zjp806,jdzw17rd,rw6my1n9,2
lde3k4e6,8vk6qr2j,m1zjp806,jdzw17rd,n93m317d,1
lde3k4e6,8vk6qr2j,m1zjp806,jdzw17rd,z98ml37w,1
lde3k4e6,8vk6qr2j,m1zjp806,jdzw17rd,rdnqg7nd,1
lde3k4e6,8vk6qr2j,m1zjp806,jdzw17rd,ldy30xj9,1
lde3k4e6,8vk6qr2j,m1zjp806,jdzw17rd,gdry7n8w,1
lde3k4e6,8vk6qr2j,m1zjp806,jdzw17rd,nwl2e5pd,2
lde3k4e6,8vk6qr2j,m1zjp806,jdzw17rd,yweqpyqw,1
lde3k4e6,8vk6qr2j,m1zjp806,jdzw17rd,69z80569,1
lde3k4e6,8vk6qr2j,m1zjp806,jdzw17rd,r9g78lq9,1
lde3k4e6,8vk6qr2j,m1zjp806,jdzw17rd,gdr6508d,1
lde3k4e6,8vk6qr2j,m1zjp806,jdzw17rd,nwl4rmp9,2
lde3k4e6,8vk6qr2j,m1zjp806,jdzw17rd,5d7pvk5d,1
lde3k4e6,8vk6qr2j,m1zjp806,zdnz3ned,None,1
lde3k4e6,8vk6qr2j,w6jl82ed,9kvo7e02,None,1
lde3k4e6,8vk6qr2j,w6jl82ed,9d84x0qk,owoe8yjd,1
lde3k4e6,8vk6qr2j,w6jl82ed,9d84x0qk,rw6l23pw,1
lde3k4e6,8vk6qr2j,w6jl82ed,9d84x0qk,ywej0nld,1
lde3k4e6,8vk6qr2j,w6jl82ed,9d84x0qk,5d7eplqw,1
lde3k4e6,8vk6qr2j,w6jl82ed,9d84x0qk,n93nkn2w,1
lde3k4e6,8vk6qr2j,w6jl82ed,9d84x0qk,29vlg2qw,1
lde3k4e6,8vk6qr2j,w6jl82ed,9d84x0qk,gdr8rge9,2
lde3k4e6,8vk6qr2j,w6jl82ed,9d84x0qk,kwj80309,1
lde3k4e6,8vk6qr2j,w6jl82ed,9d84x0qk,xd4ypnqd,1
lde3k4e6,8vk6qr2j,w6jl82ed,9d84x0qk,ewpznry9,1
lde3k4e6,8vk6qr2j,w6jl82ed,9d84x0qk,ldy5qjpw,1
lde3k4e6,8vk6qr2j,w6jl82ed,9d84x0qk,rdq3ygow,1
lde3k4e6,8vk6qr2j,w6jl82ed,9d84x0qk,5928m379,1
lde3k4e6,8vk6qr2j,w6jl82ed,9d84x0qk,y9mr08zw,3
lde3k4e6,8vk6qr2j,w6jl82ed,9d84x0qk,z98zper9,1
lde3k4e6,8vk6qr2j,w6jl82ed,9d84x0qk,r9gj6rj9,1
lde3k4e6,8vk6qr2j,w6jl82ed,9d84x0qk,5wkn08vw,1
lde3k4e6,8vk6qr2j,w6jl82ed,9d84x0qk,rw6l2rpw,1
lde3k4e6,8vk6qr2j,w6jl82ed,9d84x0qk,5wkn0pvw,2
lde3k4e6,8vk6qr2j,w6jl82ed,9d84x0qk,o9xz6k3w,1
lde3k4e6,8vk6qr2j,w6jl82ed,9d84x0qk,y9mr0yzw,2
lde3k4e6,8vk6qr2j,w6jl82ed,9d84x0qk,xd02plm9,1
lde3k4e6,8vk6qr2j,w6jl82ed,9d84x0qk,xd4ypxqd,1
lde3k4e6,8vk6qr2j,w6jl82ed,9d84x0qk,nwly0no9,1
lde3k4e6,8vk6qr2j,w6jl82ed,9d84x0qk,495rpymd,1
lde3k4e6,8vk6qr2j,w6jl82ed,9d84x0qk,ewpzney9,1
lde3k4e6,8vk6qr2j,w6jl82ed,9d84x0qk,xd02pxm9,1
lde3k4e6,8vk6qr2j,w6jl82ed,9d84x0qk,rdnl3r5w,1
lde3k4e6,8vk6qr2j,w6jl82ed,9d84x0qk,owoe8ljd,1
lde3k4e6,8vk6qr2j,w6jl82ed,9d84x0qk,29vlgjqw,1
lde3k4e6,8vk6qr2j,w6jl82ed,9d84x0qk,5928m579,2
lde3k4e6,8vk6qr2j,w6jl82ed,9d84x0qk,n93nk82w,1
lde3k4e6,8vk6qr2j,w6jl82ed,9d84x0qk,69zq7xx9,1
lde3k4e6,8vk6qr2j,w6jl82ed,9d84x0qk,xd13p6z9,1
lde3k4e6,8vk6qr2j,w6jl82ed,9d84x0qk,z98zpzr9,1
lde3k4e6,8vk6qr2j,kdkzpjgd,7kj36mg2,None,5
lde3k4e6,8vk6qr2j,lde7nn13,rklq5qw2,None,4
lde3k4e6,8vk6qr2j,m1zjp806,q25mr3jd,o9xx0g69,6
lde3k4e6,8vk6qr2j,w6jl82ed,9d84x0qk,5wkn06vw,1
lde3k4e6,8vk6qr2j,w6jl82ed,9d84x0qk,5928mq79,2
lde3k4e6,8vk6qr2j,w6jl82ed,9d84x0qk,29vlg7qw,1
lde3k4e6,8vk6qr2j,w6jl82ed,9d84x0qk,xd4yp2qd,1
lde3k4e6,8vk6qr2j,w6jl82ed,9d84x0qk,xd02pqm9,1
lde3k4e6,8vk6qr2j,w6jl82ed,9d84x0qk,rw6l2opw,1
lde3k4e6,8vk6qr2j,w6jl82ed,9d84x0qk,n93nko2w,1
lde3k4e6,8vk6qr2j,m1zjp806,q25mr3jd,rw6my1n9,8
lde3k4e6,8vk6qr2j,46wynndr,n2yqy58k,None,1
lde3k4e6,8vk6qr2j,m1zjp806,q25mr3jd,r9g78lq9,5
lde3k4e6,8vk6qr2j,46wynndr,xk90mnyk,495k2o09,1
lde3k4e6,8vk6qr2j,m1zjp806,q25mr3jd,z98ml37w,7
lde3k4e6,8vk6qr2j,46wynndr,xk90mnyk,69zp5olw,1
lde3k4e6,8vk6qr2j,46wynndr,xk90mnyk,r9gyl059,1
lde3k4e6,8vk6qr2j,46wynndr,xk90mnyk,o9x1g50d,1
lde3k4e6,8vk6qr2j,m1zjp806,02qvyp7d,gdry7n8w,1
lde3k4e6,8vk6qr2j,9d3vjg6l,824g0ve2,None,2
lde3k4e6,8vk6qr2j,m1zjp806,824051ed,495mn22w,1
lde3k4e6,8vk6qr2j,m1zjp806,02qvyp7d,ldyxgzp9,1
lde3k4e6,8vk6qr2j,4d7mnnd7,zdnl9vq2,495jnk0w,2
lde3k4e6,8vk6qr2j,4d7mnnd7,zdnl9vq2,o9x2010w,2
lde3k4e6,8vk6qr2j,4d7mnnd7,zdnl9vq2,r9gz8y5d,1
lde3k4e6,8vk6qr2j,4d7mnnd7,zdnl9vq2,69zr0pld,4
lde3k4e6,8vk6qr2j,4d7mnnd7,zdnl9vq2,rdq0qzkw,3
lde3k4e6,8vk6qr2j,4d7mnnd7,zdnl9vq2,5d77rygd,2
lde3k4e6,8vk6qr2j,4d7mnnd7,zdnl9vq2,gdrj7p6w,1
lde3k4e6,8vk6qr2j,4d7mnnd7,zdnl9vq2,ywe4p2yd,1
lde3k4e6,8vk6qr2j,4d7mnnd7,zdnl9vq2,nwl6eg0w,1
lde3k4e6,8vk6qr2j,4d7mnnd7,zdnl9vq2,kwjyr7nw,2
lde3k4e6,8vk6qr2j,m1mn4qjd,xk95x3x2,None,1
lde3k4e6,8vk6qr2j,m1mn4qjd,xk95x3x2,None,1
lde3k4e6,8vk6qr2j,j1l754dg,mkermx9d,rdql8p2w,3
lde3k4e6,8vk6qr2j,j1l754dg,mkermx9d,5d781k6w,8
lde3k4e6,8vk6qr2j,j1l754dg,wkp111gk,None,5
lde3k4e6,8vk6qr2j,9d3vjg6l,wkpy500k,rw6vmr69,2
lde3k4e6,8vk6qr2j,9d3vjg6l,wkpy500k,n930m8r9,1
lde3k4e6,8vk6qr2j,9d3vjg6l,wkpy500k,z98jme1w,3
lde3k4e6,8vk6qr2j,4d7mnnd7,q25e6v82,5d73lye9,1
lde3k4e6,8vk6qr2j,j1l754dg,mkermx9d,y9m867xd,4
lde3k4e6,8vk6qr2j,j1l754dg,mkermx9d,ewpr31jd,4
lde3k4e6,8vk6qr2j,9d3vjg6l,9d85zl3d,None,7
lde3k4e6,8vk6qr2j,lde7nn13,jdr9o4nd,n937o1zd,5
lde3k4e6,8vk6qr2j,o6gnk3o1,xd118x7d,ewpny6j9,2
lde3k4e6,8vk6qr2j,o6gnk3o1,xd118x7d,495pg03w,2
lde3k4e6,8vk6qr2j,o6gnk3o1,xd118x7d,5wk0o7p9,1
lde3k4e6,8vk6qr2j,o6gnk3o1,xd118x7d,nwl01vew,2
lde3k4e6,8vk6qr2j,o6gnk3o1,xd118x7d,xd0py54w,3
lde3k4e6,8vk6qr2j,o6gnk3o1,xd118x7d,r9g65opw,2
lde3k4e6,8vk6qr2j,o6gnk3o1,xd118x7d,o9x6qvp9,2
lde3k4e6,8vk6qr2j,o6gnk3o1,xd118x7d,xd1prq5d,3
lde3k4e6,8vk6qr2j,o6gnk3o1,xd118x7d,rdn38v7w,1
lde3k4e6,8vk6qr2j,o6gnk3o1,xd118x7d,29vgxrl9,2
lde3k4e6,8vk6qr2j,o6gnk3o1,xd118x7d,ldyq6vrw,1
lde3k4e6,8vk6qr2j,o6gnk3o1,xd118x7d,y9m03oxw,2
lde3k4e6,8vk6qr2j,o6gnk3o1,xd118x7d,xd4pzord,2
lde3k4e6,8vk6qr2j,o6gnk3o1,xd118x7d,ywe0g779,1
lde3k4e6,8vk6qr2j,o6gnk3o1,xd118x7d,592ml73w,2
lde3k4e6,8vk6qr2j,o6gnk3o1,xd118x7d,z98pqkpw,2
lde3k4e6,8vk6qr2j,o6gnk3o1,xd118x7d,69z7jvgw,1
lde3k4e6,8vk6qr2j,o6gnk3o1,xd118x7d,n93kejew,1
lde3k4e6,8vk6qr2j,o6gnk3o1,xd118x7d,ldyq6zzw,1
lde3k4e6,8vk6qr2j,o6gnk3o1,xd118x7d,gdrrl3zd,2
lde3k4e6,8vk6qr2j,o6gnk3o1,xd118x7d,n93kejzw,1
lde3k4e6,8vk6qr2j,o6gnk3o1,xd118x7d,owo8npkd,3
lde3k4e6,8vk6qr2j,o6gnk3o1,xd118x7d,rdqyrv29,1
lde3k4e6,8vk6qr2j,o6gnk3o1,xd118x7d,ldyq6zrw,1
lde3k4e6,8vk6qr2j,o6gnk3o1,xd118x7d,gdrrlvld,2
lde3k4e6,8vk6qr2j,o6gnk3o1,xd118x7d,rw62x6gd,1
lde3k4e6,8vk6qr2j,o6gnk3o1,xd118x7d,rdn381vw,2
lde3k4e6,8vk6qr2j,o6gnk3o1,xd118x7d,5d7p5m6d,2
lde3k4e6,8vk6qr2j,o6gnk3o1,xd118x7d,kwj0jq7d,2
lde3k4e6,8vk6qr2j,o6gnk3o1,xd118x7d,z98pqklw,2
lde3k4e6,8vk6qr2j,o6gnk3o1,xd118x7d,nwl01jrw,1
lde3k4e6,8vk6qr2j,o6gnk3o1,xk9po14d,None,2
lde3k4e6,8vk6qr2j,j1l754dg,mkermx9d,ldy2xnrw,2
lde3k4e6,8vk6qr2j,j1l754dg,mkermx9d,rdnn767d,5
lde3k4e6,8vk6qr2j,9d3vjg6l,mkel116d,None,5
lde3k4e6,8vk6qr2j,lde7nn13,xd1305zk,ldyy2xkd,3
lde3k4e6,8vk6qr2j,lde7nn13,xd1305zk,z986n3pd,3
lde3k4e6,8vk6qr2j,lde7nn13,xd1305zk,rdn0n77w,3
lde3k4e6,8vk6qr2j,lde7nn13,xd1305zk,nwll35ew,3
lde3k4e6,8vk6qr2j,lde7nn13,xd1305zk,69z3z5gd,3
lde3k4e6,8vk6qr2j,lde7nn13,xd1305zk,r9g2xlpd,4
lde3k4e6,8vk6qr2j,lde7nn13,02q85r72,None,3
lde3k4e6,8vk6qr2j,o6gnk3o1,7kjoj4n2,None,9
lde3k4e6,8vk6qr2j,9d3vjg6l,vdo45x12,rw6vmr69,11
lde3k4e6,8vk6qr2j,m1zjp806,02qvyp7d,r9g78lq9,1
lde3k4e6,8vk6qr2j,46wynndr,xk90mnyk,n93qx2nw,1
lde3k4e6,8vk6qr2j,pdvz2k96,xd17yn7d,gdr2v8k9,3
lde3k4e6,8vk6qr2j,o6gen512,wdmq1xe2,None,322
lde3k4e6,8vk6qr2j,m1zjp806,jdzw17rd,n93m317d,1
lde3k4e6,8vk6qr2j,o6gen512,ndx8z6jk,ldyennpw,15
lde3k4e6,8vk6qr2j,lde7nn13,jdr9o4nd,r9g2xlpd,3
lde3k4e6,8vk6qr2j,lde7nn13,02q85r72,None,10
lde3k4e6,8vk6qr2j,o6gnk3o1,7kjoj4n2,None,2
lde3k4e6,8vk6qr2j,9d3vjg6l,jdz9wgr2,gdrjy8ew,4
lde3k4e6,8vk6qr2j,9d3vjg6l,jdz9wgr2,z98jmzrw,5
lde3k4e6,8vk6qr2j,9d3vjg6l,jdz9wgr2,rdn5ql5d,3
lde3k4e6,8vk6qr2j,9d3vjg6l,jdz9wgr2,n930mn29,4
lde3k4e6,8vk6qr2j,9d3vjg6l,jdz9wgr2,rdn5qr6d,6
lde3k4e6,8vk6qr2j,9d3vjg6l,jdz9wgr2,ldye3j7w,3
lde3k4e6,8vk6qr2j,9d3vjg6l,jdz9wgr2,z98jme1w,3
lde3k4e6,8vk6qr2j,y65jv7de,7kjr01z2,r9g750k9,1
lde3k4e6,8vk6qr2j,y65jv7de,7kjr01z2,495mgojw,2
lde3k4e6,8vk6qr2j,9d3vjg6l,jdz9wgr2,n930m8r9,4
lde3k4e6,8vk6qr2j,y65jv7de,7kjr01z2,69z8jyo9,3
lde3k4e6,8vk6qr2j,y65jv7de,7kjr01z2,o9xxq519,3
lde3k4e6,8vk6qr2j,o6gnk3o1,q25xlwyk,None,1
lde3k4e6,8vk6qr2j,y65jv7de,wk6j6ood,nwl60r0w,7
lde3k4e6,8vk6qr2j,y65jv7de,wk6j6ood,ywe406yd,4
lde3k4e6,8vk6qr2j,y65jv7de,wk6j6ood,ywe406yd,6
lde3k4e6,8vk6qr2j,y65jv7de,wk6j6ood,nwl60r0w,5
lde3k4e6,8vk6qr2j,9d3vjg6l,jdz9wgr2,y9me2rzd,3
lde3k4e6,8vk6qr2j,9d3vjg6l,jdz9wgr2,5wk2qnvw,2
lde3k4e6,8vk6qr2j,9d3vjg6l,jdz9wgr2,592j487w,2
lde3k4e6,8vk6qr2j,9d3vjg6l,jdz9wgr2,29vyzlq9,3
lde3k4e6,8vk6qr2j,46wynndr,xk90mnyk,rw6q7krd,1
lde3k4e6,8vk6qr2j,46wynndr,xk90mnyk,xd0kevx9,1
lde3k4e6,8vk6qr2j,46wynndr,xk90mnyk,29vm8139,1
lde3k4e6,8vk6qr2j,46wynndr,xk90mnyk,xd405v29,1
lde3k4e6,8vk6qr2j,pdvz2k96,xd1ew842,None,4
lde3k4e6,8vk6qr2j,46wynndr,xk90mnyk,rdqz82kd,4
lde3k4e6,8qzz0278,y65jv7de,wk6j6ood,o9x26p0w,1
lde3k4e6,8qzz0278,y65jv7de,wk6j6ood,o9x26p0w,1
lde3k4e6,8qzz0278,y65jv7de,9kvx3me2,None,1
lde3k4e6,8qzz0278,y65jv7de,wk6j6ood,gdrjr56w,1
lde3k4e6,8qzz0278,y65jv7de,wk6j6ood,gdrjr56w,1
lde3k4e6,8qzz0278,y65jv7de,q25j47gd,None,1
lde3k4e6,8qzz0278,y65jv7de,xd1qrx72,None,1
lde3k4e6,8qzz0278,y65jv7de,wk6j6ood,nwl60r0w,1
lde3k4e6,8qzz0278,y65jv7de,wk6j6ood,nwl60r0w,1
lde3k4e6,8qzz0278,y65jv7de,7kjr01z2,o9x26p0w,1
lde3k4e6,8qzz0278,y65jv7de,7kjr01z2,ldyeqmkw,1
lde3k4e6,8qzz0278,y65jv7de,7kjr01z2,ywe406yd,1
lde3k4e6,8qzz0278,y65jv7de,wk6j6ood,rw6v2jr9,1
lde3k4e6,8qzz0278,y65jv7de,wk6j6ood,z98jp1gw,1
lde3k4e6,8qzz0278,y65jv7de,wk6j6ood,69zr7kld,1
lde3k4e6,8qzz0278,y65jv7de,xd1qrx72,None,1
lde3k4e6,8qzz0278,y65jv7de,wk6j6ood,69zr7kld,1
lde3k4e6,8qzz0278,y65jv7de,wk6j6ood,69zr7kld,1
lde3k4e6,8qzz0278,y65jv7de,wk6j6ood,z98jp1gw,1
lde3k4e6,8qzz0278,y65jv7de,wk6j6ood,z98jp1gw,1
lde3k4e6,8qzz0278,y65jv7de,wk6j6ood,rdq0yxkw,1
lde3k4e6,8qzz0278,y65jv7de,wk6j6ood,ldyeqmkw,1
lde3k4e6,8qzz0278,y65jv7de,wk6j6ood,ldyeqmkw,1
lde3k4e6,8qzz0278,y65jv7de,wk6j6ood,ywe406yd,1
lde3k4e6,8qzz0278,y65jv7de,wk6j6ood,rdq0yxkw,1
lde3k4e6,8qzz0278,y65jv7de,wk6j6ood,kwjy0nnw,1
lde3k4e6,8qzz0278,y65jv7de,7kjr01z2,495jp70w,1
lde3k4e6,8qzz0278,y65jv7de,7kjr01z2,r9gz6v5d,1
lde3k4e6,8qzz0278,y65jv7de,7kjr01z2,z98jp1gw,1
lde3k4e6,8qzz0278,y65jv7de,7kjr01z2,5d77pogd,1
lde3k4e6,8qzz0278,y65jv7de,7kjr01z2,kwjy0nnw,1
lde3k4e6,8qzz0278,y65jv7de,7kjr01z2,owok8zod,1
lde3k4e6,8qzz0278,y65jv7de,7kjr01z2,69zr7kld,1
lde3k4e6,8qzz0278,y65jv7de,7kjr01z2,n930k6n9,1
lde3k4e6,8qzz0278,y65jv7de,wk6j6ood,495jp70w,1
lde3k4e6,8qzz0278,y65jv7de,w20gp4zk,None,1
lde3k4e6,8qzz0278,y65jv7de,wk6j6ood,rw6v2jr9,1
lde3k4e6,8qzz0278,3dxkz0v1,9kv83mjd,None,504
lde3k4e6,8qzz0278,3dxkz0v1,9kv83mjd,None,592
lde3k4e6,8qzz0278,3dxkz0v1,ndx3qjod,None,69
lde3k4e6,8qzz0278,3dxkz0v1,ndx3qjod,None,33
lde3k4e6,8qzz0278,y65jv7de,wk6j6ood,r9gz6v5d,1
lde3k4e6,8qzz0278,y65jv7de,wk6j6ood,owok8zod,1
lde3k4e6,8qzz0278,v1pxlj76,q25xlzyk,nwl01rrw,1
lde3k4e6,8qzz0278,y65jv7de,wk6j6ood,z98jp1gw,1
lde3k4e6,8qzz0278,y65jv7de,wk6j6ood,z98jp1gw,1
lde3k4e6,8qzz0278,y65jv7de,wk6j6ood,rdn53eqd,1
lde3k4e6,8qzz0278,v1pxlj76,mkex8mnd,None,2
lde3k4e6,8qzz0278,j1l754dg,mkermx9d,r9gxlepw,5
lde3k4e6,8qzz0278,j1l754dg,mkermx9d,r9gxlepw,4
lde3k4e6,8qzz0278,9d3vjg6l,9d85zl3d,None,6
lde3k4e6,8qzz0278,y65jv7de,wk6j6ood,5d77pogd,1
lde3k4e6,8qzz0278,y65jv7de,wk6j6ood,kwjy0nnw,1
lde3k4e6,8qzz0278,4d7mnnd7,mke5py9k,5d7xx2g9,7
lde3k4e6,8qzz0278,4d7mnnd7,wk6or4qk,None,4
lde3k4e6,8qzz0278,j1l754dg,mkermx9d,5d781k6w,5
lde3k4e6,8qzz0278,j1l754dg,mkermx9d,5d781k6w,2
lde3k4e6,8qzz0278,pd0q2231,n2yvv982,None,2
lde3k4e6,8qzz0278,y65jv7de,7kjr01z2,rw6v2jr9,1
lde3k4e6,8qzz0278,9d3vjg6l,n2yqpqzk,None,19
lde3k4e6,8qzz0278,y65jv7de,wk6j6ood,rw6v2jr9,1
lde3k4e6,8qzz0278,o6gnk3o1,xd118x7d,495pg03w,1
lde3k4e6,8qzz0278,y65jv7de,wk6j6ood,owok8zod,1
lde3k4e6,8qzz0278,o6gnk3o1,xd118x7d,o9x6qvp9,1
lde3k4e6,8qzz0278,o6gnk3o1,xd118x7d,xd1prq5d,1
lde3k4e6,8qzz0278,o6gnk3o1,xd118x7d,y9m03oxw,1
lde3k4e6,8qzz0278,o6gnk3o1,xk9po14d,None,1
lde3k4e6,8qzz0278,o6gnk3o1,xd118x7d,rdn381vw,1
lde3k4e6,8qzz0278,y65jv7de,wk6j6ood,495jp70w,1
lde3k4e6,8qzz0278,y65jv7de,wk6j6ood,r9gz6v5d,1
lde3k4e6,8qzz0278,y65jv7de,wk6j6ood,5d77pogd,1
lde3k4e6,8qzz0278,y65jv7de,wk6j6ood,n930k6n9,1
lde3k4e6,8qzz0278,y65jv7de,wk6j6ood,n930k6n9,1
lde3k4e6,8qzz0278,y65jv7de,wk6j6ood,rdn53eqd,1
lde3k4e6,8qzz0278,j1l754dg,mkermx9d,y9m867xd,2
lde3k4e6,8qzz0278,j1l754dg,mkermx9d,y9m867xd,1
lde3k4e6,8qzz0278,j1l754dg,mkermx9d,rdnn767d,3
lde3k4e6,8qzz0278,o6gnk3o1,xd118x7d,5d7p5m6d,1
lde3k4e6,8qzz0278,o6gnk3o1,xd118x7d,owo8npkd,2
lde3k4e6,8qzz0278,o6gnk3o1,xd118x7d,r9g65opw,1
lde3k4e6,8qzz0278,o6gnk3o1,xd118x7d,xd4pzord,1
lde3k4e6,8qzz0278,o6gnk3o1,xd118x7d,592ml73w,1
lde3k4e6,8qzz0278,o6gnk3o1,xd118x7d,29vgxrl9,1
lde3k4e6,8qzz0278,o6gnk3o1,xd118x7d,rdn3817w,3
lde3k4e6,8qzz0278,o6gnk3o1,xd118x7d,xd0py54w,2
lde3k4e6,8qzz0278,o6gnk3o1,xd118x7d,nwl01vew,1
lde3k4e6,8qzz0278,4d7mnnd7,wk6or4qk,None,1
lde3k4e6,8qzz0278,v1pxlj76,rkl97mrk,None,1
lde3k4e6,8qzz0278,v1pxlj76,q25xlzyk,rw62x87d,1
lde3k4e6,8qzz0278,y65jv7de,wk6j6ood,ywe406yd,1
lde3k4e6,8qzz0278,lde7nn13,02q85r72,None,11
lde3k4e6,8qzz0278,j1l754dg,wkp111gk,None,7
lde3k4e6,8qzz0278,lde3k4e6,xd1gyj8d,None,5
lde3k4e6,8qzz0278,lde3k4e6,7kjong42,None,6
lde3k4e6,8qzz0278,lde3k4e6,7kjong42,None,6
lde3k4e6,8qzz0278,lde7nn13,xd1305zk,n937o1zd,3
lde3k4e6,8qzz0278,v1pxlj76,rkl97mrk,None,1
lde3k4e6,8qzz0278,9d3vjg6l,vdo45x12,69zr8qxd,5
lde3k4e6,8qzz0278,y65jv7de,wk6j6ood,r9g750k9,2
lde3k4e6,jn3pgz1x,9do8mm1p,rkllonkn,None,843
lde3k4e6,jn3pgz1x,lde7nn13,xd1305zk,rdn0n77w,7
lde3k4e6,jn3pgz1x,lde7nn13,xd1305zk,69z3z5gd,6
lde3k4e6,jn3pgz1x,lde7nn13,xd1305zk,r9g2xlpd,7
lde3k4e6,jn3pgz1x,46w242q6,9d858e6d,None,1
lde3k4e6,jn3pgz1x,y65jv7de,wk6j6ood,o9xxq519,5
lde3k4e6,jn3pgz1x,y65jv7de,wk6j6ood,o9xxq519,6
lde3k4e6,jn3pgz1x,y65jv7de,wk6j6ood,69z8jyo9,3
lde3k4e6,jn3pgz1x,y65jv7de,wk6j6ood,69z8jyo9,3
lde3k4e6,jn3pgz1x,y65jv7de,wk6j6ood,r9g750k9,2
lde3k4e6,jn3pgz1x,y65jv7de,wk6j6ood,r9g750k9,3
lde3k4e6,jn3pgz1x,y65jv7de,wk6j6ood,495mgojw,5
lde3k4e6,jn3pgz1x,y65jv7de,wk6j6ood,495mgojw,4
lde3k4e6,jn3pgz1x,lde7nn13,xd1305zk,rw6431r9,14
lde3k4e6,jn3pgz1x,lde7nn13,xd1305zk,z986n3gd,10
lde3k4e6,jn3pgz1x,lde7nn13,xd1305zk,ldyy2xkd,8
lde3k4e6,jn3pgz1x,lde7nn13,xd1305zk,n937o1zd,10
lde3k4e6,jn3pgz1x,lde7nn13,xd1305zk,z986n3pd,9
lde3k4e6,jn3pgz1x,9d3vjg6l,vdo45x12,rdq0n3ow,9
lde3k4e6,jn3pgz1x,j1l754dg,mkermx9d,rdnn767d,9
lde3k4e6,jn3pgz1x,j1l754dg,5dw8z1gd,rdnn767d,5
lde3k4e6,jn3pgz1x,lde7nn13,xd1305zk,gdre2nl9,6
lde3k4e6,jn3pgz1x,46wynndr,q25ggx8d,owo7j1o9,9
lde3k4e6,jn3pgz1x,9d3vjg6l,vdo45x12,ldye35pw,10
lde3k4e6,jn3pgz1x,9d3vjg6l,vdo45x12,o9x2xz3w,9
lde3k4e6,jn3pgz1x,lde7nn13,xd1305zk,rdn0n7qw,10
lde3k4e6,jn3pgz1x,j1l754dg,5dw8z1gd,5925k239,3
lde3k4e6,jn3pgz1x,j1l754dg,mkermx9d,29v264ld,6
lde3k4e6,jn3pgz1x,j1l754dg,5dw8z1gd,29v264ld,3
lde3k4e6,jn3pgz1x,j1l754dg,mkermx9d,29v264ld,8
lde3k4e6,jn3pgz1x,j1l754dg,mkermx9d,5925k239,4
lde3k4e6,jn3pgz1x,j1l754dg,mkermx9d,ldy2xnrw,6
lde3k4e6,jn3pgz1x,j1l754dg,5dw8z1gd,ldy2xnrw,4
lde3k4e6,jn3pgz1x,46wynndr,q25ggx8d,rdqz82kd,7
lde3k4e6,jn3pgz1x,y65jv7de,wk6j6ood,o9x26p0w,6
lde3k4e6,jn3pgz1x,lde7nn13,xd1305zk,ywe1ly7d,7
lde3k4e6,jn3pgz1x,9d3vjg6l,vdo45x12,495jmrmw,9
lde3k4e6,jn3pgz1x,46wynndr,q25ggx8d,rw6q7krd,4
lde3k4e6,jn3pgz1x,y65jv7de,wk6j6ood,rdn53eqd,12
lde3k4e6,jn3pgz1x,y65jv7de,wk6j6ood,rdn53eqd,8
lde3k4e6,jn3pgz1x,j1l754dg,mkermx9d,xd4x14r9,7
lde3k4e6,jn3pgz1x,j1l754dg,mkermx9d,xd4x14r9,6
lde3k4e6,jn3pgz1x,j1l754dg,5dw8z1gd,xd4x14r9,5
lde3k4e6,jn3pgz1x,y65jv7de,wk6j6ood,kwjy0nnw,10
lde3k4e6,jn3pgz1x,y65jv7de,wk6j6ood,kwjy0nnw,7
lde3k4e6,jn3pgz1x,9d3vjg6l,vdo45x12,ldye3j7w,12
lde3k4e6,jn3pgz1x,lde7nn13,xd1305zk,ldyy2xrd,8
lde3k4e6,jn3pgz1x,y65jv7de,wk6j6ood,ldyeqmkw,11
lde3k4e6,jn3pgz1x,y65jv7de,wk6j6ood,ldyeqmkw,9
lde3k4e6,jn3pgz1x,y65jv7de,wk6j6ood,owok8zod,5
lde3k4e6,jn3pgz1x,46wynndr,q25ggx8d,29vm8139,5
lde3k4e6,jn3pgz1x,9d3vjg6l,vdo45x12,z98jmzrw,10
lde3k4e6,jn3pgz1x,o6gnk3o1,7kjoj4n2,None,11
lde3k4e6,jn3pgz1x,v1pxlj76,mkex8mnd,None,7
lde3k4e6,jn3pgz1x,m1zj0336,vdo1wq92,gdrrxved,1
lde3k4e6,jn3pgz1x,m1zj0336,vdo1wq92,ywe057l9,5
lde3k4e6,jn3pgz1x,m1zj0336,7dg6l5lk,ewpnxvy9,1
lde3k4e6,jn3pgz1x,m1zj0336,vdo1wq92,495p50mw,1
lde3k4e6,jn3pgz1x,y65jv7de,w20gp4zk,None,12
lde3k4e6,jn3pgz1x,o6g4qx62,rkl37nqk,kwj4zn0w,1
lde3k4e6,jn3pgz1x,o6g4qx62,ndx5on1k,kwj4zn0w,1
lde3k4e6,jn3pgz1x,o6g4qx62,9kv64nj2,kwj4zn0w,1
lde3k4e6,jn3pgz1x,y65jv7de,wk6j6ood,rw6v2jr9,10
lde3k4e6,jn3pgz1x,y65jv7de,wk6j6ood,rw6v2jr9,19
lde3k4e6,jn3pgz1x,y65lp31e,q25e5982,None,4
lde3k4e6,jn3pgz1x,y65lp31e,02qme7pd,None,2
lde3k4e6,jn3pgz1x,pdvzxlv6,7dg0oqlk,None,4
lde3k4e6,jn3pgz1x,4d79jql1,zd3xpxrd,None,15
lde3k4e6,jn3pgz1x,y65lp31e,5dwp81lk,ewppqk4w,6
lde3k4e6,jn3pgz1x,y65lp31e,5dwp81lk,5wk22zxw,16
lde3k4e6,jn3pgz1x,369py201,z279v9od,None,1
lde3k4e6,jn3pgz1x,9d3rvzwd,02q3q97k,None,17
lde3k4e6,jn3pgz1x,9do4e76p,xk9qg420,None,133
lde3k4e6,jn3pgz1x,9d3rvzwd,vdo86y6k,None,15
lde3k4e6,jn3pgz1x,46wynndr,7kjvnpxk,None,6
lde3k4e6,jn3pgz1x,9d3vjg6l,n2yqpqzk,None,28
lde3k4e6,jn3pgz1x,lde3k4e6,7kjong42,None,1
lde3k4e6,jn3pgz1x,j1l754dg,vdoory6d,None,13
lde3k4e6,jn3pgz1x,j1l754dg,q251xwdo,None,14
lde3k4e6,jn3pgz1x,9d3vjg6l,9d85zl3d,None,13
lde3k4e6,jn3pgz1x,y65lp31e,xk9vqevd,None,7
lde3k4e6,jn3pgz1x,m1zj0336,vdo1wq92,xd04o5xw,2
lde3k4e6,jn3pgz1x,m1zj0336,vdo1wq92,rw6my6r9,2
lde3k4e6,jn3pgz1x,m1zj0336,vdo1wq92,gdrrx3ed,3
lde3k4e6,jn3pgz1x,m1zj0336,wkp36q82,gdrrx3ed,3
lde3k4e6,jn3pgz1x,y65lp31e,xk9vqevd,None,12
lde3k4e6,jn3pgz1x,y65lp31e,xk9vqevd,None,6
lde3k4e6,jn3pgz1x,y65lp31e,5dwp81lk,69zx28gd,4
lde3k4e6,jn3pgz1x,4d7mnnd7,zdnl9vq2,5d73lye9,3
lde3k4e6,jn3pgz1x,4d7mnnd7,zdnl9vq2,rdq1gzg9,2
lde3k4e6,jn3pgz1x,yd487k6e,02qjevzd,None,13
lde3k4e6,jn3pgz1x,m1zj0336,wkp36q82,495p50mw,1
lde3k4e6,jn3pgz1x,lde7nn13,rklq5qw2,None,7
lde3k4e6,jn3pgz1x,lde7nn13,xd1305zk,nwll35ew,8
lde3k4e6,jn3pgz1x,m1zj0336,vdo1wq92,69z72vxw,1
lde3k4e6,jn3pgz1x,m1zj0336,vdo1wq92,o9x67v39,1
lde3k4e6,jn3pgz1x,pdvzr8o6,824romed,rdq38nmw,6
lde3k4e6,jn3pgz1x,y654w40d,7kj6o3n2,None,2
lde3k4e6,jn3pgz1x,m1zj0336,vdo1wq92,xd4p2lqd,3
lde3k4e6,jn3pgz1x,m1zj0336,vdo1wq92,xd1p2nzd,3
lde3k4e6,jn3pgz1x,m1zj0336,vdo1wq92,n93k462w,3
lde3k4e6,jn3pgz1x,m1zj0336,vdo1wq92,rdn3ze5w,1
lde3k4e6,jn3pgz1x,m1zj0336,vdo1wq92,z98p717w,3
lde3k4e6,jn3pgz1x,m1zj0336,vdo1wq92,rdn3zenw,4
lde3k4e6,jn3pgz1x,m1zj0336,vdo1wq92,ldyqgmjw,3
lde3k4e6,jn3pgz1x,9d3rvzwd,7kj35o32,None,12
lde3k4e6,jn3pgz1x,76r55vd8,w20w1lzd,None,3040
lde3k4e6,jn3pgz1x,3dxr5gdy,7dggywpd,None,8
lde3k4e6,jn3pgz1x,3dxr5gdy,wkpyn8wk,None,11
lde3k4e6,jn3pgz1x,m1zjmqx6,xk987nv2,495yel4w,2
lde3k4e6,jn3pgz1x,kdkzpjgd,9kv9j8e2,5wk1ov2d,3
lde3k4e6,jn3pgz1x,kdkzpjgd,ndx4p3o2,5wk1ov2d,1
lde3k4e6,jn3pgz1x,kdkzpjgd,ndx4p3o2,592nl1o9,5
lde3k4e6,jn3pgz1x,kdkzpjgd,ndx4p3o2,y9m1ze19,3
lde3k4e6,jn3pgz1x,kdkzpjgd,ndx4p3o2,5wk1l2qd,3
lde3k4e6,jn3pgz1x,kdkzpjgd,9kv9j8e2,592npjr9,1
lde3k4e6,jn3pgz1x,kdkzpjgd,ndx4p3o2,592npjr9,1
lde3k4e6,jn3pgz1x,kdkzpjgd,ndx4p3o2,xd4rzo29,3
lde3k4e6,jn3pgz1x,y65lp31e,5dwp81lk,rw6o3npw,3
lde3k4e6,jn3pgz1x,m1mxxw46,7dgrvqpk,None,30
lde3k4e6,jn3pgz1x,pdvzr8o6,wkpvlqjk,None,8
lde3k4e6,jn3pgz1x,pdvzr8o6,824romed,o9xzgx6w,7
lde3k4e6,jn3pgz1x,pdvzr8o6,824romed,495r2m2d,9
lde3k4e6,jn3pgz1x,pdvzr8o6,824romed,o9x4ojpd,13
lde3k4e6,jn3pgz1x,y65jv7de,9kvx3me2,None,27
lde3k4e6,jn3pgz1x,76rxovv6,9kv750ok,r9g1lxj9,8
lde3k4e6,jn3pgz1x,76rxovv6,zdnxo092,None,22
lde3k4e6,jn3pgz1x,m1zj0336,vdo1wq92,o9x67e39,1
lde3k4e6,jn3pgz1x,m1zj0336,wkp36q82,o9x67e39,3
lde3k4e6,jn3pgz1x,m1zj0336,vdo1wq92,495p51mw,1
lde3k4e6,jn3pgz1x,m1zj0336,vdo1wq92,rdqy7vo9,4
lde3k4e6,jn3pgz1x,m1zj0336,vdo1wq92,5d7p40qd,4
lde3k4e6,jn3pgz1x,m1zj0336,wkp36q82,5d7p40qd,4
lde3k4e6,jn3pgz1x,m1zj0336,vdo1wq92,kwj0zm0d,4
lde3k4e6,jn3pgz1x,m1zj0336,vdo1wq92,xd1p2ozd,4
lde3k4e6,jn3pgz1x,m1zj0336,vdo1wq92,ewpnxvy9,1
lde3k4e6,jn3pgz1x,m1zj0336,vdo1wq92,y9m0xvzw,3
lde3k4e6,jn3pgz1x,m1mxxw46,7kj3wl42,None,188
lde3k4e6,jn3pgz1x,m1mxxw46,xd1g8zrd,None,45
lde3k4e6,jn3pgz1x,76rxovv6,8241lx32,None,260
lde3k4e6,jn3pgz1x,9d3rvzwd,wk6nm0o2,None,69
lde3k4e6,jn3pgz1x,pd05vw1e,xd15qr28,None,20
lde3k4e6,jn3pgz1x,yd4orqp1,rkllnewk,None,26
lde3k4e6,jn3pgz1x,o6glgrnd,w20glvok,None,6
lde3k4e6,jn3pgz1x,o6glgrnd,w20glvok,None,6
lde3k4e6,jn3pgz1x,o6glgrnd,w20glvok,None,5
lde3k4e6,jn3pgz1x,o6glgrnd,9kvqm93d,None,3
lde3k4e6,jn3pgz1x,76rxm956,wdmxg54k,None,11
lde3k4e6,jn3pgz1x,9dow97o1,824gzlw2,None,13
lde3k4e6,jn3pgz1x,o6gr4od2,zdnwqe7d,None,18
lde3k4e6,jn3pgz1x,9dow97o1,7kj3mqz2,None,7
lde3k4e6,jn3pgz1x,y65jv7de,wk6j6ood,n930k6n9,17
lde3k4e6,jn3pgz1x,y65jv7de,wk6j6ood,n930k6n9,9
lde3k4e6,jn3pgz1x,46wynndr,q25ggx8d,n93qx2nw,2
lde3k4e6,jn3pgz1x,46wynndr,q25ggx8d,z98ro2gd,2
lde3k4e6,jn3pgz1x,76rqjqd8,vdoq4xvk,None,382
lde3k4e6,jn3pgz1x,76rqjqd8,9d8jgv7k,None,176
lde3k4e6,jn3pgz1x,76rqjqd8,wdml4v3k,None,7
lde3k4e6,jn3pgz1x,76rqjqd8,wdml4v3k,None,22
lde3k4e6,jn3pgz1x,46wynndr,q25ggx8d,69zp5olw,9
lde3k4e6,jn3pgz1x,m1zj0336,vdo1wq92,owo86vjd,3
lde3k4e6,jn3pgz1x,m1zj0336,vdo1wq92,ywe0lzq9,5
lde3k4e6,jn3pgz1x,y65lp31e,5dwp81lk,owo6y0jw,1
lde3k4e6,jn3pgz1x,y65lp31e,5dwp81lk,rw6o34pw,2
lde3k4e6,jn3pgz1x,76rxovv6,rklv4prd,z98zrxr9,11
lde3k4e6,jn3pgz1x,76rxovv6,5dw71l0k,None,26
lde3k4e6,jn3pgz1x,y65lp31e,5dwp81lk,592joeow,10
lde3k4e6,jn3pgz1x,y65lp31e,5dwp81lk,y9mx8pzw,6
lde3k4e6,jn3pgz1x,y65lp31e,5dwp81lk,n934o42d,1
lde3k4e6,jn3pgz1x,y65lp31e,5dwp81lk,r9g4x4q9,1
lde3k4e6,jn3pgz1x,y65lp31e,5dwp81lk,5wk86q2w,1
lde3k4e6,jn3pgz1x,76rxovv6,9kv750ok,z98zrxr9,26
lde3k4e6,jn3pgz1x,76rxovv6,9kv750ok,rdnlo15w,17
lde3k4e6,jn3pgz1x,76rxovv6,rklv4prd,rdnlo15w,7
lde3k4e6,jn3pgz1x,76rxovv6,5dw71l0k,None,15
lde3k4e6,jn3pgz1x,369pp381,z276m50d,None,21
lde3k4e6,jn3pgz1x,y65lp31e,5dwp81lk,xd12x7zw,3
lde3k4e6,jn3pgz1x,y65lp31e,5dwp81lk,y9mx8jzw,1
lde3k4e6,jn3pgz1x,76rxovv6,9kv750ok,xd02egj9,6
lde3k4e6,jn3pgz1x,76rxovv6,9kv750ok,5wknk7vw,9
lde3k4e6,jn3pgz1x,76rxovv6,rklv4prd,5wknk7vw,5
lde3k4e6,jn3pgz1x,76rxovv6,9kv750ok,ldy51zpw,20
lde3k4e6,jn3pgz1x,76rxovv6,rklv4prd,ldy51zpw,8
lde3k4e6,x33g12kx,46w0n91r,wdm4veed,None,77
lde3k4e6,x33g12kx,o1y9w8v6,xk9x4yvk,None,21
lde3k4e6,x33g12kx,46w0n91r,824rg9gd,None,218
lde3k4e6,x33g12kx,lde7nn13,jdr9o4nd,ywe1ly7d,3
lde3k4e6,x33g12kx,lde7nn13,jdr9o4nd,69z3z5gd,6
lde3k4e6,x33g12kx,lde7nn13,jdr9o4nd,rw6431r9,5
lde3k4e6,x33g12kx,lde7nn13,jdr9o4nd,ldyy2xkd,2
lde3k4e6,x33g12kx,lde7nn13,jdr9o4nd,n937o1zd,3
lde3k4e6,x33g12kx,lde7nn13,jdr9o4nd,ldyy2xrd,7
lde3k4e6,x33g12kx,y65797de,7kjl10g2,None,5
lde3k4e6,x33g12kx,j1lqzpv6,7dgy0r7d,None,14
lde3k4e6,x33g12kx,j1lqzpv6,8248g1gk,None,5
lde3k4e6,x33g12kx,j1lqzpv6,7dgy0r7d,None,7
lde3k4e6,x33g12kx,j1lqzpv6,8248g1gk,None,9
lde3k4e6,x33g12kx,j1lqzpv6,8248g1gk,None,9
lde3k4e6,x33g12kx,j1lqzpv6,8248g1gk,None,10
lde3k4e6,x33g12kx,76r32446,jdrw105k,None,1
lde3k4e6,x33g12kx,m1mx0y46,9d84707k,None,82
lde3k4e6,x33g12kx,kdkmg9x1,zd3rpgvd,None,1
lde3k4e6,x33g12kx,3dxkx0g1,zd35epnk,None,60
lde3k4e6,x33g12kx,lde7nn13,rklq5qw2,None,1
lde3k4e6,x33g12kx,lde7nn13,02q85r72,None,2
lde3k4e6,x33g12kx,lde7nn13,jdr9o4nd,r9g2xlpd,2
lde3k4e6,x33g12kx,o6gnk3o1,8249ypnd,None,1
lde3k4e6,x33g12kx,4d7mnnd7,wk6or4qk,None,4
lde3k4e6,x33g12kx,lde7nn13,jdr9o4nd,n937o1zd,2
lde3k4e6,x33g12kx,lde7nn13,jdr9o4nd,ywe1ly7d,3
lde3k4e6,x33g12kx,lde7nn13,jdr9o4nd,rw6431r9,3
lde3k4e6,x33g12kx,lde7nn13,jdr9o4nd,rdn0n7qw,3
lde3k4e6,x33g12kx,lde7nn13,jdr9o4nd,ldyy2xrd,3
lde3k4e6,x33g12kx,lde7nn13,jdr9o4nd,69z3z5gd,2
lde3k4e6,x33g12kx,lde7nn13,jdr9o4nd,gdre2nl9,3
lde3k4e6,x33g12kx,lde7nn13,jdr9o4nd,r9g2xlpd,3
lde3k4e6,x33g12kx,lde7nn13,02q85r72,None,3
lde3k4e6,x33g12kx,lde7nn13,jdr9o4nd,ldyy2xkd,3
lde3k4e6,x33g12kx,lde7nn13,jdr9o4nd,z986n3gd,3
lde3k4e6,x33g12kx,lde7nn13,jdr9o4nd,rdn0n77w,3
lde3k4e6,x33g12kx,lde7nn13,jdr9o4nd,nwll35ew,2
lde3k4e6,x33g12kx,lde7nn13,jdr9o4nd,z986n3pd,3
lde3k4e6,x33g12kx,o1y9glv6,9kv6e702,None,3
lde3k4e6,x33g12kx,lde7nn13,02q85r72,None,19
lde3k4e6,x33g12kx,lde7nn13,jdr9o4nd,gdre2nl9,7
lde3k4e6,x33g12kx,lde7nn13,jdr9o4nd,z986n3pd,7
lde3k4e6,x33g12kx,lde7nn13,jdr9o4nd,nwll35ew,2
lde3k4e6,x33g12kx,lde7nn13,jdr9o4nd,rdn0n77w,4
lde3k4e6,x33g12kx,lde7nn13,jdr9o4nd,r9g2xlpd,9
lde3k4e6,x33g12kx,lde7nn13,jdr9o4nd,rdn0n7qw,3
lde3k4e6,x33g12kx,lde7nn13,jdr9o4nd,z986n3gd,5
lde3k4e6,x33g12kx,k6qwo06g,jdrl1nd6,None,14
lde3k4e6,x33g12kx,9d3vjg6l,n2yqpqzk,None,5
lde3k4e6,x33g12kx,lde3k4e6,xd1gyj8d,None,6
lde3k4e6,x33g12kx,lde3k4e6,7kjong42,None,5
lde3k4e6,x33g12kx,lde3k4e6,7kjong42,None,7
lde3k4e6,x33g12kx,lde7nn13,02q85r72,None,8
lde3k4e6,x33g12kx,lde7nn13,jdr9o4nd,rw6431r9,3
lde3k4e6,x33g12kx,lde7nn13,jdr9o4nd,ldyy2xrd,6
lde3k4e6,x33g12kx,lde7nn13,02q85r72,None,11
lde3k4e6,x33g12kx,lde7nn13,jdr9o4nd,nwll35ew,4
lde3k4e6,x33g12kx,lde7nn13,jdr9o4nd,z986n3pd,2
lde3k4e6,x33g12kx,lde7nn13,02q85r72,None,14
lde3k4e6,x33g12kx,lde7nn13,02q85r72,None,7
lde3k4e6,j2yve178,lde3k4e6,z27ojz0d,None,7
lde3k4e6,j2yve178,4d7mnnd7,mke5py9k,n930xp79,10
lde3k4e6,j2yve178,y65jv7de,wk6j6ood,495mgojw,5
lde3k4e6,j2yve178,9d3vjg6l,jdz9wgr2,rw6vmr69,11
lde3k4e6,j2yve178,4d7mnnd7,9kvxg802,None,9
lde3k4e6,18qr62oj,lde7nn13,rklq5qw2,None,5
lde3k4e6,18qr62oj,lde3k4e6,jdzrm7x2,None,1
lde3k4e6,18qr62oj,y65r7e1e,7kjo3g23,None,50
lde3k4e6,18qr62oj,o1y9wo6q,n2y55mko,None,345
lde3k4e6,18qr62oj,o1ymwk1q,ndx390od,None,47
lde3k4e6,18qr62oj,kdkzlgdm,wk67rxd1,None,147
lde3k4e6,18qr62oj,4d798rg1,w20g748k,None,3
lde3k4e6,18qr62oj,pd0w3qw1,z27r8lod,None,20
lde3k4e6,18qr62oj,9d3kxw1l,02qlyopk,None,4
lde3k4e6,18qr62oj,pdvzywv6,wk6eelo2,None,18
lde3k4e6,18qr62oj,pdvzywv6,wk6eelo2,None,23
lde3k4e6,18qr62oj,m1mxxw46,9kv98382,None,43
lde3k4e6,18qr62oj,76r55vd8,w20w1lzd,None,1147
lde3k4e6,18qr62oj,o1y9wo6q,n2y55mko,None,1036
lde3k4e6,18qr62oj,46w305q1,vdox671d,None,51
lde3k4e6,18qr62oj,76r55vd8,vdooqjod,None,165
lde3k4e6,18qr62oj,76r55vd8,wk6719ed,None,109
lde3k4e6,18qr62oj,pdvzxxk6,xk9wp842,None,4
lde3k4e6,18qr62oj,pdvzywv6,wk6eelo2,None,91
lde3k4e6,18qr62oj,pdvzywv6,xk9ezjv2,None,83
lde3k4e6,18qr62oj,pdvzxxk6,xk9wp842,None,7
lde3k4e6,18qr62oj,369png1l,q25qzg2o,None,70
lde3k4e6,18qr62oj,369png1l,jdrxyld6,None,25
lde3k4e6,18qr62oj,9d3kxw1l,7dg6xxpk,None,23
lde3k4e6,18qr62oj,v1pxjz68,n2y3r8do,None,539
lde3k4e6,18qr62oj,o1y9wo6q,wkpoo02r,None,409
lde3k4e6,18qr62oj,9d3kxw1l,xd1ezw28,None,64
lde3k4e6,18qr62oj,m1zj4406,02qvxejd,None,16
lde3k4e6,18qr62oj,o1ymwk1q,ndx390od,None,28
lde3k4e6,18qr62oj,kdkzlgdm,7kjplxk3,None,84
lde3k4e6,18qr62oj,v1pxjz68,z27o9gd0,None,185
lde3k4e6,18qr62oj,46w305q1,7dg08l7k,r9g704k9,26
lde3k4e6,18qr62oj,46w305q1,7dg08l7k,o9xx5719,40
lde3k4e6,18qr62oj,46w305q1,7dg08l7k,495mo5jw,30
lde3k4e6,18qr62oj,46w305q1,7dg08l7k,5d72k4vw,32
lde3k4e6,18qr62oj,46w305q1,7dg08l7k,rdqn271d,33
lde3k4e6,18qr62oj,46w305q1,7dg08l7k,kwjvlzzw,20
lde3k4e6,18qr62oj,46w305q1,7dg08l7k,owo316yw,30
lde3k4e6,18qr62oj,46w305q1,7dg08l7k,xd14e26d,26
lde3k4e6,18qr62oj,v1pxjz68,z27o9gd0,None,25
lde3k4e6,18qr62oj,v1pxjz68,xk9n9y20,None,8
lde3k4e6,18qr62oj,m1zj4406,8240oqmd,None,20
lde3k4e6,18qr62oj,pd0wg21e,zd365vdn,None,77
lde3k4e6,18qr62oj,v1pxjz68,n2y3r8do,None,143
lde3k4e6,18qr62oj,pd0wg21e,rklq0n2n,None,43
lde3k4e6,18qr62oj,46w354n1,q257pwyd,None,13
lde3k4e6,18qr62oj,pd0w3qw1,9d84jg3k,None,28
lde3k4e6,18qr62oj,o1y9lk6q,zdn45nkq,None,140
lde3k4e6,18qr62oj,kdkzxldm,ndxmzo2q,None,20
lde3k4e6,18qr62oj,9d3kxw1l,q253w68k,None,35
lde3k4e6,18qr62oj,9d3kxw1l,7kjwl3d3,None,43
lde3k4e6,18qr62oj,4d7ne8n6,vdoy1x92,None,12
lde3k4e6,18qr62oj,4d7ne8n6,wkpn308d,None,12
lde3k4e6,18qr62oj,pd0wg21e,rklq0n2n,None,90
lde3k4e6,18qr62oj,369png1l,wkp3p5j2,None,10
lde3k4e6,18qr62oj,pdvzq96w,jdrx75d6,None,111
lde3k4e6,18qr62oj,pdvzq96w,jdrx75d6,None,81
lde3k4e6,18qr62oj,k6q00m1g,9kvpvj8k,xd001q1d,4
lde3k4e6,18qr62oj,946w576r,xwdmr3kq,None,60
lde3k4e6,18qr62oj,pd0w3qw1,9d84jg3k,None,89
lde3k4e6,18qr62oj,j1nezme1,z27llyod,None,5
lde3k4e6,18qr62oj,nd22xvd0,w20pq58k,None,871
lde3k4e6,18qr62oj,369png1l,w20wr3jd,None,13
lde3k4e6,18qr62oj,o1y9wo6q,7dgrrxk4,None,858
lde3k4e6,18qr62oj,46w33031,824r08gd,None,8
lde3k4e6,18qr62oj,9do8mm1p,rkllonkn,None,383
lde3k4e6,18qr62oj,xv1pg718,mndx5rkq,None,139
lde3k4e6,18qr62oj,76r55vd8,wdmw4e42,None,175
lde3k4e6,18qr62oj,o1y994r6,wdmw6042,None,147
lde3k4e6,18qr62oj,o1y994r6,vdoo16od,None,105
lde3k4e6,18qr62oj,o1y9wo6q,7dgrrxk4,None,270
lde3k4e6,18qr62oj,o1y9wo6q,wkpoo02r,None,118
lde3k4e6,18qr62oj,yd4ljx1e,xk9g0zvd,None,502
lde3k4e6,18qr62oj,m1zz5210,7kjzy44d,None,19
lde3k4e6,18qr62oj,o1ymwk1q,zd3lpqrd,None,39
lde3k4e6,18qr62oj,j1np0w6p,zd35lrkn,None,83
lde3k4e6,18qr62oj,o1y9lk6q,7dg8w5p2,None,39
lde3k4e6,18qr62oj,v1pxjz68,xk9e86v2,None,157
lde3k4e6,18qr62oj,9do7076p,jdr174l2,None,2
lde3k4e6,18qr62oj,9do7076p,9d8v5gwk,None,2
lde3k4e6,18qr62oj,9do7076p,9d8v5gwk,None,4
lde3k4e6,18qr62oj,9do7076p,zdn8rpnd,None,6
lde3k4e6,18qr62oj,pd0wg21e,zd365vdn,None,219
lde3k4e6,pj03o7rj,m1zjmqx6,n2yvpj72,None,1
lde3k4e6,pj03o7rj,4d7mnnd7,wk6or4qk,None,2
lde3k4e6,pj03o7rj,9d3vjg6l,9d8g3y6k,None,2
lde3k4e6,pj03o7rj,9d3vjg6l,824g0ve2,None,1
lde3k4e6,pj03o7rj,9d3vjg6l,824g0ve2,None,3
lde3k4e6,pj03o7rj,v1po8286,9kv9mwj2,None,1
lde3k4e6,pj03o7rj,lde3k4e6,z27ojz0d,None,1
lde3k4e6,pj03o7rj,pdvz2k96,xd1ew842,None,1
lde3k4e6,pj03o7rj,lde3k4e6,9d8o1gw2,None,1
lde3k4e6,pj03o7rj,lde3k4e6,9d8o1gw2,None,1
lde3k4e6,pj03o7rj,lde3k4e6,9d8o1gw2,None,1
lde3k4e6,pj03o7rj,46wynndr,n2yqy58k,None,1
lde3k4e6,pj03o7rj,46wynndr,n2yqy58k,None,3
lde3k4e6,pj03o7rj,46wynndr,7kjvnpxk,None,1
lde3k4e6,pj03o7rj,pdv2pw46,vdoy93o2,z98qyj19,9
lde3k4e6,pj03o7rj,pdv2pw46,wk635oek,None,1
lde3k4e6,pj03o7rj,pdv2pw46,q251nqwd,None,2
lde3k4e6,pj03o7rj,m1mx8qx6,xd14mprd,None,1
lde3k4e6,pj03o7rj,pdv7wkdw,824pr1w2,None,25
lde3k4e6,pj03o7rj,yd4k87k6,8248pwmk,None,1
lde3k4e6,pj03o7rj,yd4k87k6,z27wn9zk,r9gmn829,4
lde3k4e6,pj03o7rj,yd4k87k6,z27wn9zk,o9xyo07d,3
lde3k4e6,pj03o7rj,yd4k87k6,z27wn9zk,495qzn49,3
lde3k4e6,pj03o7rj,yd4k87k6,z27wn9zk,rdqmoqg9,3
lde3k4e6,pj03o7rj,yd4k87k6,z27wn9zk,5d7jxred,3
lde3k4e6,pj03o7rj,yd4k87k6,z27wn9zk,kwjk6r19,3
lde3k4e6,pj03o7rj,yd4k87k6,z27wn9zk,owom5x39,3
lde3k4e6,pj03o7rj,yd4k87k6,z27wn9zk,xd1zy1yw,3
lde3k4e6,pj03o7rj,yd4k87k6,z27wn9zk,ewp2o549,2
lde3k4e6,pj03o7rj,yd4k87k6,z27wn9zk,y9mmgz09,2
lde3k4e6,pj03o7rj,yd4k87k6,xk9wq962,None,2
lde3k4e6,pj03o7rj,pdvz2k96,xd17yn7d,gdr2v8k9,1
lde3k4e6,pj03o7rj,j1l754dg,mkermx9d,5d781k6w,6
lde3k4e6,pj03o7rj,j1l754dg,mkermx9d,5d781k6w,3
lde3k4e6,pj03o7rj,v1po8286,wkp01982,None,1
lde3k4e6,pj03o7rj,lde7nn13,rklq5qw2,None,5
lde3k4e6,pj03o7rj,y65jv7de,w20gp4zk,None,3
lde3k4e6,pj03o7rj,o6glgrnd,w20glvok,None,2
lde3k4e6,pj03o7rj,o6glgrnd,w20glvok,None,2
lde3k4e6,pj03o7rj,y65jv7de,q25j47gd,None,3
lde3k4e6,pj03o7rj,o6glgrnd,wkp17m8k,xd1lmz59,1
lde3k4e6,pj03o7rj,o6glgrnd,wkp17m8k,kwj4gk7w,1
lde3k4e6,pj03o7rj,o6glgrnd,wkp17m8k,5d7q1j6w,1
lde3k4e6,pj03o7rj,o6glgrnd,wkp17m8k,rdq48829,1
lde3k4e6,pj03o7rj,o6glgrnd,rkllpv8k,None,1
lde3k4e6,pj03o7rj,o6glgrnd,wkp17m8k,owo4jmk9,1
lde3k4e6,pj03o7rj,pdvznzr6,9d8yo9wk,None,26
lde3k4e6,pj03o7rj,o6geqx12,5dwpzlek,None,1
lde3k4e6,pj03o7rj,o6geqx12,jdrpmpx2,None,1
lde3k4e6,pj03o7rj,o6geqx12,vdo47l12,None,3
lde3k4e6,pj03o7rj,o6geqx12,w20zo7vd,None,2
lde3k4e6,pj03o7rj,o6geqx12,jdrpmpx2,None,1
lde3k4e6,pj03o7rj,o6geqx12,jdrpmpx2,None,1
lde3k4e6,pj03o7rj,o6geqx12,5dwpzlek,None,1
lde3k4e6,pj03o7rj,4d7mnnd7,mke5py9k,gdrj0v8w,3
lde3k4e6,pj03o7rj,4d7mnnd7,mke5py9k,n930xp79,5
lde3k4e6,pj03o7rj,4d7mnnd7,mke5py9k,z98jo07w,4
lde3k4e6,pj03o7rj,4d7mnnd7,mke5py9k,ldyervjw,3
lde3k4e6,pj03o7rj,4d7mnnd7,mke5py9k,nwl6mvpw,3
lde3k4e6,pj03o7rj,4d7mnnd7,mke5py9k,rdnlmp6w,5
lde3k4e6,pj03o7rj,4d7mnnd7,mke5py9k,rdn5mvnd,3
lde3k4e6,pj03o7rj,4d7mnnd7,mke5py9k,ywe4v7qd,5
lde3k4e6,pj03o7rj,4d7mnnd7,mke5py9k,69zrlv6d,3
lde3k4e6,pj03o7rj,4d7mnnd7,mke5py9k,o9x2yv6w,3
lde3k4e6,pj03o7rj,4d7mnnd7,mke5py9k,5d7xx2g9,9
lde3k4e6,pj03o7rj,4d7mnnd7,wk6or4qk,None,5
lde3k4e6,pj03o7rj,4d7mnnd7,wk6or4qk,None,5
lde3k4e6,pj03o7rj,w6jl82ed,z27m09z2,None,4
lde3k4e6,pj03o7rj,v1pxlj76,wdm9no5k,None,2
lde3k4e6,pj03o7rj,w6j7gw46,z27wpzzk,None,11
lde3k4e6,pj03o7rj,pdvz2k96,vdox8z9d,None,1
lde3k4e6,pj03o7rj,9d3vjg6l,vdo45x12,5wk2qnvw,3
lde3k4e6,pj03o7rj,9d3vjg6l,vdo45x12,r9gz7jjd,7
lde3k4e6,pj03o7rj,pdvz2k96,xd17yn7d,nwl3vygw,2
lde3k4e6,pj03o7rj,pdvz2k96,xd17yn7d,o9x4vz7d,1
lde3k4e6,pj03o7rj,pdvz2k96,xd17yn7d,r9gxoj2w,1
lde3k4e6,pj03o7rj,pdvz2k96,xd17yn7d,49540r4w,1
lde3k4e6,pj03o7rj,pdvz2k96,xd17yn7d,rdqlv3gw,2
lde3k4e6,pj03o7rj,pdvz2k96,xd17yn7d,kwjpm81w,1
lde3k4e6,pj03o7rj,pdvz2k96,xd17yn7d,owoyve39,1
lde3k4e6,pj03o7rj,pdvz2k96,xd17yn7d,xd1xo3y9,1
lde3k4e6,pj03o7rj,pdvz2k96,xd17yn7d,ewprvz4d,1
lde3k4e6,pj03o7rj,pdvz2k96,xd17yn7d,y9m8vr0d,1
lde3k4e6,pj03o7rj,pdvz2k96,xd17yn7d,5wkpvnxd,1
lde3k4e6,pj03o7rj,pdvz2k96,xd17yn7d,59251869,1
lde3k4e6,pj03o7rj,pdvz2k96,xd17yn7d,29v2vlxd,1
lde3k4e6,pj03o7rj,pdvz2k96,xd17yn7d,xd4xmy89,1
lde3k4e6,pj03o7rj,pdvz2k96,xd17yn7d,xd0xj2jd,1
lde3k4e6,pj03o7rj,pdvz2k96,xd17yn7d,ywel7j49,2
lde3k4e6,pj03o7rj,pdvz2k96,xd17yn7d,69zzvq49,1
lde3k4e6,pj03o7rj,9d3vjg6l,vdo45x12,rw6vmr69,12
lde3k4e6,pj03o7rj,9d3vjg6l,n2yqpqzk,None,14
lde3k4e6,pj03o7rj,9d3vjg6l,mkel116d,None,9
lde3k4e6,pj03o7rj,o6gnk3o1,xk9po14d,None,4
lde3k4e6,pj03o7rj,m1zjmqx6,xk9ej462,None,1
lde3k4e6,pj03o7rj,ldejjyn1,9kvq30ed,None,5
lde3k4e6,pj03o7rj,w6j7oz46,wdm984ok,None,3
lde3k4e6,pj03o7rj,k6qw4006,xk9ppmvd,xd4p072d,2
lde3k4e6,pj03o7rj,k6qw4006,n2yeey7k,None,1
lde3k4e6,pj03o7rj,k6qw4006,xk9ppmvd,rw62qprd,2
lde3k4e6,pj03o7rj,k6qw4006,xk9ppmvd,n93kq5nw,1
lde3k4e6,pj03o7rj,k6qw4006,xk9ppmvd,z98prvgw,1
lde3k4e6,pj03o7rj,k6qw4006,xk9ppmvd,rdn3ojqw,1
lde3k4e6,pj03o7rj,k6qw4006,xk9ppmvd,ldyq17kw,1
lde3k4e6,pj03o7rj,k6qw4006,xk9ppmvd,gdrrp46d,1
lde3k4e6,pj03o7rj,k6qw4006,xk9ppmvd,nwl0gx0w,1
lde3k4e6,pj03o7rj,k6qw4006,xk9ppmvd,ywe02ky9,2
lde3k4e6,pj03o7rj,k6qw4006,xk9ppmvd,r9g6y05w,2
lde3k4e6,pj03o7rj,k6qw4006,xk9ppmvd,o9x61509,1
lde3k4e6,pj03o7rj,k6qw4006,xk9ppmvd,495pko0w,1
lde3k4e6,pj03o7rj,k6qw4006,xk9ppmvd,rdqyz2k9,1
lde3k4e6,pj03o7rj,k6qw4006,xk9ppmvd,5d7pykgd,1
lde3k4e6,pj03o7rj,k6qw4006,xk9ppmvd,kwj07lnd,2
lde3k4e6,pj03o7rj,k6qw4006,xk9ppmvd,69z7polw,2
lde3k4e6,pj03o7rj,3dxk2qp1,xk9ppxyd,None,1
lde3k4e6,pj03o7rj,3dxk2qp1,xk9ppxyd,None,1
lde3k4e6,pj03o7rj,3dxk2qp1,824llngd,None,2
lde3k4e6,pj03o7rj,9d3rg5wd,xk9pr1vd,ewp4xnzw,2
lde3k4e6,pj03o7rj,9d3rg5wd,zdnl51n2,None,3
lde3k4e6,pj03o7rj,lde7nn13,02q85r72,None,5
lde3k4e6,pj03o7rj,lde7nn13,02q85r72,None,8
lde3k4e6,pj03o7rj,lde7nn13,02q85r72,None,14
lde3k4e6,pj03o7rj,lde7nn13,jdr9o4nd,z986n3pd,2
lde3k4e6,pj03o7rj,lde7nn13,xd1305zk,z986n3gd,3
lde3k4e6,pj03o7rj,lde7nn13,xd1305zk,rdn0n7qw,3
lde3k4e6,pj03o7rj,lde7nn13,xd1305zk,ldyy2xkd,4
lde3k4e6,pj03o7rj,lde7nn13,xd1305zk,n937o1zd,3
lde3k4e6,pj03o7rj,lde7nn13,xd1305zk,z986n3pd,4
lde3k4e6,pj03o7rj,lde7nn13,w20x3oj2,z986n3pd,2
lde3k4e6,pj03o7rj,lde7nn13,xd1305zk,rdn0n77w,4
lde3k4e6,pj03o7rj,lde7nn13,xd1305zk,ldyy2xrd,3
lde3k4e6,pj03o7rj,lde7nn13,xd1305zk,gdre2nl9,3
lde3k4e6,pj03o7rj,lde7nn13,xd1305zk,nwll35ew,4
lde3k4e6,pj03o7rj,lde7nn13,xd1305zk,ywe1ly7d,4
lde3k4e6,pj03o7rj,lde7nn13,xd1305zk,69z3z5gd,4
lde3k4e6,pj03o7rj,lde7nn13,xd1305zk,r9g2xlpd,5
lde3k4e6,pj03o7rj,lde7nn13,xd1305zk,rw6431r9,3
lde3k4e6,pj03o7rj,lde7nn13,02q85r72,None,4
lde3k4e6,pj03o7rj,lde7nn13,jdr9o4nd,gdre2nl9,5
lde3k4e6,pj03o7rj,lde7nn13,jdr9o4nd,ywe1ly7d,2
lde3k4e6,pj03o7rj,lde7nn13,02q85r72,None,16
lde3k4e6,pj03o7rj,lde7nn13,02q85r72,None,18
lde3k4e6,pj03o7rj,lde7nn13,02q85r72,None,12
lde3k4e6,pj03o7rj,lde7nn13,jdr9o4nd,rw6431r9,4
lde3k4e6,pj03o7rj,lde7nn13,xd1305zk,rdn0n7qw,5
lde3k4e6,pj03o7rj,lde7nn13,xd1305zk,ldyy2xrd,5
lde3k4e6,pj03o7rj,lde7nn13,xd1305zk,z986n3gd,6
lde3k4e6,pj03o7rj,lde7nn13,xd1305zk,ldyy2xkd,6
lde3k4e6,pj03o7rj,lde7nn13,xd1305zk,rdn0n77w,4
lde3k4e6,pj03o7rj,lde7nn13,xd1305zk,69z3z5gd,4
lde3k4e6,pj03o7rj,lde7nn13,xd1305zk,rw6431r9,6
lde3k4e6,pj03o7rj,lde7nn13,xd1305zk,ywe1ly7d,5
lde3k4e6,pj03o7rj,y65jv7de,9kvx3me2,None,17
lde3k4e6,pj03o7rj,lde3k4e6,xd1gyj8d,None,4
lde3k4e6,pj03o7rj,lde3k4e6,7kjong42,None,7
lde3k4e6,pj03o7rj,lde3k4e6,7kjong42,None,4
lde3k4e6,pj03o7rj,j1l754dg,wkp111gk,None,6
lde3k4e6,pj03o7rj,9d3vjg6l,9d8g3y6k,None,4
lde3k4e6,pj03o7rj,m1zjmqx6,7dg4pgld,xd16n8y9,1
lde3k4e6,pj03o7rj,m1zjmqx6,7dg4pgld,ldyjo87d,1
lde3k4e6,pj03o7rj,lde7nn13,xd1305zk,r9g2xlpd,6
lde3k4e6,pj03o7rj,j1l754dg,q251xwdo,None,9
lde3k4e6,pj03o7rj,m1mx8qx6,xd1431zd,ldyk4vjw,2
lde3k4e6,pj03o7rj,m1mx8qx6,xd1431zd,495zv029,1
lde3k4e6,pj03o7rj,o6geqx12,w20zo7vd,None,2
lde3k4e6,pj03o7rj,9d3vjg6l,vdo45x12,495jmrmw,5
lde3k4e6,pj03o7rj,9d3vjg6l,vdo45x12,nwl62yow,5
lde3k4e6,pj03o7rj,9d3vjg6l,vdo45x12,n930mn29,7
lde3k4e6,pj03o7rj,9d3vjg6l,vdo45x12,o9x2xz3w,6
lde3k4e6,pj03o7rj,lde7nn13,xd1305zk,nwll35ew,6
lde3k4e6,pj03o7rj,46wynndr,q25ggx8d,69zp5olw,5
lde3k4e6,pj03o7rj,46wynndr,q25ggx8d,rdqz82kd,6
lde3k4e6,pj03o7rj,46wynndr,q25ggx8d,owo7j1o9,6
lde3k4e6,pj03o7rj,46wynndr,n2yqy58k,None,8
lde3k4e6,pj03o7rj,m1zjmqx6,xk987nv2,495yel4w,1
lde3k4e6,pj03o7rj,kdkzpjgd,7kj36mg2,None,2
lde3k4e6,pj03o7rj,kdkzpjgd,9kv9j8e2,5wk1ov2d,3
lde3k4e6,pj03o7rj,kdkzpjgd,9kv9j8e2,5wk1ov2d,3
lde3k4e6,pj03o7rj,kdkzpjgd,ndx4p3o2,5wk1ov2d,3
lde3k4e6,pj03o7rj,kdkzpjgd,9kv9j8e2,592nl1o9,4
lde3k4e6,pj03o7rj,kdkzpjgd,ndx4p3o2,592nl1o9,3
lde3k4e6,pj03o7rj,kdkzpjgd,ndx4p3o2,kwj1jmnw,3
lde3k4e6,pj03o7rj,kdkzpjgd,ndx4p3o2,xd4rzo29,2
lde3k4e6,pj03o7rj,kdkzpjgd,9d83j5w2,None,2
lde3k4e6,pj03o7rj,o6geqx12,vdo47l12,None,3
lde3k4e6,pj03o7rj,y65jv7de,wk6j6ood,rdq0yxkw,7
lde3k4e6,pj03o7rj,y65jv7de,wk6j6ood,o9x26p0w,9
lde3k4e6,pj03o7rj,y65jv7de,wk6j6ood,69zr7kld,8
lde3k4e6,pj03o7rj,y65jv7de,wk6j6ood,nwl60r0w,11
lde3k4e6,pj03o7rj,y65jv7de,wk6j6ood,r9gz6v5d,7
lde3k4e6,pj03o7rj,y65jv7de,wk6j6ood,kwjy0nnw,7
lde3k4e6,pj03o7rj,y65jv7de,wk6j6ood,n930k6n9,11
lde3k4e6,pj03o7rj,y65jv7de,wk6j6ood,rw6v2jr9,10
lde3k4e6,pj03o7rj,y65jv7de,wk6j6ood,gdrjr56w,11
lde3k4e6,pj03o7rj,y65jv7de,wk6j6ood,ywe406yd,9
lde3k4e6,pj03o7rj,m1zjmqx6,z27o014d,None,1
lde3k4e6,pj03o7rj,m1zjmqx6,7dg4pgld,495yel4w,1
lde3k4e6,pj03o7rj,m1zjmqx6,7dg4pgld,xd0l83jd,1
lde3k4e6,pj03o7rj,y65jv7de,wk6j6ood,z98jp1gw,10
lde3k4e6,pj03o7rj,y65jv7de,wk6j6ood,owok8zod,9
lde3k4e6,pj03o7rj,m1zjmqx6,7dg4pgld,rdqge5g9,1
lde3k4e6,pj03o7rj,m1zjmqx6,7dg4pgld,kwj3211d,1
lde3k4e6,pj03o7rj,m1zjmqx6,7dg4pgld,5wk831xw,1
lde3k4e6,pj03o7rj,m1zjmqx6,7dg4pgld,z98exg19,1
lde3k4e6,pj03o7rj,m1zjmqx6,7dg4pgld,ewpel049,1
lde3k4e6,pj03o7rj,m1zjmqx6,7dg4pgld,y9myn109,1
lde3k4e6,pj03o7rj,m1zjmqx6,7dg4pgld,5923yn6d,1
lde3k4e6,pj03o7rj,m1zjmqx6,7dg4pgld,rdnry26w,2
lde3k4e6,pj03o7rj,m1zjmqx6,7dg4pgld,5d7lgze9,1
lde3k4e6,pj03o7rj,pdvznzr6,824r35md,None,36
lde3k4e6,pj0o1g4j,46wynndr,02q3j5yk,rw6q7krd,1
lde3k4e6,pj0o1g4j,j1l754dg,mkermx9d,z98n3yp9,4
lde3k4e6,pj0o1g4j,j1l754dg,mkermx9d,z98n3yp9,2
lde3k4e6,pj0o1g4j,j1l754dg,5dw8z1gd,z98n3yp9,1
lde3k4e6,pj0o1g4j,j1l754dg,5dw8z1gd,r9gxlepw,1
lde3k4e6,pj0o1g4j,j1l754dg,mkermx9d,5d781k6w,1
lde3k4e6,pj0o1g4j,j1l754dg,mkermx9d,5d781k6w,1
lde3k4e6,pj0o1g4j,46w27j36,5dwqm8gd,gdrvvjew,1
lde3k4e6,pj0o1g4j,m1mn993d,7dg3z37k,None,1
lde3k4e6,pj0o1g4j,46w2mml6,jdz0qjv2,nwl82led,2
lde3k4e6,pj0o1g4j,46w2mml6,jdz0qjv2,yweoq179,1
lde3k4e6,pj0o1g4j,46w2mml6,jdz0qjv2,69z183gw,1
lde3k4e6,pj0o1g4j,46w2mml6,jdz0qjv2,r9gp72p9,1
lde3k4e6,pj0o1g4j,46w27j36,5dwqm8gd,gdrvvjew,1
lde3k4e6,pj0o1g4j,46w27j36,5dwqm8gd,gdrvvjew,1
lde3k4e6,pj0o1g4j,j1l754dg,5dw8z1gd,ldy2xnrw,1
lde3k4e6,pj0o1g4j,j1l754dg,5dw8z1gd,5d781k6w,1
lde3k4e6,pj0o1g4j,y655v876,xd1o648k,None,1
lde3k4e6,pj0o1g4j,y655v876,9kv3w602,69z1nlxw,1
lde3k4e6,pj0o1g4j,y655v876,9kv3w602,nwl8pmod,4
lde3k4e6,pj0o1g4j,y655v876,9kv3w602,yweomvl9,2
lde3k4e6,pj0o1g4j,y655v876,9kv3w602,r9gp1mj9,1
lde3k4e6,pj0o1g4j,y655v876,9kv3w602,o9xj3y3d,1
lde3k4e6,pj0o1g4j,y655v876,9kv3w602,495elqm9,1
lde3k4e6,pj0o1g4j,y655v876,9kv3w602,rdqe5mod,1
lde3k4e6,pj0o1g4j,y655v876,9kv3w602,5d7gzjqd,1
lde3k4e6,pj0o1g4j,y655v876,9kv3w602,kwj21k09,1
lde3k4e6,pj0o1g4j,y655v876,9kv3w602,oworqmjw,1
lde3k4e6,pj0o1g4j,46w27j36,5dwqm8gd,xd4o20r9,1
lde3k4e6,pj0o1g4j,76r305q6,w205585d,None,2
lde3k4e6,pj0o1g4j,76r305q6,wdm7o3ed,ldyz7vrw,1
lde3k4e6,pj0o1g4j,76r305q6,wdm7o3ed,gdr34vld,2
lde3k4e6,pj0o1g4j,76r305q6,wdm7o3ed,nwljxve9,2
lde3k4e6,pj0o1g4j,76r305q6,wdm7o3ed,yweek77w,2
lde3k4e6,pj0o1g4j,l3dxogdy,wk68zp21,None,205
lde3k4e6,pj0o1g4j,l3dxogdy,7kj6mz23,None,117
lde3k4e6,pj0o1g4j,46w0n91r,7dg5xzg2,None,167
lde3k4e6,pj0o1g4j,nd28k2ed,wk643exd,None,2
lde3k4e6,pj0o1g4j,nd28k2ed,wk643exd,None,3
lde3k4e6,pj0o1g4j,j1l754dg,5dw8z1gd,5925k239,2
lde3k4e6,pj0o1g4j,j1l754dg,5dw8z1gd,29v264ld,2
lde3k4e6,pj0o1g4j,j1l754dg,5dw8z1gd,xd0x1m4d,1
lde3k4e6,pj0o1g4j,j1l754dg,mkermx9d,xd0x1m4d,3
lde3k4e6,pj0o1g4j,j1l754dg,mkermx9d,xd0x1m4d,3
lde3k4e6,pj0o1g4j,l3dxogdy,xk9v3gd0,None,66
lde3k4e6,pj0o1g4j,l3dxogdy,824xzrnd,None,72
lde3k4e6,pj0o1g4j,ldelvl63,824rrjgd,None,31
lde3k4e6,pj0o1g4j,3dxkv7v1,xk9500g2,None,5
lde3k4e6,pj0o1g4j,3dxkv7v1,jdr83l5k,69z124ow,2
lde3k4e6,pj0o1g4j,3dxkv7v1,jdr83l5k,r9gp42k9,2
lde3k4e6,pj0o1g4j,3dxkv7v1,jdr83l5k,o9xj7n1d,2
lde3k4e6,pj0o1g4j,3dxkv7v1,jdr83l5k,495e56j9,2
lde3k4e6,pj0o1g4j,3dxkv7v1,jdr83l5k,rdqe7j1d,2
lde3k4e6,pj0o1g4j,3dxkv7v1,jdr83l5k,5d7g4vvd,2
lde3k4e6,pj0o1g4j,3dxkv7v1,jdr83l5k,kwj2z5z9,2
lde3k4e6,pj0o1g4j,3dxkv7v1,xk9500g2,None,5
lde3k4e6,pj0o1g4j,3dxkv7v1,jdr83l5k,owor60yw,2
lde3k4e6,pj0o1g4j,3dxkv7v1,jdr83l5k,ewplxjzd,2
lde3k4e6,pj0o1g4j,3dxkv7v1,jdr83l5k,xd1n276w,2
lde3k4e6,pj0o1g4j,3dxkv7v1,jdr83l5k,y9mnxj1d,2
lde3k4e6,pj0o1g4j,3dxkv7v1,jdr83l5k,5wk36jq9,2
lde3k4e6,pj0o1g4j,3dxkv7v1,jdr83l5k,592yqzrw,2
lde3k4e6,pj0o1g4j,3dxkv7v1,jdr83l5k,29vq73nd,2
lde3k4e6,pj0o1g4j,3dxkv7v1,jdr83l5k,xd4l2jp9,2
lde3k4e6,pj0o1g4j,3dxkv7v1,jdr83l5k,xd08qg19,2
lde3k4e6,pj0o1g4j,3dxkv7v1,jdr83l5k,rw6zo47d,1
lde3k4e6,pj0o1g4j,3dxkv7v1,jdr83l5k,n93r47e9,2
lde3k4e6,pj0o1g4j,3dxkv7v1,jdr83l5k,z98x76ld,2
lde3k4e6,pj0o1g4j,3dxkv7v1,jdr83l5k,rdnyz0v9,2
lde3k4e6,pj0o1g4j,3dxkv7v1,jdr83l5k,ldyogyz9,2
lde3k4e6,pj0o1g4j,3dxkv7v1,jdr83l5k,gdrzxez9,1
lde3k4e6,pj0o1g4j,3dxkv7v1,jdr83l5k,nwl8olrd,2
lde3k4e6,pj0o1g4j,3dxkv7v1,jdr83l5k,yweo51r9,2
lde3k4e6,pj0o1g4j,3dxkv7v1,jdr83l5k,69z123ow,2
lde3k4e6,pj0o1g4j,3dxkv7v1,jdr83l5k,r9gp44k9,2
lde3k4e6,pj0o1g4j,3dxkv7v1,jdr83l5k,o9xj771d,2
lde3k4e6,pj0o1g4j,3dxkv7v1,jdr83l5k,495e55j9,2
lde3k4e6,pj0o1g4j,3dxkv7v1,jdr83l5k,rdqe771d,2
lde3k4e6,pj0o1g4j,3dxkv7v1,jdr83l5k,5d7g44vd,2
lde3k4e6,pj0o1g4j,3dxkv7v1,z275ggok,None,4
lde3k4e6,pj0o1g4j,3dxkv7v1,z275ggok,None,4
lde3k4e6,pj0o1g4j,w6jl82ed,xk9po96d,None,1
lde3k4e6,pj0o1g4j,46wynndr,xk90mnyk,59206vod,4
lde3k4e6,pj0o1g4j,46wynndr,02q3j5yk,59206vod,1
lde3k4e6,pj0o1g4j,46w0n91r,mkejvej2,None,32
lde3k4e6,pj0o1g4j,46wynndr,xk90mnyk,xd0kevx9,2
lde3k4e6,pj0o1g4j,46wynndr,xk90mnyk,rdqz82kd,1
lde3k4e6,pj0o1g4j,46wynndr,02q3j5yk,rdqz82kd,1
lde3k4e6,pj0o1g4j,ldelvl63,824rrjgd,None,48
lde3k4e6,pj0o1g4j,ldelvl63,xd17744d,None,31
lde3k4e6,pj0o1g4j,ldelvl63,wkpvmj0k,None,15
lde3k4e6,pj0o1g4j,ldelvl63,824rrjgd,None,62
lde3k4e6,pj0o1g4j,ldelvl63,xd17744d,None,35
lde3k4e6,pj0o1g4j,ldelvl63,wkpvmj0k,None,8
lde3k4e6,pj0o1g4j,ldelvl63,xd17744d,None,11
lde3k4e6,pj0o1g4j,46wynndr,q25ggx8d,rdqz82kd,2
lde3k4e6,pj0o1g4j,46wynndr,jdrvv9x2,rdqz82kd,2
lde3k4e6,pj0o1g4j,46wynndr,xk90mnyk,rdqz82kd,1
lde3k4e6,pj0o1g4j,46wynndr,02q3j5yk,rdqz82kd,1
lde3k4e6,pj0o1g4j,w6jl82ed,9d84x0qk,n93nko2w,3
lde3k4e6,pj0o1g4j,w6jl82ed,9d84x0qk,5wkn06vw,2
lde3k4e6,pj0o1g4j,w6jl82ed,9d84x0qk,rw6l2opw,2
lde3k4e6,pj0o1g4j,m1zjpl36,jdzwz03d,xd1y77ed,2
lde3k4e6,pj0o1g4j,m1zjpl36,jdzwz03d,n93mzxzd,1
lde3k4e6,pj0o1g4j,9d3r3gdl,z273vg4d,None,3
lde3k4e6,pj0o1g4j,w6jl82ed,9d84x0qk,rw6z38rd,1
lde3k4e6,pj0o1g4j,w6jl82ed,9d84x0qk,ldyo2nk9,1
lde3k4e6,pj0o1g4j,w6jl82ed,9d84x0qk,gdrz2m69,1
lde3k4e6,pj0o1g4j,m1zjpl36,jdzwz03d,rdnq4m7d,5
lde3k4e6,pj0o1g4j,m1zjpl36,jdzwz03d,xd046e4w,1
lde3k4e6,pj0o1g4j,l3dxogdy,jdz3xv62,None,36
lde3k4e6,pj0o1g4j,l3dxogdy,02qg6l9d,None,29
lde3k4e6,pj0o1g4j,46w3j571,vdoowy6d,None,21
lde3k4e6,pj0o1g4j,46w3j571,mkez3yjk,None,9
lde3k4e6,pj0o1g4j,46w3j571,wkpo6nj2,None,10
lde3k4e6,pj0o1g4j,l3dxogdy,jdrqy7lk,None,47
lde3k4e6,pj0o1g4j,9d3r3gdl,z273vg4d,None,5
lde3k4e6,pj0o1g4j,9d3r3gdl,z273vg4d,None,4
lde3k4e6,pj0o1g4j,l3dxogdy,q25oz7gk,None,131
lde3k4e6,pj0o1g4j,46w27j36,5dwqm8gd,xd4mozrd,1
lde3k4e6,pj0o1g4j,46w27j36,5dwqm8gd,xd0j5y4w,1
lde3k4e6,pj0o1g4j,46w27j36,5dwqm8gd,rw606xgw,1
lde3k4e6,pj0o1g4j,46w27j36,5dwqm8gd,z980kqpd,1
lde3k4e6,pj0o1g4j,46w27j36,5dwqm8gd,rdnv1879,1
lde3k4e6,pj0o1g4j,46w27j36,5dwqm8gd,ldyvz6rd,1
lde3k4e6,pj0o1g4j,46w27j36,5dwqm8gd,gdrv3llw,1
lde3k4e6,pj0o1g4j,46w27j36,wkpg098k,None,1
lde3k4e6,pj0o1g4j,46w27j36,5dwqm8gd,gdrv316w,1
lde3k4e6,pj0o1g4j,y65797de,n2y350ed,None,3459
lde3k4e6,pj0o1g4j,46wynndr,q25ggx8d,xd0kevx9,2
lde3k4e6,pj0o1g4j,46wynndr,q25ggx8d,rw6q7krd,3
lde3k4e6,pj0o1g4j,w6jl82ed,xk9po96d,None,3
lde3k4e6,pj0o1g4j,46wynndr,q25ggx8d,xd1jmeed,3
lde3k4e6,pj0o1g4j,46w0n91r,7kj9e532,None,4
lde3k4e6,pj0o1g4j,46w0n91r,7kj9e532,None,3
lde3k4e6,pj0o1g4j,y65jv7de,wk6j6ood,owok8zod,1
lde3k4e6,pj0o1g4j,9d3mqy6l,jdr1ol52,None,70
lde3k4e6,pj0o1g4j,y65jv7de,xd1qrx72,None,3
lde3k4e6,pj0o1g4j,46w27j36,5dwqm8gd,gdrvvjew,3
lde3k4e6,pj0o1g4j,pd0w2v1e,7kj1gnk3,None,58
lde3k4e6,pj0o1g4j,o6glgrnd,w20glvok,None,2
lde3k4e6,pj0o1g4j,o6glgrnd,9kvqm93d,None,1
lde3k4e6,pj0o1g4j,o6glgrnd,w20glvok,None,3
lde3k4e6,pj0o1g4j,o6glgrnd,w20glvok,None,2
lde3k4e6,pj0o1g4j,46w0n91r,7kj9e532,None,25
lde3k4e6,pj0o1g4j,46w0n91r,7kj9e532,None,14
lde3k4e6,pj0o1g4j,46w0n91r,7kj9e532,None,7
lde3k4e6,pj0o1g4j,pd0w2v1e,5dwyynkg,None,148
lde3k4e6,pj0o1g4j,pd0w2v1e,n2y7vz2o,None,68
lde3k4e6,pj0o1g4j,pd0w2v1e,q253jyko,None,44
lde3k4e6,pj0o1g4j,pd0w2v1e,jdrengk6,None,90
lde3k4e6,pj0o1g4j,pd0w2v1e,jdz7n3kv,None,76
lde3k4e6,pj0o1g4j,pd0w2v1e,02qprjdy,None,66
lde3k4e6,pj0o1g4j,pd0w2v1e,82418m25,None,61
lde3k4e6,pj0o1g4j,pd0w2v1e,z27lw0d0,None,81
lde3k4e6,pj0o1g4j,46w0n91r,7kj9e532,None,5
lde3k4e6,pj0o1g4j,46w0n91r,7kj9e532,None,2
lde3k4e6,pj0o1g4j,46w0n91r,7kj9e532,None,4
lde3k4e6,pj0o1g4j,o6glgrnd,w20glvok,None,3
lde3k4e6,pj0o1g4j,46w0n91r,7kj9e532,None,38
lde3k4e6,pj0o1g4j,46w0n91r,7kj9e532,None,21
lde3k4e6,pj0o1g4j,46w0n91r,7kj9e532,None,7
lde3k4e6,pj0o1g4j,46w0n91r,7kj9e532,None,5
lde3k4e6,pj0o1g4j,9d3vjg6l,9d85zl3d,None,5
lde3k4e6,pj0o1g4j,lde7nn13,xd1305zk,nwll35ew,3
lde3k4e6,pj0o1g4j,lde7nn13,xd1305zk,ywe1ly7d,3
lde3k4e6,pj0o1g4j,lde7nn13,jdr9o4nd,rw6431r9,6
lde3k4e6,pj0o1g4j,lde7nn13,jdr9o4nd,z986n3gd,3
lde3k4e6,pj0o1g4j,lde7nn13,jdr9o4nd,rdn0n7qw,5
lde3k4e6,pj0o1g4j,lde7nn13,jdr9o4nd,ldyy2xkd,3
lde3k4e6,pj0o1g4j,lde7nn13,jdr9o4nd,n937o1zd,4
lde3k4e6,pj0o1g4j,lde7nn13,jdr9o4nd,z986n3pd,5
lde3k4e6,pj0o1g4j,lde7nn13,jdr9o4nd,rdn0n77w,3
lde3k4e6,pj0o1g4j,lde7nn13,jdr9o4nd,ldyy2xrd,4
lde3k4e6,pj0o1g4j,lde7nn13,jdr9o4nd,gdre2nl9,2
lde3k4e6,pj0o1g4j,lde7nn13,jdr9o4nd,nwll35ew,7
lde3k4e6,pj0o1g4j,lde7nn13,jdr9o4nd,ywe1ly7d,4
lde3k4e6,pj0o1g4j,lde7nn13,jdr9o4nd,69z3z5gd,3
lde3k4e6,pj0o1g4j,lde7nn13,jdr9o4nd,r9g2xlpd,4
lde3k4e6,pj0o1g4j,lde7nn13,02q85r72,None,5
lde3k4e6,pj0o1g4j,46w0n91r,wkpq9pjd,None,104
lde3k4e6,pj0o1g4j,o1y9w8v6,7kj70onk,None,5
lde3k4e6,pj0o1g4j,46w0n91r,7dg5xzg2,None,122
lde3k4e6,pj0o1g4j,46w0n91r,7dg5xzg2,None,58
lde3k4e6,pj0o1g4j,46w0n91r,7dg5xzg2,None,66
lde3k4e6,pj0o1g4j,46w0n91r,mkejvej2,None,71
lde3k4e6,pj0o1g4j,46w0n91r,mkejvej2,None,51
lde3k4e6,pj0o1g4j,46w0n91r,7dg5xzg2,None,53
lde3k4e6,pj0o1g4j,46w0n91r,mkejvej2,None,44
lde3k4e6,pj0o1g4j,46w0n91r,mkejvej2,None,42
lde3k4e6,pj0o1g4j,46w0n91r,5dwy905k,None,64
lde3k4e6,pj0o1g4j,46w0n91r,5dwy905k,None,46
lde3k4e6,pj0o1g4j,46w0n91r,5dwy905k,None,38
lde3k4e6,pj0o1g4j,46w0n91r,5dwy905k,None,50
lde3k4e6,pj0o1g4j,46w27j36,5dwqm8gd,592174ow,2
lde3k4e6,pj0o1g4j,46w27j36,5dwqm8gd,n93pjmnd,2
lde3k4e6,pj0o1g4j,46w0n91r,vdoqz66k,None,129
lde3k4e6,pj0o1g4j,lde7nn13,jdr9o4nd,rw6431r9,5
lde3k4e6,pj0o1g4j,lde7nn13,jdr9o4nd,ldyy2xkd,2
lde3k4e6,pj0o1g4j,lde7nn13,jdr9o4nd,n937o1zd,3
lde3k4e6,pj0o1g4j,lde7nn13,jdr9o4nd,ldyy2xrd,7
lde3k4e6,pj0o1g4j,lde7nn13,jdr9o4nd,ywe1ly7d,3
lde3k4e6,pj0o1g4j,lde7nn13,jdr9o4nd,69z3z5gd,6
lde3k4e6,pj0o1g4j,46w0n91r,wdm4veed,None,227
lde3k4e6,pj0o1g4j,46w0n91r,vdoqz66k,None,121
lde3k4e6,pj0o1g4j,o1y9w8v6,q25ery82,None,20
lde3k4e6,pj0o1g4j,46w0n91r,7dg5xzg2,None,99
lde3k4e6,pj0o1g4j,46w0n91r,7dg5xzg2,None,48
lde3k4e6,pj0o1g4j,46w0n91r,7dg5xzg2,None,44
lde3k4e6,pj0o1g4j,46w0n91r,7dg5xzg2,None,31
lde3k4e6,pj0o1g4j,46w0n91r,mkejvej2,None,37
lde3k4e6,pj0o1g4j,46w0n91r,mkejvej2,None,28
lde3k4e6,pj0o1g4j,46w0n91r,mkejvej2,None,27
lde3k4e6,pj0o1g4j,46w0n91r,mkejvej2,None,18
lde3k4e6,pj0o1g4j,46w0n91r,5dwy905k,None,39
lde3k4e6,pj0o1g4j,46w0n91r,5dwy905k,None,23
lde3k4e6,pj0o1g4j,46w0n91r,5dwy905k,None,24
lde3k4e6,pj0o1g4j,46w0n91r,5dwy905k,None,18
lde3k4e6,pj0o1g4j,46w0n91r,824rg9gd,None,361
lde3k4e6,pj0o1g4j,46w0n91r,02ql37pk,None,163
lde3k4e6,pj0o1g4j,46w27j36,5dwqm8gd,xd4o6rq9,1
lde3k4e6,pj0o1g4j,46w27j36,5dwqm8gd,xd0503m9,1
lde3k4e6,pj0o1g4j,46w27j36,5dwqm8gd,rw66vepw,1
lde3k4e6,pj0o1g4j,46w27j36,5dwqm8gd,n93j0m2d,1
lde3k4e6,pj0o1g4j,46w27j36,5dwqm8gd,z98kjmr9,1
lde3k4e6,pj0o1g4j,46w27j36,5dwqm8gd,rdn15q59,1
lde3k4e6,pj0o1g4j,46w27j36,5dwqm8gd,ldyze3pw,1
lde3k4e6,pj0o1g4j,46w27j36,5dwqm8gd,4951o03w,1
lde3k4e6,pj0o1g4j,46w27j36,5dwqm8gd,gdr3jyed,1
lde3k4e6,pj0o1g4j,46w27j36,5dwqm8gd,nwlj62o9,1
lde3k4e6,pj0o1g4j,46w27j36,5dwqm8gd,ywee4qlw,1
lde3k4e6,pj0o1g4j,46w27j36,5dwqm8gd,69zgr8xw,1
lde3k4e6,pj0o1g4j,46w27j36,5dwqm8gd,r9ggz7j9,1
lde3k4e6,pj0o1g4j,46w27j36,5dwqm8gd,o9xe2x3w,1
lde3k4e6,pj0o1g4j,46w27j36,5dwqm8gd,r9ggn629,1
lde3k4e6,pj0o1g4j,46w27j36,5dwqm8gd,4951jmmw,1
lde3k4e6,pj0o1g4j,46w27j36,5dwqm8gd,rdqk0nod,1
lde3k4e6,pj0o1g4j,46w27j36,5dwqm8gd,5d7m72qd,1
lde3k4e6,pj0o1g4j,46w27j36,5dwqm8gd,kwjqyv09,1
lde3k4e6,pj0o1g4j,46w27j36,5dwqm8gd,owopk3j9,1
lde3k4e6,pj0o1g4j,46w27j36,5dwqm8gd,ewp6p8yd,1
lde3k4e6,pj0o1g4j,46w27j36,5dwqm8gd,y9moe2zw,1
lde3k4e6,pj0o1g4j,46w27j36,5dwqm8gd,5wk72qvd,1
lde3k4e6,pj0o1g4j,46w27j36,5dwqm8gd,29vryzqw,1
lde3k4e6,pj0o1g4j,46w27j36,5dwqm8gd,xd4o6kq9,1
lde3k4e6,pj0o1g4j,46w27j36,5dwqm8gd,rw66vmpw,1
lde3k4e6,pj0o1g4j,46w27j36,5dwqm8gd,n93j0l2d,1
lde3k4e6,pj0o1g4j,46w27j36,5dwqm8gd,z98kj5r9,1
lde3k4e6,pj0o1g4j,46w27j36,5dwqm8gd,rdn15x59,1
lde3k4e6,pj0o1g4j,46w27j36,jdrw90nk,None,1
lde3k4e6,pj0o1g4j,j1lqzpv6,7dgy0r7d,None,8
lde3k4e6,pj0o1g4j,4d7mnnd7,mke5py9k,rdnlmp6w,6
lde3k4e6,pj0o1g4j,4d7mnnd7,jdzlvgg2,rdnlmp6w,2
lde3k4e6,pj0o1g4j,lde7nn13,w20x3oj2,rw6431r9,1
lde3k4e6,pj0o1g4j,j1l754dg,5dw8z1gd,4954233w,2
lde3k4e6,pj0o1g4j,lde7nn13,jdr9o4nd,nwll35ew,1
lde3k4e6,pj0o1g4j,lde7nn13,jdr9o4nd,rw6431r9,2
lde3k4e6,pj0o1g4j,lde7nn13,jdr9o4nd,z986n3pd,2
lde3k4e6,pj0o1g4j,lde7nn13,jdr9o4nd,rdn0n77w,2
lde3k4e6,pj0o1g4j,lde7nn13,jdr9o4nd,69z3z5gd,1
lde3k4e6,pj0o1g4j,lde7nn13,jdr9o4nd,z986n3gd,2
lde3k4e6,pj0o1g4j,lde7nn13,jdr9o4nd,rdn0n7qw,2
lde3k4e6,pj0o1g4j,lde7nn13,jdr9o4nd,ldyy2xkd,2
lde3k4e6,pj0o1g4j,lde7nn13,jdr9o4nd,ldyy2xrd,2
lde3k4e6,pj0o1g4j,46w27j36,5dwqm8gd,ewpv6nkw,1
lde3k4e6,pj0o1g4j,46w27j36,5dwqm8gd,gdrvvjew,2
lde3k4e6,pj0o1g4j,46w27j36,5dwqm8gd,z980kmgd,1
lde3k4e6,pj0o1g4j,46w27j36,5dwqm8gd,rdnv1qq9,1
lde3k4e6,pj0o1g4j,46w27j36,5dwqm8gd,ldyvz3kd,1
lde3k4e6,pj0o1g4j,46w27j36,5dwqm8gd,gdrv3y6w,1
lde3k4e6,pj0o1g4j,46w27j36,5dwqm8gd,nwlvj209,1
lde3k4e6,pj0o1g4j,46w27j36,5dwqm8gd,ywe7eqyd,1
lde3k4e6,pj0o1g4j,46w27j36,5dwqm8gd,69zvg8lw,1
lde3k4e6,pj0o1g4j,46w27j36,5dwqm8gd,r9gog75w,1
lde3k4e6,pj0o1g4j,46w27j36,5dwqm8gd,o9xvex0d,1
lde3k4e6,pj0o1g4j,46w27j36,5dwqm8gd,49501m0d,1
lde3k4e6,pj0o1g4j,46w27j36,5dwqm8gd,rdqvknk9,1
lde3k4e6,pj0o1g4j,46w27j36,5dwqm8gd,5d70m2g9,1
lde3k4e6,pj0o1g4j,46w27j36,5dwqm8gd,kwjmqvnw,1
lde3k4e6,pj0o1g4j,46w27j36,5dwqm8gd,owovp3o9,1
lde3k4e6,pj0o1g4j,46w27j36,5dwqm8gd,xd1oq4e9,1
lde3k4e6,pj0o1g4j,46w27j36,w20ex8od,None,2
lde3k4e6,pj0o1g4j,o1ywrodq,7kjqljzd,None,5
lde3k4e6,pj0o1g4j,o1ywrodq,z27o50od,None,2
lde3k4e6,pj0o1g4j,46w27j36,5dwqm8gd,xd1q0lqw,1
lde3k4e6,pj0o1g4j,lde7nn13,xd1305zk,rw6431r9,2
lde3k4e6,pj0o1g4j,lde7nn13,xd1305zk,rdn0n7qw,2
lde3k4e6,pj0o1g4j,lde7nn13,xd1305zk,n937o1zd,4
lde3k4e6,pj0o1g4j,lde7nn13,xd1305zk,rdn0n77w,2
lde3k4e6,pj0o1g4j,lde7nn13,xd1305zk,ldyy2xrd,2
lde3k4e6,pj0o1g4j,lde7nn13,xd1305zk,gdre2nl9,2
lde3k4e6,pj0o1g4j,lde7nn13,xd1305zk,nwll35ew,2
lde3k4e6,pj0o1g4j,lde7nn13,rklq5qw2,None,2
lde3k4e6,pj0o1g4j,46w27j36,5dwqm8gd,xd1q04zw,1
lde3k4e6,pj0o1g4j,76r305q6,wdm7o3ed,ldyz7vrw,2
lde3k4e6,pj0o1g4j,76r305q6,wdm7o3ed,gdr34vld,2
lde3k4e6,pj0o1g4j,76r305q6,wdm7o3ed,nwljxve9,2
lde3k4e6,pj0o1g4j,76r305q6,wdm7o3ed,yweek77w,2
lde3k4e6,pj0o1g4j,46w27j36,5dwqm8gd,gdrvvjew,2
lde3k4e6,pj0o1g4j,46w27j36,5dwqm8gd,gdrvvjew,2
lde3k4e6,pj0o1g4j,46w27j36,5dwqm8gd,29vvrz39,2
lde3k4e6,pj0o1g4j,46w27j36,5dwqm8gd,xd4mok2d,1
lde3k4e6,pj0o1g4j,46w27j36,5dwqm8gd,xd0j54xw,2
lde3k4e6,pj0o1g4j,46w27j36,5dwqm8gd,rw606mrw,2
lde3k4e6,pj0o1g4j,46w27j36,5dwqm8gd,49501z0d,1
lde3k4e6,pj0o1g4j,46w27j36,5dwqm8gd,rdqvkok9,1
lde3k4e6,pj0o1g4j,46w27j36,5dwqm8gd,kwjmq6nw,1
lde3k4e6,pj0o1g4j,46w27j36,5dwqm8gd,owovp5o9,1
lde3k4e6,pj0o1g4j,46w27j36,5dwqm8gd,xd1oqye9,1
lde3k4e6,pj0o1g4j,46w27j36,5dwqm8gd,ewpv64kw,1
lde3k4e6,pj0o1g4j,46w27j36,5dwqm8gd,y9mvo459,1
lde3k4e6,pj0o1g4j,46w27j36,5dwqm8gd,5wkv742d,2
lde3k4e6,pj0o1g4j,46w27j36,5dwqm8gd,owovpjk9,1
lde3k4e6,pj0o1g4j,46w27j36,5dwqm8gd,xd1oqm59,1
lde3k4e6,pj0o1g4j,46w27j36,5dwqm8gd,ewpv63jw,1
lde3k4e6,pj0o1g4j,46w27j36,5dwqm8gd,y9mvo6x9,1
lde3k4e6,pj0o1g4j,46w27j36,5dwqm8gd,59217k3w,1
lde3k4e6,pj0o1g4j,46w27j36,5dwqm8gd,xd4mo1rd,1
lde3k4e6,pj0o1g4j,46w27j36,5dwqm8gd,rw6061gw,1
lde3k4e6,pj0o1g4j,46w27j36,5dwqm8gd,n93pj1zd,1
lde3k4e6,pj0o1g4j,46w27j36,5dwqm8gd,n93pjezd,1
lde3k4e6,pj0o1g4j,46w27j36,5dwqm8gd,xd1oqo69,1
lde3k4e6,pj0o1g4j,46w27j36,5dwqm8gd,ewpv6vzw,1
lde3k4e6,pj0o1g4j,46w27j36,5dwqm8gd,y9mvov19,1
lde3k4e6,pj0o1g4j,46w27j36,5dwqm8gd,5wkv7vqd,1
lde3k4e6,pj0o1g4j,46w27j36,5dwqm8gd,592171rw,1
lde3k4e6,pj0o1g4j,46w27j36,5dwqm8gd,29vvrvn9,1
lde3k4e6,pj0o1g4j,46w27j36,5dwqm8gd,xd4mompd,1
lde3k4e6,pj0o1g4j,46w27j36,5dwqm8gd,xd0j5j1w,1
lde3k4e6,pj0o1g4j,46w27j36,5dwqm8gd,rw60607w,1
lde3k4e6,pj0o1g4j,46w27j36,5dwqm8gd,n93pjped,1
lde3k4e6,pj0o1g4j,46w27j36,5dwqm8gd,z980k0ld,1
lde3k4e6,pj0o1g4j,46w27j36,5dwqm8gd,rw60zz7w,1
lde3k4e6,pj0o1g4j,46w27j36,5dwqm8gd,n93prred,1
lde3k4e6,pj0o1g4j,46w27j36,5dwqm8gd,z980xxld,1
lde3k4e6,pj0o1g4j,46w27j36,5dwqm8gd,rdnvyyv9,1
lde3k4e6,pj0o1g4j,46w27j36,5dwqm8gd,ldyvoozd,1
lde3k4e6,pj0o1g4j,46w27j36,5dwqm8gd,gdrvzzzw,1
lde3k4e6,pj0o1g4j,46w27j36,5dwqm8gd,nwlv88r9,1
lde3k4e6,pj0o1g4j,46w27j36,5dwqm8gd,69zv11ow,1
lde3k4e6,pj0o1g4j,46w27j36,5dwqm8gd,r9gopvkw,1
lde3k4e6,pj0o1g4j,46w27j36,ndxr5evd,None,3
lde3k4e6,pj0o1g4j,46w27j36,w20ex8od,None,1
lde3k4e6,pj0o1g4j,46w27j36,vdopxz92,None,2
lde3k4e6,pj0o1g4j,46w27j36,7dg10xld,None,1
lde3k4e6,pj0o1g4j,46w27j36,mkewlvnk,None,1
lde3k4e6,pj0o1g4j,46w27j36,wdmmjp3d,None,1
lde3k4e6,pj0o1g4j,46w27j36,5dwqm8gd,ywe7oord,1
lde3k4e6,pj0o1g4j,76r305q6,w205585d,None,4
lde3k4e6,pj0o1g4j,pd0wg21e,wkpv0z8k,yweveqdl,8
lde3k4e6,pj0o1g4j,pd0wg21e,q25lg8ko,o9xye6dl,21
lde3k4e6,pj0o1g4j,pd0wg21e,wkpv0z8k,69zlg6d1,10
lde3k4e6,pj0o1g4j,y65jv7de,wk6j6ood,rw6v2jr9,8
lde3k4e6,pj0o1g4j,y65jv7de,wk6j6ood,n930k6n9,2
lde3k4e6,pj0o1g4j,y65jv7de,wk6j6ood,z98jp1gw,11
lde3k4e6,pj0o1g4j,y65jv7de,wk6j6ood,z98jp1gw,8
lde3k4e6,pj0o1g4j,y65jv7de,wk6j6ood,z98jp1gw,2
lde3k4e6,pj0o1g4j,y65jv7de,wk6j6ood,rw6v2jr9,2
lde3k4e6,pj0o1g4j,y65jv7de,wk6j6ood,nwl60r0w,10
lde3k4e6,pj0o1g4j,y65jv7de,wk6j6ood,nwl60r0w,7
lde3k4e6,pj0o1g4j,y65jv7de,wk6j6ood,nwl60r0w,1
lde3k4e6,pj0o1g4j,y65jv7de,wk6j6ood,rdn53eqd,1
lde3k4e6,pj0o1g4j,y65jv7de,wk6j6ood,rdn53eqd,7
lde3k4e6,pj0o1g4j,y65jv7de,wk6j6ood,rdn53eqd,10
lde3k4e6,pj0o1g4j,ldelvl63,xd17744d,None,8
lde3k4e6,pj0o1g4j,ldelvl63,xd17744d,None,5
lde3k4e6,pj0o1g4j,ldelvl63,wkpvmj0k,None,6
lde3k4e6,pj0o1g4j,ldelvl63,wkpvmj0k,None,7
lde3k4e6,pj0o1g4j,ldelvl63,wkpvmj0k,None,5
lde3k4e6,pj0o1g4j,ldelvl63,wkpvmj0k,None,4
lde3k4e6,pj0o1g4j,ldelvl63,824rrjgd,None,53
lde3k4e6,pj0o1g4j,ldelvl63,824rrjgd,None,36
lde3k4e6,pj0o1g4j,y65jv7de,wk6j6ood,ldyeqmkw,1
lde3k4e6,pj0o1g4j,y65jv7de,wk6j6ood,gdrjr56w,1
lde3k4e6,pj0o1g4j,y65jv7de,wk6j6ood,kwjy0nnw,1
lde3k4e6,pj0o1g4j,y65jv7de,7kjr01z2,ywe406yd,2
lde3k4e6,pj0o1g4j,y65jv7de,7kjr01z2,69zr7kld,2
lde3k4e6,pj0o1g4j,y65jv7de,7kjr01z2,r9gz6v5d,2
lde3k4e6,pj0o1g4j,y65jv7de,wk6j6ood,kwjy0nnw,6
lde3k4e6,pj0o1g4j,y65jv7de,7kjr01z2,ldyeqmkw,2
lde3k4e6,pj0o1g4j,y65jv7de,7kjr01z2,gdrjr56w,2
lde3k4e6,pj0o1g4j,y65jv7de,7kjr01z2,nwl60r0w,2
lde3k4e6,pj0o1g4j,y65jv7de,wk6j6ood,kwjy0nnw,9
lde3k4e6,pj0o1g4j,y65jv7de,wk6j6ood,gdrjr56w,6
lde3k4e6,pj0o1g4j,y65jv7de,wk6j6ood,gdrjr56w,9
lde3k4e6,pj0o1g4j,y65jv7de,7kjr01z2,rdn53eqd,3
lde3k4e6,pj0o1g4j,y65jv7de,7kjr01z2,rw6v2jr9,6
lde3k4e6,pj0o1g4j,y65jv7de,7kjr01z2,n930k6n9,5
lde3k4e6,pj0o1g4j,y65jv7de,7kjr01z2,z98jp1gw,4
lde3k4e6,pj0o1g4j,46w27j36,5dwqm8gd,gdrvvjew,2
lde3k4e6,pj0o1g4j,y65797de,7kjl10g2,None,3
lde3k4e6,pj0o1g4j,y65797de,zd3l938d,None,14
lde3k4e6,pj0o1g4j,y65797de,zd3l938d,None,40
lde3k4e6,pj0o1g4j,y65797de,z273qqzd,None,63
lde3k4e6,pj0o1g4j,y65797de,wkpq48gd,None,226
lde3k4e6,pj0o1g4j,y65797de,w20vz08k,None,67
lde3k4e6,pj0o1g4j,y65797de,mkej0g82,None,76
lde3k4e6,pj0o1g4j,9d3vjg6l,wk6rrprk,rw6vmr69,1
lde3k4e6,pj0o1g4j,9d3vjg6l,wk6rrprk,n930m8r9,1
lde3k4e6,pj0o1g4j,9d3vjg6l,wk6rrprk,z98jme1w,1
lde3k4e6,pj0o1g4j,9d3vjg6l,wk6rrprk,rdn5qr6d,1
lde3k4e6,pj0o1g4j,9d3vjg6l,wk6rrprk,ldye3j7w,1
lde3k4e6,pj0o1g4j,9d3vjg6l,wk6rrprk,n930mn29,1
lde3k4e6,pj0o1g4j,9d3vjg6l,wk6rrprk,z98jmzrw,1
lde3k4e6,pj0o1g4j,9d3vjg6l,wk6rrprk,ldye35pw,1
lde3k4e6,pj0o1g4j,9d3vjg6l,wk6rrprk,nwl62yow,1
lde3k4e6,pj0o1g4j,9d3vjg6l,wk6rrprk,ywe4qjld,1
lde3k4e6,pj0o1g4j,9d3vjg6l,wk6rrprk,69zr8qxd,1
lde3k4e6,pj0o1g4j,9d3vjg6l,wk6rrprk,r9gz7jjd,1
lde3k4e6,pj0o1g4j,9d3vjg6l,wk6rrprk,495jmrmw,1
lde3k4e6,pj0o1g4j,9d3vjg6l,wk6rrprk,rdq0n3ow,1
lde3k4e6,pj0o1g4j,9d3vjg6l,wk6rrprk,5d772eqd,1
lde3k4e6,pj0o1g4j,9d3vjg6l,wk6rrprk,owok3ejd,1
lde3k4e6,pj0o1g4j,9d3vjg6l,wk6rrprk,xd1043z9,1
lde3k4e6,pj0o1g4j,9d3vjg6l,wk6rrprk,rw6vmr69,1
lde3k4e6,pj0o1g4j,9d3vjg6l,wk6rrprk,n930m8r9,2
lde3k4e6,pj0o1g4j,9d3vjg6l,wk6rrprk,z98jme1w,2
lde3k4e6,pj0o1g4j,9d3vjg6l,wk6rrprk,rdn5qr6d,1
lde3k4e6,pj0o1g4j,9d3vjg6l,wk6rrprk,ldye3j7w,2
lde3k4e6,pj0o1g4j,9d3vjg6l,wk6rrprk,n930mn29,1
lde3k4e6,pj0o1g4j,9d3vjg6l,wk6rrprk,z98jmzrw,1
lde3k4e6,pj0o1g4j,9d3vjg6l,wk6rrprk,rdn5ql5d,1
lde3k4e6,pj0o1g4j,9d3vjg6l,wk6rrprk,ldye35pw,1
lde3k4e6,pj0o1g4j,9d3vjg6l,wk6rrprk,gdrjy8ew,1
lde3k4e6,pj0o1g4j,9d3vjg6l,wk6rrprk,nwl62yow,1
lde3k4e6,pj0o1g4j,9d3vjg6l,wk6rrprk,ywe4qjld,1
lde3k4e6,pj0o1g4j,9d3vjg6l,wk6rrprk,69zr8qxd,1
lde3k4e6,pj0o1g4j,9d3vjg6l,wk6rrprk,r9gz7jjd,1
lde3k4e6,pj0o1g4j,9d3vjg6l,wk6rrprk,o9x2xz3w,1
lde3k4e6,pj0o1g4j,9d3vjg6l,wk6rrprk,495jmrmw,1
lde3k4e6,pj0o1g4j,9d3vjg6l,wk6rrprk,rdq0n3ow,1
lde3k4e6,pj0o1g4j,9d3vjg6l,wk6rrprk,5d772eqd,1
lde3k4e6,pj0o1g4j,9d3vjg6l,wk6rrprk,kwjyv80w,1
lde3k4e6,pj0o1g4j,9d3vjg6l,wk6rrprk,owok3ejd,1
lde3k4e6,pj0o1g4j,9d3vjg6l,wk6rrprk,xd1043z9,1
lde3k4e6,pj0o1g4j,9d3vjg6l,wk6rrprk,ewpp8zyw,1
lde3k4e6,pj0o1g4j,9d3vjg6l,wk6rrprk,rdn5ql5d,1
lde3k4e6,pj0o1g4j,9d3vjg6l,wk6rrprk,gdrjy8ew,1
lde3k4e6,pj0o1g4j,9d3vjg6l,wk6rrprk,o9x2xz3w,1
lde3k4e6,pj0o1g4j,9d3vjg6l,wk6rrprk,kwjyv80w,1
lde3k4e6,pj0o1g4j,9d3vjg6l,wk6rrprk,ewpp8zyw,1
lde3k4e6,pj0o1g4j,46w8736r,mke5nwjk,None,15
lde3k4e6,pj0o1g4j,9d3vjg6l,9d8g3y6k,None,6
lde3k4e6,pj0o1g4j,9d3vjg6l,jdz9wgr2,n930m8r9,3
lde3k4e6,pj0o1g4j,9d3vjg6l,9d8g3y6k,None,5
lde3k4e6,pj0o1g4j,9d3vjg6l,jdz9wgr2,5wk2qnvw,3
lde3k4e6,pj0o1g4j,9d3vjg6l,jdz9wgr2,592j487w,2
lde3k4e6,pj0o1g4j,9d3vjg6l,jdz9wgr2,29vyzlq9,2
lde3k4e6,pj0o1g4j,9d3vjg6l,jdz9wgr2,y9me2rzd,2
lde3k4e6,pj0o1g4j,9d3vjg6l,n2yqpqzk,None,5
lde3k4e6,pj0o1g4j,o6gnk3o1,q25xlwyk,None,2
lde3k4e6,pj0o1g4j,9d3vjg6l,9d85zl3d,None,1
lde3k4e6,pj0o1g4j,j1l754dg,vdoory6d,None,3
lde3k4e6,pj0o1g4j,ldelvl63,824rrjgd,None,41
lde3k4e6,pj0o1g4j,nd28k2ed,wk643exd,None,2
lde3k4e6,pj0o1g4j,46w27j36,5dwqm8gd,gdrvvjew,1
lde3k4e6,pj0o1g4j,w6jl82ed,9d84x0qk,gdr8rge9,1
lde3k4e6,pj0o1g4j,w6jl82ed,9d84x0qk,rdnl3l5w,2
lde3k4e6,pj0o1g4j,46w27j36,5dwqm8gd,gdrvvjew,3
lde3k4e6,pj0o1g4j,46w27j36,ndxr5evd,None,2
lde3k4e6,pj0o1g4j,46w27j36,5dwqm8gd,gdrvvjew,3
lde3k4e6,pj0o1g4j,46w27j36,5dwqm8gd,49501l0d,1
lde3k4e6,pj0o1g4j,46w27j36,5dwqm8gd,rdqvk5k9,1
lde3k4e6,pj0o1g4j,46w27j36,5dwqm8gd,5d70mzg9,1
lde3k4e6,pj0o1g4j,46w27j36,5dwqm8gd,kwjmq1nw,1
lde3k4e6,pj0o1g4j,46w27j36,5dwqm8gd,owovpqo9,1
lde3k4e6,pj0o1g4j,46w27j36,5dwqm8gd,xd1oq8e9,1
lde3k4e6,pj0o1g4j,46w27j36,5dwqm8gd,ewpv68kw,1
lde3k4e6,pj0o1g4j,46w27j36,5dwqm8gd,y9mvo259,1
lde3k4e6,pj0o1g4j,46w27j36,5dwqm8gd,5wkv7q2d,2
lde3k4e6,pj0o1g4j,46w0n91r,5dwy905k,None,68
lde3k4e6,pj0o1g4j,46w0n91r,wkpq9pjd,None,126
lde3k4e6,pj0o1g4j,pdv2qz46,q259eoyk,None,1
lde3k4e6,pj0o1g4j,lde7nn13,xd1305zk,rw6431r9,3
lde3k4e6,pj0o1g4j,lde7nn13,xd1305zk,z986n3gd,3
lde3k4e6,pj0o1g4j,lde7nn13,xd1305zk,gdre2nl9,4
lde3k4e6,pj0o1g4j,lde7nn13,xd1305zk,69z3z5gd,3
lde3k4e6,pj0o1g4j,lde7nn13,02q85r72,None,6
lde3k4e6,pj0o1g4j,lde7nn13,xd1305zk,n937o1zd,8
lde3k4e6,pj0o1g4j,9d3vjg6l,mkewlo8k,y9me2rzd,2
lde3k4e6,pj0o1g4j,9d3vjg6l,mkewlo8k,n930m8r9,3
lde3k4e6,pj0o1g4j,9d3vjg6l,mkewlo8k,rdn5qr6d,6
lde3k4e6,pj0o1g4j,9d3vjg6l,mkewlo8k,ldye3j7w,6
lde3k4e6,pj0o1g4j,9d3vjg6l,mkewlo8k,rdn5ql5d,5
lde3k4e6,pj0o1g4j,9d3vjg6l,mkewlo8k,ldye35pw,5
lde3k4e6,pj0o1g4j,9d3vjg6l,mkewlo8k,nwl62yow,4
lde3k4e6,pj0o1g4j,9d3vjg6l,mkewlo8k,ywe4qjld,4
lde3k4e6,pj0o1g4j,9d3vjg6l,mkewlo8k,r9gz7jjd,3
lde3k4e6,pj0o1g4j,9d3vjg6l,mkewlo8k,o9x2xz3w,3
lde3k4e6,pj0o1g4j,9d3vjg6l,mkewlo8k,rdq0n3ow,2
lde3k4e6,pj0o1g4j,9d3vjg6l,mkewlo8k,5d772eqd,2
lde3k4e6,pj0o1g4j,9d3vjg6l,mkewlo8k,kwjyv80w,2
lde3k4e6,pj0o1g4j,9d3vjg6l,mkewlo8k,owok3ejd,3
lde3k4e6,pj0o1g4j,9d3vjg6l,mkewlo8k,xd1043z9,3
lde3k4e6,pj0o1g4j,9d3vjg6l,mkewlo8k,ewpp8zyw,4
lde3k4e6,pj0o1g4j,9d3vjg6l,mkewlo8k,rw6vmr69,5
lde3k4e6,pj0o1g4j,9d3vjg6l,mkewlo8k,z98jme1w,4
lde3k4e6,pj0o1g4j,9d3vjg6l,mkewlo8k,n930mn29,2
lde3k4e6,pj0o1g4j,9d3vjg6l,mkewlo8k,z98jmzrw,3
lde3k4e6,pj0o1g4j,9d3vjg6l,mkewlo8k,495jmrmw,4
lde3k4e6,pj0o1g4j,9d3vjg6l,9d8g3y6k,None,6
lde3k4e6,pj0o1g4j,46w27j36,5dwqm8gd,gdrvvjew,4
lde3k4e6,pj0o1g4j,y65797de,n2y350ed,None,106
lde3k4e6,pj0o1g4j,y65797de,n2y350ed,None,1527
lde3k4e6,pj0o1g4j,46w0n91r,5dwy905k,None,105
lde3k4e6,pj0o1g4j,y658g86e,n2y1y482,rdn5gv5d,4
lde3k4e6,pj0o1g4j,y658g86e,n2y1y482,ldye0vpw,6
lde3k4e6,pj0o1g4j,y658g86e,n2y1y482,gdrj7vew,4
lde3k4e6,pj0o1g4j,y658g86e,wk67moxd,None,3
lde3k4e6,pj0o1g4j,46w27j36,5dwqm8gd,gdrvvjew,2
lde3k4e6,pj0o1g4j,46w27j36,5dwqm8gd,gdrvvjew,2
lde3k4e6,pj0o1g4j,y658g86e,n2y1y482,z98jl0rw,4
lde3k4e6,pj0o1g4j,y658g86e,n2y1y482,n9303p29,6
lde3k4e6,pj0o1g4j,46w27j36,5dwqm8gd,z980klpd,1
lde3k4e6,pj0o1g4j,46w27j36,5dwqm8gd,rdnv1g79,1
lde3k4e6,pj0o1g4j,46w27j36,5dwqm8gd,ldyvz0rd,1
lde3k4e6,pj0o1g4j,46w27j36,5dwqm8gd,n93pj3ed,1
lde3k4e6,pj0o1g4j,46w27j36,5dwqm8gd,z980klld,1
lde3k4e6,pj0o1g4j,46w27j36,5dwqm8gd,rdnv1gv9,1
lde3k4e6,pj0o1g4j,46w27j36,5dwqm8gd,ldyvz0zd,1
lde3k4e6,pj0o1g4j,46w27j36,5dwqm8gd,gdrv37zw,1
lde3k4e6,pj0o1g4j,46w27j36,5dwqm8gd,nwlvjer9,1
lde3k4e6,pj0o1g4j,46w27j36,5dwqm8gd,ywe7eprd,1
lde3k4e6,pj0o1g4j,46w27j36,5dwqm8gd,69zvg0ow,1
lde3k4e6,pj0o1g4j,46w27j36,5dwqm8gd,r9gogokw,1
lde3k4e6,pj0o1g4j,46w27j36,5dwqm8gd,o9xvev1d,1
lde3k4e6,pj0o1g4j,46w27j36,5dwqm8gd,495010jd,1
lde3k4e6,pj0o1g4j,46w27j36,5dwqm8gd,rdqvkv19,1
lde3k4e6,pj0o1g4j,46w27j36,5dwqm8gd,5d70m0v9,1
lde3k4e6,pj0o1g4j,46w27j36,5dwqm8gd,kwjmqmzw,1
lde3k4e6,pj0o1g4j,46w27j36,5dwqm8gd,owovpvy9,1
lde3k4e6,pj0o1g4j,46w27j36,7dg10xld,None,1
lde3k4e6,pj0o1g4j,y658g86e,n2y1y482,rw6vyyp9,7
lde3k4e6,pj0o1g4j,46w27j36,5dwqm8gd,gdrvvjew,2
lde3k4e6,pj0o1g4j,m1zjp806,jdzw17rd,rw6my1n9,1
lde3k4e6,pj0o1g4j,m1zjp806,jdzw17rd,xd04o10w,1
lde3k4e6,pj0o1g4j,m1zjp806,jdzw17rd,xd4k810w,1
lde3k4e6,pj0o1g4j,y658g86e,n2y1y482,xd00oomd,6
lde3k4e6,pj0o1g4j,76r345l6,wdm5qn52,None,1
lde3k4e6,pj0o1g4j,46w27j36,5dwqm8gd,gdrvvjew,3
lde3k4e6,pj0o1g4j,46w27j36,5dwqm8gd,ldyvz8kd,2
lde3k4e6,pj0o1g4j,46w27j36,5dwqm8gd,ldyvz8kd,2
lde3k4e6,pj0o1g4j,46w27j36,5dwqm8gd,nwlvjp09,1
lde3k4e6,pj0o1g4j,46w27j36,5dwqm8gd,ywe7emyd,1
lde3k4e6,pj0o1g4j,46w27j36,5dwqm8gd,69zvgnlw,1
lde3k4e6,pj0o1g4j,46w27j36,5dwqm8gd,o9xve30d,1
lde3k4e6,pj0o1g4j,46w27j36,ndxr5evd,None,2
lde3k4e6,pj0o1g4j,j1l754dg,mkermx9d,r9gxlepw,1
lde3k4e6,pj0o1g4j,j1l754dg,mkermx9d,r9gxlepw,2
lde3k4e6,pj0o1g4j,m1zjp806,q25mr3jd,n93m317d,2
lde3k4e6,pj0o1g4j,m1zjp806,jdzw17rd,5924pmgw,1
lde3k4e6,pj0o1g4j,m1zjp806,jdzw17rd,29vzp61d,5
lde3k4e6,pj0o1g4j,m1zjp806,jdzw17rd,xd4k810w,1
lde3k4e6,pj0o1g4j,m1zjp806,jdzw17rd,xd04o10w,1
lde3k4e6,pj0o1g4j,m1zjp806,jdzw17rd,rw6my1n9,1
lde3k4e6,pj0o1g4j,m1zjp806,wk68zvo2,None,1
lde3k4e6,pj0o1g4j,46wkn36r,ndxp68r2,None,12
lde3k4e6,pj0o1g4j,y65797de,zd3l938d,None,123
lde3k4e6,pj0o1g4j,46wynndr,7kjvnpxk,None,5
lde3k4e6,pj0o1g4j,46w27j36,5dwqm8gd,gdrvvjew,3
lde3k4e6,pj0o1g4j,j1lqzpv6,7dgy0r7d,None,14
lde3k4e6,pj0o1g4j,j1lqzpv6,8248g1gk,None,5
lde3k4e6,pj0o1g4j,j1lqzpv6,7dgy0r7d,None,3
lde3k4e6,pj0o1g4j,j1lqzpv6,7dgy0r7d,None,7
lde3k4e6,pj0o1g4j,j1lqzpv6,8248g1gk,None,9
lde3k4e6,pj0o1g4j,j1lqzpv6,8248g1gk,None,9
lde3k4e6,pj0o1g4j,j1lqzpv6,8248g1gk,None,10
lde3k4e6,pj0o1g4j,76r32446,jdrw105k,None,1
lde3k4e6,pj0o1g4j,46w27j36,5dwqm8gd,gdrvvjew,2
lde3k4e6,pj0o1g4j,46w27j36,5dwqm8gd,gdrvvjew,1
lde3k4e6,pj0o1g4j,46w27j36,5dwqm8gd,gdrvvjew,3
lde3k4e6,pj0o1g4j,46w27j36,5dwqm8gd,xd1oqz59,1
lde3k4e6,pj0o1g4j,46w27j36,5dwqm8gd,ewpv62jw,1
lde3k4e6,pj0o1g4j,46w27j36,5dwqm8gd,y9mvomx9,1
lde3k4e6,pj0o1g4j,46w27j36,5dwqm8gd,5wkv7mpd,1
lde3k4e6,pj0o1g4j,46w27j36,5dwqm8gd,5921763w,1
lde3k4e6,pj0o1g4j,46w27j36,5dwqm8gd,29vvr8l9,1
lde3k4e6,pj0o1g4j,46w27j36,5dwqm8gd,xd4mo5rd,1
lde3k4e6,pj0o1g4j,46w27j36,5dwqm8gd,xd0j5e4w,1
lde3k4e6,pj0o1g4j,46w27j36,5dwqm8gd,rw6067gw,1
lde3k4e6,pj0o1g4j,46w27j36,5dwqm8gd,n93pjxzd,1
lde3k4e6,pj0o1g4j,46w27j36,5dwqm8gd,z980kopd,1
lde3k4e6,pj0o1g4j,46w27j36,5dwqm8gd,rdnv1m79,1
lde3k4e6,pj0o1g4j,46w27j36,5dwqm8gd,ldyvzrrd,1
lde3k4e6,pj0o1g4j,46w27j36,5dwqm8gd,gdrv30lw,1
lde3k4e6,pj0o1g4j,46w27j36,5dwqm8gd,nwlvjme9,1
lde3k4e6,pj0o1g4j,46w27j36,5dwqm8gd,ywe7ev7d,1
lde3k4e6,pj0o1g4j,46w27j36,5dwqm8gd,69zvglgw,1
lde3k4e6,pj0o1g4j,46w27j36,wkpg098k,None,2
lde3k4e6,pj0o1g4j,46w27j36,5dwqm8gd,z98kn6l9,1
lde3k4e6,pj0o1g4j,46w27j36,5dwqm8gd,rw6065rw,1
lde3k4e6,pj0o1g4j,46w27j36,5dwqm8gd,n93pjznd,1
lde3k4e6,pj0o1g4j,46w27j36,5dwqm8gd,rdnv14q9,1
lde3k4e6,pj0o1g4j,46w27j36,5dwqm8gd,gdrv366w,1
lde3k4e6,pj0o1g4j,46w27j36,5dwqm8gd,69zvgelw,1
lde3k4e6,pj0o1g4j,46w27j36,5dwqm8gd,o9xver0d,1
lde3k4e6,pj0o1g4j,46w27j36,5dwqm8gd,rdqvk4k9,1
lde3k4e6,pj0o1g4j,46w27j36,5dwqm8gd,kwjmq4nw,1
lde3k4e6,pj0o1g4j,46w27j36,5dwqm8gd,xd1oqle9,1
lde3k4e6,pj0o1g4j,46w27j36,5dwqm8gd,y9mvo059,1
lde3k4e6,pj0o1g4j,46w27j36,5dwqm8gd,5wkv702d,1
lde3k4e6,pj0o1g4j,46w27j36,5dwqm8gd,59217mow,1
lde3k4e6,pj0o1g4j,46w27j36,5dwqm8gd,29vvrg39,1
lde3k4e6,pj0o1g4j,46w27j36,5dwqm8gd,xd4mop2d,1
lde3k4e6,pj0o1g4j,46w27j36,5dwqm8gd,xd0j5pxw,1
lde3k4e6,pj0o1g4j,46w27j36,5dwqm8gd,gdrvvjew,1
lde3k4e6,pj0o1g4j,46w27j36,vdopxz92,None,2
lde3k4e6,pj0o1g4j,46w27j36,5dwqm8gd,r9gogmpw,1
lde3k4e6,pj0o1g4j,46w27j36,5dwqm8gd,o9xveypd,1
lde3k4e6,pj0o1g4j,46w27j36,5dwqm8gd,49501q3d,1
lde3k4e6,pj0o1g4j,46w27j36,5dwqm8gd,rdqvkm29,1
lde3k4e6,pj0o1g4j,46w27j36,5dwqm8gd,5d70m569,1
lde3k4e6,pj0o1g4j,46w27j36,5dwqm8gd,kwjmqj7w,1
lde3k4e6,pj0o1g4j,46w27j36,5dwqm8gd,owovpnk9,1
lde3k4e6,pj0o1g4j,46w27j36,5dwqm8gd,xd1oqr59,1
lde3k4e6,pj0o1g4j,46w27j36,5dwqm8gd,ewpv6yjw,1
lde3k4e6,pj0o1g4j,46w27j36,5dwqm8gd,y9mvo3x9,1
lde3k4e6,pj0o1g4j,46w27j36,5dwqm8gd,5wkv7opd,1
lde3k4e6,pj0o1g4j,46w27j36,5dwqm8gd,59217l3w,1
lde3k4e6,pj0o1g4j,46w27j36,5dwqm8gd,29vvrxl9,1
lde3k4e6,pj0o1g4j,46w27j36,wkpg098k,None,2
lde3k4e6,pj0o1g4j,46wynndr,q25ggx8d,59206vod,3
lde3k4e6,pj0o1g4j,46wynndr,02q3j5yk,59206vod,1
lde3k4e6,pj0o1g4j,46w27j36,5dwqm8gd,nwlvj1e9,1
lde3k4e6,pj0o1g4j,46wynndr,xk90mnyk,59206vod,2
lde3k4e6,pj0o1g4j,lde7nn13,xd1305zk,rdn0n7qw,4
lde3k4e6,pj0o1g4j,46w27j36,5dwqm8gd,rw6062rw,1
lde3k4e6,pj0o1g4j,46w27j36,5dwqm8gd,n93pjknd,1
lde3k4e6,pj0o1g4j,46w27j36,5dwqm8gd,z980kpgd,1
lde3k4e6,pj0o1g4j,46w27j36,5dwqm8gd,rdnv13q9,1
lde3k4e6,pj0o1g4j,46w27j36,5dwqm8gd,ldyvzqkd,1
lde3k4e6,pj0o1g4j,46w27j36,5dwqm8gd,n93pjkzd,1
lde3k4e6,pj0o1g4j,46w27j36,5dwqm8gd,z980kppd,1
lde3k4e6,pj0o1g4j,46w27j36,5dwqm8gd,rdnv1379,1
lde3k4e6,pj0o1g4j,46w27j36,5dwqm8gd,ldyvzqrd,1
lde3k4e6,pj0o1g4j,46w27j36,5dwqm8gd,gdrv3rlw,1
lde3k4e6,pj0o1g4j,46w27j36,5dwqm8gd,nwlvj0e9,1
lde3k4e6,pj0o1g4j,46w27j36,5dwqm8gd,ywe7e07d,1
lde3k4e6,pj0o1g4j,46w27j36,5dwqm8gd,69zvg7gw,1
lde3k4e6,pj0o1g4j,46w27j36,vdopxz92,None,2
lde3k4e6,pj0o1g4j,j1n82r91,vdop6jv2,xd11x36d,7
lde3k4e6,pj0o1g4j,j1n82r91,vdop6jv2,ewp5rzz9,6
lde3k4e6,pj0o1g4j,j1n82r91,vdop6jv2,y9mz8r1d,6
lde3k4e6,pj0o1g4j,j1n82r91,vdop6jv2,5wklpnq9,4
lde3k4e6,pj0o1g4j,j1n82r91,vdop6jv2,592p58rw,4
lde3k4e6,pj0o1g4j,lde7nn13,xd1305zk,r9g2xlpd,4
lde3k4e6,pj0o1g4j,lde7nn13,xd1305zk,ldyy2xkd,3
lde3k4e6,pj0o1g4j,lde7nn13,xd1305zk,ldyy2xrd,4
lde3k4e6,pj0o1g4j,lde7nn13,rklq5qw2,None,4
lde3k4e6,pj0o1g4j,46w27j36,5dwqm8gd,rw60z67w,1
lde3k4e6,pj0o1g4j,j1l754dg,mkermx9d,4954233w,2
lde3k4e6,pj0o1g4j,pd0q2231,n2yvv982,None,1
lde3k4e6,pj0o1g4j,w6jl82ed,9d84x0qk,29vlg2qw,2
lde3k4e6,pj0o1g4j,lde7nn13,xd1305zk,z986n3pd,3
lde3k4e6,pj0o1g4j,lde7nn13,xd1305zk,rdn0n77w,5
lde3k4e6,pj0o1g4j,9d3vjg6l,n2yqpqzk,None,3
lde3k4e6,pj0o1g4j,9d3vjg6l,9d85zl3d,None,1
lde3k4e6,pj0o1g4j,3dxkx0g1,zd35epnk,None,225
lde3k4e6,pj0o1g4j,3dxkx0g1,7dg1pg4d,ywe704qd,5
lde3k4e6,pj0o1g4j,ldelvl63,824rrjgd,None,45
lde3k4e6,pj0o1g4j,ldelvl63,9d8gge3k,None,19
lde3k4e6,pj0o1g4j,ldelvl63,wkpvmj0k,None,26
lde3k4e6,pj0o1g4j,ldelvl63,wkpvmj0k,None,8
lde3k4e6,pj0o1g4j,ldelvl63,xd17744d,None,14
lde3k4e6,pj0o1g4j,ldelvl63,wkpvmj0k,None,4
lde3k4e6,pj0o1g4j,ldelvl63,wkpvmj0k,None,4
lde3k4e6,pj0o1g4j,ldelvl63,xd17744d,None,13
lde3k4e6,pj0o1g4j,ldelvl63,xd17744d,None,7
lde3k4e6,pj0o1g4j,ldelvl63,824rrjgd,None,49
lde3k4e6,pj0o1g4j,ldelvl63,xd17744d,None,16
lde3k4e6,pj0o1g4j,ldelvl63,xd17744d,None,7
lde3k4e6,pj0o1g4j,ldelvl63,wkpvmj0k,None,6
lde3k4e6,pj0o1g4j,ldelvl63,824rrjgd,None,38
lde3k4e6,pj0o1g4j,ldelvl63,wkpvmj0k,None,7
lde3k4e6,pj0o1g4j,ldelvl63,xd17744d,None,11
lde3k4e6,pj0o1g4j,ldelvl63,wkpvmj0k,None,3
lde3k4e6,pj0o1g4j,ldelvl63,xd17744d,None,3
lde3k4e6,pj0o1g4j,ldelvl63,wkpvmj0k,None,4
lde3k4e6,pj0o1g4j,ldelvl63,824rrjgd,None,110
lde3k4e6,pj0o1g4j,ldelvl63,xd17744d,None,50
lde3k4e6,pj0o1g4j,ldelvl63,9d8gge3k,None,177
lde3k4e6,pj0o1g4j,lde7nn13,02q85r72,None,7
lde3k4e6,pj0o1g4j,lde7nn13,jdr9o4nd,ldyy2xrd,5
lde3k4e6,pj0o1g4j,lde7nn13,jdr9o4nd,gdre2nl9,4
lde3k4e6,pj0o1g4j,lde7nn13,jdr9o4nd,nwll35ew,5
lde3k4e6,pj0o1g4j,k6qv5xdg,jdr16mg2,5d73g7g9,10
lde3k4e6,pj0o1g4j,ldelvl63,824rrjgd,None,51
lde3k4e6,pj0o1g4j,ldelvl63,824rrjgd,None,47
lde3k4e6,pj0o1g4j,ldelvl63,xd17744d,None,6
lde3k4e6,pj0o1g4j,ldelvl63,9d8gge3k,None,40
lde3k4e6,pj0o1g4j,y658g86e,n2y1y482,xd4688q9,10
lde3k4e6,pj0o1g4j,k6qv5xdg,jdr16mg2,gdrqzj69,9
lde3k4e6,pj0o1g4j,9d3vjg6l,jdz9wgr2,ewpp8zyw,5
lde3k4e6,pj0o1g4j,lde7nn13,jdr9o4nd,69z3z5gd,5
lde3k4e6,pj0o1g4j,lde7nn13,jdr9o4nd,rw6431r9,7
lde3k4e6,pj0o1g4j,lde7nn13,jdr9o4nd,rdn0n7qw,2
lde3k4e6,pj0o1g4j,lde7nn13,jdr9o4nd,ldyy2xkd,4
lde3k4e6,pj0o1g4j,lde7nn13,jdr9o4nd,rdn0n77w,2
lde3k4e6,pj0o1g4j,lde7nn13,jdr9o4nd,ywe1ly7d,5
lde3k4e6,pj0o1g4j,o6gnk3o1,jdzeg43d,None,1
lde3k4e6,pj0o1g4j,9d3vjg6l,wkpy500k,rw6vmr69,4
lde3k4e6,pj0o1g4j,9d3vjg6l,wkpy500k,n930m8r9,4
lde3k4e6,pj0o1g4j,9d3vjg6l,wkpy500k,z98jme1w,4
lde3k4e6,pj0o1g4j,9d3vjg6l,wkpy500k,ldye3j7w,3
lde3k4e6,pj0o1g4j,9d3vjg6l,wkpy500k,z98jmzrw,3
lde3k4e6,pj0o1g4j,9d3vjg6l,wkpy500k,rdn5qr6d,1
lde3k4e6,pj0o1g4j,9d3vjg6l,wkpy500k,n930mn29,3
lde3k4e6,pj0o1g4j,9d3vjg6l,wkpy500k,rdn5ql5d,3
lde3k4e6,pj0o1g4j,9d3vjg6l,wkpy500k,gdrjy8ew,3
lde3k4e6,pj0o1g4j,9d3vjg6l,wkpy500k,nwl62yow,4
lde3k4e6,pj0o1g4j,9d3vjg6l,wkpy500k,ywe4qjld,4
lde3k4e6,pj0o1g4j,9d3vjg6l,wkpy500k,69zr8qxd,3
lde3k4e6,pj0o1g4j,9d3vjg6l,wkpy500k,r9gz7jjd,3
lde3k4e6,pj0o1g4j,9d3vjg6l,wkpy500k,ldye35pw,4
lde3k4e6,pj0o1g4j,9d3vjg6l,wkpy500k,o9x2xz3w,3
lde3k4e6,pj0o1g4j,9d3vjg6l,wkpy500k,495jmrmw,3
lde3k4e6,pj0o1g4j,9d3vjg6l,wkpy500k,rdq0n3ow,2
lde3k4e6,pj0o1g4j,9d3vjg6l,wkpy500k,5d772eqd,3
lde3k4e6,pj0o1g4j,9d3vjg6l,wkpy500k,kwjyv80w,1
lde3k4e6,pj0o1g4j,9d3vjg6l,wkpy500k,owok3ejd,3
lde3k4e6,pj0o1g4j,9d3vjg6l,wkpy500k,xd1043z9,1
lde3k4e6,pj0o1g4j,9d3vjg6l,wkpy500k,ewpp8zyw,2
lde3k4e6,pj0o1g4j,9d3vjg6l,wkpy500k,592j487w,3
lde3k4e6,pj0o1g4j,9d3vjg6l,wkpy500k,29vyzlq9,2
lde3k4e6,pj0o1g4j,9d3vjg6l,zdnw5wed,None,3
lde3k4e6,pj0o1g4j,ldelvl63,824rrjgd,None,48
lde3k4e6,pj0o1g4j,9d3vjg6l,wkpy500k,y9me2rzd,1
lde3k4e6,pj0o1g4j,9d3vjg6l,wkpy500k,5wk2qnvw,2
lde3k4e6,pj0o1g4j,j1l754dg,mkermx9d,o9x4g8pd,5
lde3k4e6,pj0o1g4j,j1l754dg,mkermx9d,o9x4g8pd,2
lde3k4e6,pj0o1g4j,y65797de,n2y350ed,None,18193
lde3k4e6,pj0o1g4j,j1l754dg,ndxr14od,xd1xmk59,2
lde3k4e6,pj0o1g4j,76rxjeq6,9d8yl46k,None,2
lde3k4e6,pj0o1g4j,76rxjeq6,jdzln932,nwl55z0d,1
lde3k4e6,pj0o1g4j,76rxjeq6,jdzln932,yweyy3yd,2
lde3k4e6,pj0o1g4j,76rxjeq6,jdzln932,69z556l9,3
lde3k4e6,pj0o1g4j,76rxjeq6,jdzln932,r9glln5w,3
lde3k4e6,pj0o1g4j,76rxjeq6,jdzln932,o9xggo0d,3
lde3k4e6,pj0o1g4j,76rxjeq6,jdzln932,49522z09,1
lde3k4e6,pj0o1g4j,76rxjeq6,02q4r3jd,49522z09,1
lde3k4e6,pj0o1g4j,46w27j36,5dwqm8gd,r9gog15w,1
lde3k4e6,pj0o1g4j,m1mn4qjd,jdrwnj0k,None,2
lde3k4e6,pj0o1g4j,3698773d,wk6wwex2,None,1
lde3k4e6,pj0o1g4j,m1mn4qjd,jdrwnj0k,None,2
lde3k4e6,pj0o1g4j,m1zjp806,q25mr3jd,rw6my1n9,4
lde3k4e6,pj0o1g4j,m1zjp806,q25mr3jd,gdry7n8w,3
lde3k4e6,pj0o1g4j,m1zjp806,q25mr3jd,69z80569,2
lde3k4e6,pj0o1g4j,m1zjp806,q25mr3jd,r9g78lq9,2
lde3k4e6,pj0o1g4j,m1zjp806,q25mr3jd,o9xx0g69,2
lde3k4e6,pj0o1g4j,m1zjp806,wk68zvo2,None,1
lde3k4e6,pj0o1g4j,m1zjp806,9kv957e2,None,1
lde3k4e6,pj0o1g4j,m1zjp806,rklr4v6k,None,1
lde3k4e6,pj0o1g4j,m1zjp806,zdnz3ned,None,1
lde3k4e6,pj0o1g4j,9d3vjg6l,mkewlo8k,69zr8qxd,4
lde3k4e6,pj0o1g4j,4d7mnnd7,wk6or4qk,None,9
lde3k4e6,pj0o1g4j,m1zjp806,q25mr3jd,yweqpyqw,2
lde3k4e6,pj0o1g4j,lde7nn13,02q85r72,None,3
lde3k4e6,pj0o1g4j,lde7nn13,jdr9o4nd,rw6431r9,3
lde3k4e6,pj0o1g4j,lde7nn13,jdr9o4nd,z986n3gd,3
lde3k4e6,pj0o1g4j,lde7nn13,jdr9o4nd,rdn0n7qw,3
lde3k4e6,pj0o1g4j,lde7nn13,jdr9o4nd,ldyy2xkd,3
lde3k4e6,pj0o1g4j,lde7nn13,jdr9o4nd,n937o1zd,2
lde3k4e6,pj0o1g4j,lde7nn13,jdr9o4nd,rdn0n77w,3
lde3k4e6,pj0o1g4j,lde7nn13,jdr9o4nd,ldyy2xrd,3
lde3k4e6,pj0o1g4j,lde7nn13,jdr9o4nd,gdre2nl9,3
lde3k4e6,pj0o1g4j,lde7nn13,jdr9o4nd,nwll35ew,2
lde3k4e6,pj0o1g4j,lde7nn13,jdr9o4nd,ywe1ly7d,3
lde3k4e6,pj0o1g4j,lde7nn13,jdr9o4nd,69z3z5gd,2
lde3k4e6,pj0o1g4j,lde7nn13,jdr9o4nd,r9g2xlpd,3
lde3k4e6,pj0o1g4j,lde7nn13,jdr9o4nd,z986n3pd,3
lde3k4e6,pj0o1g4j,j1nlwldp,vdoqnwvk,None,26
lde3k4e6,pj0o1g4j,j1nlwldp,zdnnrxxd,None,11
lde3k4e6,pj0o1g4j,j1nlwldp,zdnnrxxd,None,7
lde3k4e6,pj0o1g4j,k6q474zd,q25m6zyd,None,1
lde3k4e6,pj0o1g4j,268ejwo6,7kj3jjn2,None,19
lde3k4e6,pj0o1g4j,4d7mnnd7,mke5py9k,5d73lye9,3
lde3k4e6,pj0o1g4j,4d7mnnd7,mke5py9k,gdrj7p6w,3
lde3k4e6,pj0o1g4j,4d7mnnd7,zdnl9vq2,gdrj7p6w,2
lde3k4e6,pj0o1g4j,4d7mnnd7,zdnl9vq2,5d73lye9,2
lde3k4e6,pj0o1g4j,pd0q2231,9d85oyld,None,1
lde3k4e6,pj0o1g4j,46w27j36,w20ex8od,None,3
lde3k4e6,pj0o1g4j,46w27j36,5dwqm8gd,ewpv6okw,1
lde3k4e6,pj0o1g4j,46w27j36,5dwqm8gd,y9mvog59,1
lde3k4e6,pj0o1g4j,46w27j36,5dwqm8gd,5wkv7e2d,1
lde3k4e6,pj0o1g4j,46w27j36,5dwqm8gd,29vvr039,1
lde3k4e6,pj0o1g4j,46w27j36,5dwqm8gd,xd4moe2d,1
lde3k4e6,pj0o1g4j,46w27j36,5dwqm8gd,xd0j5nxw,1
lde3k4e6,pj0o1g4j,46w27j36,5dwqm8gd,rw606grw,1
lde3k4e6,pj0o1g4j,46w27j36,5dwqm8gd,n93pjlnd,1
lde3k4e6,pj0o1g4j,46w27j36,5dwqm8gd,z980k5gd,1
lde3k4e6,pj0o1g4j,46w27j36,5dwqm8gd,rdnv1xq9,1
lde3k4e6,pj0o1g4j,46w27j36,5dwqm8gd,ldyvzkkd,1
lde3k4e6,pj0o1g4j,46w27j36,5dwqm8gd,gdrv3o6w,1
lde3k4e6,pj0o1g4j,46w27j36,5dwqm8gd,nwlvjz09,2
lde3k4e6,pj0o1g4j,9d3vjg6l,mkewlo8k,gdrjy8ew,4
lde3k4e6,pj0o1g4j,k6q474zd,8240o13d,None,472
lde3k4e6,pj0o1g4j,lde7nn13,xd1305zk,z986n3gd,2
lde3k4e6,pj0o1g4j,lde7nn13,xd1305zk,ldyy2xkd,2
lde3k4e6,pj0o1g4j,lde7nn13,xd1305zk,z986n3pd,2
lde3k4e6,pj0o1g4j,lde7nn13,xd1305zk,ywe1ly7d,3
lde3k4e6,pj0o1g4j,lde7nn13,xd1305zk,69z3z5gd,2
lde3k4e6,pj0o1g4j,lde7nn13,xd1305zk,r9g2xlpd,3
lde3k4e6,pj0o1g4j,lde7nn13,02q85r72,None,2
lde3k4e6,pj0o1g4j,k6qwo06g,wdmz5jo2,y9mjpxl9,10
lde3k4e6,pj0o1g4j,k6qwo06g,wdmz5jo2,592zoqg9,12
lde3k4e6,pj0o1g4j,j1l754dg,5dw8z1gd,y9m867xd,3
lde3k4e6,pj0o1g4j,o1y9glv6,9kv6e702,None,3
lde3k4e6,pj0o1g4j,3dxkzr41,zdnz0pnd,None,3
lde3k4e6,pj0o1g4j,pd0py36e,vdo3oqyd,None,1059
lde3k4e6,pj0o1g4j,yd487k6e,9kv4m8kg,r9gm5j92,46
lde3k4e6,pj0o1g4j,m1mnjexd,mkeyxg92,None,12
lde3k4e6,pj0o1g4j,pd0q2231,zdnzj87d,rdnmpx69,3
lde3k4e6,pj0o1g4j,lde7nn13,02q85r72,None,19
lde3k4e6,pj0o1g4j,lde7nn13,jdr9o4nd,z986n3pd,7
lde3k4e6,pj0o1g4j,lde7nn13,jdr9o4nd,rdn0n77w,4
lde3k4e6,pj0o1g4j,lde7nn13,jdr9o4nd,gdre2nl9,7
lde3k4e6,pj0o1g4j,lde7nn13,jdr9o4nd,nwll35ew,2
lde3k4e6,pj0o1g4j,lde7nn13,jdr9o4nd,r9g2xlpd,9
lde3k4e6,pj0o1g4j,46wynndr,xk90mnyk,ewp72kkw,4
lde3k4e6,pj0o1g4j,k6qwo06g,wdmz5jo2,kwj5ezr9,7
lde3k4e6,pj0o1g4j,y65797de,zd3l938d,None,1249
lde3k4e6,pj0o1g4j,lde7nn13,jdr9o4nd,z986n3gd,5
lde3k4e6,pj0o1g4j,lde7nn13,jdr9o4nd,rdn0n7qw,3
lde3k4e6,pj0o1g4j,j1l754dg,mkermx9d,4954233w,2
lde3k4e6,pj0o1g4j,ldelvl63,824rrjgd,None,76
lde3k4e6,pj0o1g4j,yd4kyxp6,9d85vz7d,None,3
lde3k4e6,pj0o1g4j,yd4kyxp6,9kvrx1j2,r9g814pd,5
lde3k4e6,pj0o1g4j,yd4kyxp6,9kvrx1j2,o9x037p9,4
lde3k4e6,pj0o1g4j,yd4kyxp6,9kvrx1j2,495nl539,4
lde3k4e6,pj0o1g4j,yd4kyxp6,9kvrx1j2,rdqq572d,4
lde3k4e6,pj0o1g4j,yd4kyxp6,9kvrx1j2,kwjr1p7d,4
lde3k4e6,pj0o1g4j,yd4kyxp6,9kvrx1j2,owoxqykw,4
lde3k4e6,pj0o1g4j,yd4kyxp6,9kvrx1j2,xd118x5d,4
lde3k4e6,pj0o1g4j,yd4kyxp6,9kvrx1j2,y9mz18xd,4
lde3k4e6,pj0o1g4j,yd4kyxp6,9kvrx1j2,592pn53w,4
lde3k4e6,pj0o1g4j,yd4kyxp6,9kvrx1j2,69z0n2gd,5
lde3k4e6,pj0o1g4j,yd4kyxp6,rkl0goqk,69z0n2gd,5
lde3k4e6,pj0o1g4j,4d7mnnd7,jdzlvgg2,5d7xx2g9,2
lde3k4e6,pj0o1g4j,lde7nn13,02q85r72,None,4
lde3k4e6,pj0o1g4j,pd0qye01,wkpgygvk,5wklny59,4
lde3k4e6,pj0o1g4j,j1n5ee1p,wk61geed,None,24
lde3k4e6,pj0o1g4j,o1yl7o6q,jdz83qgd,None,9
lde3k4e6,pj0o1g4j,o6gl40xd,n2yolmzd,None,5
lde3k4e6,pj0o1g4j,pdvz2k96,xd17yn7d,gdr2v8k9,5
lde3k4e6,pj0o1g4j,pdvz2k96,xd17yn7d,nwl3vygw,4
lde3k4e6,pj0o1g4j,pdvz2k96,xd17yn7d,69zzvq49,4
lde3k4e6,pj0o1g4j,pdvz2k96,xd17yn7d,ywel7j49,4
lde3k4e6,pj0o1g4j,pdvz2k96,xd1ew842,None,9
lde3k4e6,pj0o1g4j,w6jl82ed,9d84x0qk,5928mq79,3
lde3k4e6,pj0o1g4j,m1zjp806,02qvyp7d,yweqpyqw,1
lde3k4e6,pj0o1g4j,46wynndr,xk90mnyk,xd1jmeed,4
lde3k4e6,pj0o1g4j,46wynndr,xk90mnyk,xd405v29,5
lde3k4e6,pj0o1g4j,46wynndr,xk90mnyk,kwj7glnw,7
lde3k4e6,pj0o1g4j,46wynndr,n2yqy58k,None,7
lde3k4e6,pj0o1g4j,m1zjp806,jdzw17rd,o9xx0g69,2
lde3k4e6,pj0o1g4j,m1zjp806,jdzw17rd,o9xx0g69,1
lde3k4e6,pj0o1g4j,m1zjp806,jdzw17rd,495mn22w,1
lde3k4e6,pj0o1g4j,ldelvl63,824rrjgd,None,47
lde3k4e6,pj0o1g4j,ldelvl63,xd17744d,None,32
lde3k4e6,pj0o1g4j,ldelvl63,wkpvmj0k,None,13
lde3k4e6,pj0o1g4j,nd28k2ed,mkevzp92,None,12
lde3k4e6,pj0o1g4j,yd4ky5g6,ndxry4jd,None,6
lde3k4e6,pj0o1g4j,369j481l,w20nm9od,None,8
lde3k4e6,pj0o1g4j,lde7nn13,rklq5qw2,None,1
lde3k4e6,pj0o1g4j,o6g2k512,q258gzg2,None,40
lde3k4e6,pj0o1g4j,46wynndr,q25ggx8d,rdqz82kd,3
lde3k4e6,pj0o1g4j,268w8r76,xk9xpl4k,z98q42r9,5
lde3k4e6,pj0o1g4j,46wynndr,q25ggx8d,69zp5olw,3
lde3k4e6,pj0o1g4j,yd4ky5g6,w20e03zd,ywep1pqd,4
lde3k4e6,pj0o1g4j,yd4ky5g6,w20e03zd,r9g828qd,3
lde3k4e6,pj0o1g4j,yd4ky5g6,w20e03zd,rdng0gn9,5
lde3k4e6,pj0o1g4j,yd4ky5g6,w20e03zd,ldy0y0j9,4
lde3k4e6,pj0o1g4j,yd4ky5g6,w20e03zd,gdr7e78w,5
lde3k4e6,pj0o1g4j,o1y9glv6,zd3o18nd,None,13
lde3k4e6,pj0o1g4j,lde7nn13,rklq5qw2,None,2
lde3k4e6,pj0o1g4j,ldelvl63,824rrjgd,None,31
lde3k4e6,pj0o1g4j,ldelvl63,xd17744d,None,13
lde3k4e6,pj0o1g4j,ldelvl63,wkpvmj0k,None,5
lde3k4e6,pj0o1g4j,ldelvl63,xd17744d,None,5
lde3k4e6,pj0o1g4j,46wynndr,xk90mnyk,y9m5mk5d,4
lde3k4e6,pj0o1g4j,j1l754dg,mkermx9d,ldy2xnrw,4
lde3k4e6,pj0o1g4j,j1l754dg,mkermx9d,ldy2xnrw,3
lde3k4e6,pj0o1g4j,j1l754dg,q251xwdo,None,6
lde3k4e6,pj0o1g4j,j1l754dg,mkermx9d,5925k239,3
lde3k4e6,pj0o1g4j,j1l754dg,mkermx9d,5925k239,1
lde3k4e6,pj0o1g4j,ldelvl63,9d8gge3k,None,20
lde3k4e6,pj0o1g4j,46wynndr,xk90mnyk,o9x1g50d,6
lde3k4e6,pj0o1g4j,46wynndr,xk90mnyk,owo7j1o9,4
lde3k4e6,pj0o1g4j,46wynndr,xk90mnyk,5wkkmg2w,6
lde3k4e6,pj0o1g4j,46wynndr,xk90mnyk,29vm8139,5
lde3k4e6,pj0o1g4j,ldelvl63,824rrjgd,None,207
lde3k4e6,pj0o1g4j,ldelvl63,xd17744d,None,516
lde3k4e6,pj0o1g4j,ldelvl63,wkpvmj0k,None,20
lde3k4e6,pj0o1g4j,ldelvl63,xd17744d,None,17
lde3k4e6,pj0o1g4j,ldelvl63,9d8gge3k,None,76
lde3k4e6,pj0o1g4j,ldelvl63,xd17744d,None,39
lde3k4e6,pj0o1g4j,46wynndr,xk90mnyk,495k2o09,6
lde3k4e6,pj0o1g4j,3698773d,mkey0nn2,owon1ljd,1
lde3k4e6,pj0o1g4j,3698773d,mkey0nn2,rdqr23ow,1
lde3k4e6,pj0o1g4j,3698773d,mkey0nn2,r9g50jjd,2
lde3k4e6,pj0o1g4j,ldelvl63,9d8gge3k,None,26
lde3k4e6,pj0o1g4j,ldelvl63,xd17744d,None,20
lde3k4e6,pj0o1g4j,ldelvl63,wkpvmj0k,None,10
lde3k4e6,pj0o1g4j,ldelvl63,xd17744d,None,11
lde3k4e6,pj0o1g4j,ldelvl63,wkpvmj0k,None,5
lde3k4e6,pj0o1g4j,pd0q2231,n2ynpj7k,None,2
lde3k4e6,pj0o1g4j,46wynndr,xk90mnyk,5d7y1kgd,6
lde3k4e6,pj0o1g4j,m1zjp806,jdzw17rd,xd4k810w,2
lde3k4e6,pj0o1g4j,3698773d,mkey0nn2,xd1oxnq9,4
lde3k4e6,pj0o1g4j,m1mn4qjd,w20e4jjd,gdrvgk6w,2
lde3k4e6,pj0o1g4j,m1mn4qjd,w20e4jjd,nwlvnk09,3
lde3k4e6,pj0o1g4j,m1mn4qjd,w20e4jjd,ywe7nzyd,3
lde3k4e6,pj0o1g4j,m1mn4qjd,w20e4jjd,ywe7nzyd,3
lde3k4e6,pj0o1g4j,3698773d,mkey0nn2,owovyrv9,2
lde3k4e6,pj0o1g4j,pdv2pw46,vdoy93o2,z98qyj19,12
lde3k4e6,pj0o1g4j,lde7nn13,jdr9o4nd,ywe1ly7d,2
lde3k4e6,pj0o1g4j,lde7nn13,jdr9o4nd,r9g2xlpd,2
lde3k4e6,pj0o1g4j,lde7nn13,02q85r72,None,2
lde3k4e6,pj0o1g4j,9do8mm1p,rkllonkn,None,614
lde3k4e6,pj0o1g4j,lde7nn13,jdr9o4nd,n937o1zd,1
lde3k4e6,pj0o1g4j,lde7nn13,jdr9o4nd,gdre2nl9,2
lde3k4e6,pj0o1g4j,9do8mm1p,02qx7zky,29v043wv,15
lde3k4e6,pj0o1g4j,369j481l,n2y54yek,None,9
lde3k4e6,pj0o1g4j,9do8mm1p,02qx7zky,y9mgvl95,28
lde3k4e6,pj0o1g4j,j1n8qpl1,rklnovq2,None,92
lde3k4e6,pj0o1g4j,9do0nedp,w201epjk,None,10
lde3k4e6,pj0o1g4j,9d3vjg6l,vdo45x12,rdn5qr6d,10
lde3k4e6,pj0o1g4j,j1l754dg,5dw8z1gd,69zz5yg9,2
lde3k4e6,pj0o1g4j,j1l754dg,5dw8z1gd,ewpr31jd,5
lde3k4e6,pj0o1g4j,j1l754dg,5dw8z1gd,gdr2nml9,1
lde3k4e6,pj0o1g4j,j1l754dg,5dw8z1gd,nwl35qew,2
lde3k4e6,pj0o1g4j,j1l754dg,5dw8z1gd,xd1xmk59,6
lde3k4e6,pj0o1g4j,j1l754dg,mkermx9d,xd1xmk59,10
lde3k4e6,pj0o1g4j,j1l754dg,mkermx9d,xd1xmk59,5
lde3k4e6,pj0o1g4j,lde7nn13,jdr9o4nd,z986n3pd,4
lde3k4e6,pj0o1g4j,lde7nn13,jdr9o4nd,r9g2xlpd,7
lde3k4e6,pj0o1g4j,ldelvl63,824rrjgd,None,35
lde3k4e6,pj0o1g4j,ldelvl63,824rrjgd,None,75
lde3k4e6,pj0o1g4j,ldelvl63,xd17744d,None,62
lde3k4e6,pj0o1g4j,ldelvl63,xd17744d,None,18
lde3k4e6,pj0o1g4j,ldelvl63,xd17744d,None,8
lde3k4e6,pj0o1g4j,nd28k2ed,mkevzp92,None,20
lde3k4e6,pj0o1g4j,ldelvl63,824rrjgd,None,90
lde3k4e6,pj0o1g4j,ldelvl63,824rrjgd,None,52
lde3k4e6,pj0o1g4j,ldelvl63,9d8gge3k,None,40
lde3k4e6,pj0o1g4j,ldelvl63,xd17744d,None,42
lde3k4e6,pj0o1g4j,ldelvl63,xd17744d,None,25
lde3k4e6,pj0o1g4j,9do83me1,rkln8gw2,None,4
lde3k4e6,pj0o1g4j,9do83me1,rkln8gw2,None,9
lde3k4e6,pj0o1g4j,9do83me1,rkln8gw2,None,5
lde3k4e6,pj0o1g4j,9do83me1,rkln8gw2,None,4
lde3k4e6,pj0o1g4j,y65jv7de,jdz54ogd,None,1
lde3k4e6,pj0o1g4j,46w3k271,wdmrop3k,rdn8m37d,2
lde3k4e6,pj0o1g4j,369j481l,wdmvgmxd,kwjkrxz9,10
lde3k4e6,pj0o1g4j,369j481l,wdmvgmxd,gdr0vjkd,4
lde3k4e6,pj0o1g4j,9do83me1,wk63eyek,None,8
lde3k4e6,pj0o1g4j,9do83me1,wk63eyek,None,12
lde3k4e6,pj0o1g4j,46w3k271,wkp0gjv2,None,3
lde3k4e6,pj0o1g4j,9do83me1,wk63eyek,None,2
lde3k4e6,pj0o1g4j,j1l754dg,mkermx9d,ewpr31jd,4
lde3k4e6,pj0o1g4j,j1l754dg,mkermx9d,ewpr31jd,3
lde3k4e6,pj0o1g4j,k6q4vpzd,wdmvl0xd,None,2
lde3k4e6,pj0o1g4j,w6jn7x1j,ndxe54rk,None,27
lde3k4e6,pj0o1g4j,j1l754dg,mkermx9d,69zz5yg9,3
lde3k4e6,pj0o1g4j,j1l754dg,mkermx9d,69zz5yg9,2
lde3k4e6,pj0o1g4j,m1mnz9pd,jdrnwwxk,xd4zx3rw,1
lde3k4e6,pj0o1g4j,w6jl82ed,9d84x0qk,xd13pxz9,2
lde3k4e6,pj0o1g4j,m1mnz9pd,wdmrmx5k,None,1
lde3k4e6,pj0o1g4j,m1mnz9pd,jdrnwwxk,owony2kd,1
lde3k4e6,pj0o1g4j,m1mnz9pd,jdrnwwxk,xd1rx559,1
lde3k4e6,pj0o1g4j,m1mnz9pd,jdrnwwxk,ewpyrqjw,1
lde3k4e6,pj0o1g4j,m1mnz9pd,jdrnwwxk,y9m38pxw,1
lde3k4e6,pj0o1g4j,m1mnz9pd,jdrnwwxk,5wkoprp9,1
lde3k4e6,pj0o1g4j,m1mnz9pd,jdrnwwxk,592l5o3d,1
lde3k4e6,pj0o1g4j,m1mnz9pd,jdrnwwxk,29vx2klw,1
lde3k4e6,pj0o1g4j,m1mnz9pd,jdrnwwxk,xd0yx74w,1
lde3k4e6,pj0o1g4j,m1mnz9pd,jdrnwwxk,rw6x3ngw,1
lde3k4e6,pj0o1g4j,m1mnz9pd,jdrnwwxk,n93eogzw,1
lde3k4e6,pj0o1g4j,m1mnz9pd,jdrnwwxk,z98qn6p9,1
lde3k4e6,pj0o1g4j,m1mnz9pd,jdrnwwxk,rdn8n07d,1
lde3k4e6,pj0o1g4j,m1mnz9pd,jdrnwwxk,ldy62yr9,1
lde3k4e6,pj0o1g4j,m1mnz9pd,jdrnwwxk,gdrl2eld,1
lde3k4e6,pj0o1g4j,o6gnk3o1,7kjoj4n2,None,2
lde3k4e6,pj0o1g4j,4d7mnnd7,jdzlvgg2,n930xp79,2
lde3k4e6,pj0o1g4j,j1l754dg,q251xwdo,None,1
lde3k4e6,pj0o1g4j,m1mnz9pd,vdoyxlo2,ewpyrqjw,3
lde3k4e6,pj0o1g4j,46wynndr,xk90mnyk,r9gyl059,5
lde3k4e6,pj0o1g4j,9d3vjg6l,n2yqpqzk,None,8
lde3k4e6,pj0o1g4j,o1y9wo6q,n2y55mko,None,3393
lde3k4e6,pj0o1g4j,o1ymwk1q,7kjrxx42,None,1076
lde3k4e6,pj0o1g4j,y65jv7de,w20gp4zk,None,6
lde3k4e6,pj0o1g4j,v1pxlj76,q25xlzyk,69z7jyow,2
lde3k4e6,pj0o1g4j,v1pxlj76,q25xlzyk,owo8n1yd,1
lde3k4e6,pj0o1g4j,y65jv7de,wk6j6ood,495mgojw,2
lde3k4e6,pj0o1g4j,y65jv7de,wk6j6ood,495mgojw,3
lde3k4e6,pj0o1g4j,o6glgrnd,w20glvok,None,5
lde3k4e6,pj0o1g4j,o6glgrnd,w20glvok,None,4
lde3k4e6,pj0o1g4j,o6glgrnd,9kvqm93d,None,2
lde3k4e6,pj0o1g4j,46wynndr,xk90mnyk,69zp5olw,6
lde3k4e6,pj0o1g4j,9d3vjg6l,vdo45x12,29vyzlq9,2
lde3k4e6,pj0o1g4j,ldelvl63,9d8gge3k,None,22
lde3k4e6,pj0o1g4j,9d3vjg6l,mkel116d,None,4
lde3k4e6,pj0o1g4j,m1mnz9pd,vdoyxlo2,owony2kd,3
lde3k4e6,pj0o1g4j,9do83me1,wk63eyek,None,3
lde3k4e6,pj0o1g4j,o6gnk3o1,02qrm99k,None,5
lde3k4e6,pj0o1g4j,m1mnz9pd,vdoyxlo2,xd1rx559,3
lde3k4e6,pj0o1g4j,m1mnz9pd,vdoyxlo2,y9m38pxw,4
lde3k4e6,pj0o1g4j,m1mnz9pd,vdoyxlo2,592l5o3d,4
lde3k4e6,pj0o1g4j,m1mnz9pd,vdoyxlo2,xd4zx3rw,3
lde3k4e6,pj0o1g4j,m1mnz9pd,vdoyxlo2,xd0yx74w,4
lde3k4e6,pj0o1g4j,m1mnz9pd,vdoyxlo2,rw6x3ngw,4
lde3k4e6,pj0o1g4j,m1mnz9pd,vdoyxlo2,5wkoprp9,4
lde3k4e6,pj0o1g4j,m1mnz9pd,vdoyxlo2,29vx2klw,4
lde3k4e6,pj0o1g4j,m1mnz9pd,vdoyxlo2,n93eogzw,4
lde3k4e6,pj0o1g4j,m1mnz9pd,vdoyxlo2,z98qn8p9,3
lde3k4e6,pj0o1g4j,m1mnz9pd,zd3qojrk,None,3
lde3k4e6,pj0o1g4j,m1mnz9pd,vdoyxlo2,rdn8np7d,4
lde3k4e6,pj0o1g4j,m1mnz9pd,vdoyxlo2,ldy62pr9,4
lde3k4e6,pj0o1g4j,m1mnz9pd,vdoyxlo2,ywegl87d,3
lde3k4e6,pj0o1g4j,m1mnz9pd,vdoyxlo2,69zjz4gw,4
lde3k4e6,pj0o1g4j,m1mnz9pd,vdoyxlo2,r9g5x3pd,2
lde3k4e6,pj0o1g4j,m1mnz9pd,vdoyxlo2,o9xq4lpw,3
lde3k4e6,pj0o1g4j,m1mnz9pd,vdoyxlo2,495g483w,3
lde3k4e6,pj0o1g4j,m1mnz9pd,vdoyxlo2,rdqrl12w,2
lde3k4e6,pj0o1g4j,m1mnz9pd,vdoyxlo2,5d758v6w,4
lde3k4e6,pj0o1g4j,m1mnz9pd,vdoyxlo2,nwl137e9,4
lde3k4e6,pj0o1g4j,m1mnz9pd,vdoyxlo2,gdrl2qld,3
lde3k4e6,pj0o1g4j,m1mnz9pd,vdoyxlo2,owony0kd,4
lde3k4e6,pj0o1g4j,m1mnz9pd,vdoyxlo2,xd1rx759,3
lde3k4e6,pj0o1g4j,m1mnz9pd,vdoyxlo2,ewpyrjjw,2
lde3k4e6,pj0o1g4j,m1mnz9pd,vdoyxlo2,y9m38jxw,3
lde3k4e6,pj0o1g4j,m1mnz9pd,vdoyxlo2,5wkopjp9,2
lde3k4e6,pj0o1g4j,m1mnz9pd,vdoyxlo2,xd4zxjrw,4
lde3k4e6,pj0o1g4j,m1mnz9pd,vdoyxlo2,592l5z3d,3
lde3k4e6,pj0o1g4j,m1mnz9pd,vdoyxlo2,xd0yxg4w,4
lde3k4e6,pj0o1g4j,m1mnz9pd,vdoyxlo2,29vx23lw,3
lde3k4e6,pj0o1g4j,m1mnz9pd,vdoyxlo2,kwjjp57w,2
lde3k4e6,pj0o1g4j,m1mnz9pd,vdoyxlo2,rw6x34gw,3
lde3k4e6,pj0o1g4j,m1mnz9pd,vdoyxlo2,n93eo7zw,4
lde3k4e6,pj0o1g4j,m1mnz9pd,vdoyxlo2,z98qn6p9,4
lde3k4e6,pj0o1g4j,m1mnz9pd,vdoyxlo2,rdn8n07d,4
lde3k4e6,pj0o1g4j,m1mnz9pd,vdoyxlo2,ldy62yr9,4
lde3k4e6,pj0o1g4j,m1mnz9pd,vdoyxlo2,gdrl2eld,3
lde3k4e6,pj0o1g4j,46w22xq6,wk60qgxk,None,3
lde3k4e6,pj0o1g4j,46w22xq6,n2yel68k,None,3
lde3k4e6,pj0o1g4j,ldelvl63,9d8gge3k,None,26
lde3k4e6,pj0o1g4j,ldelvl63,824rrjgd,None,78
lde3k4e6,pj0o1g4j,ldelvl63,xd17744d,None,29
lde3k4e6,pj0o1g4j,ldelvl63,xd17744d,None,6
lde3k4e6,pj0o1g4j,m1zjp806,ndx4z7o2,None,1
lde3k4e6,pj0o1g4j,m1zjp806,02q4pyyd,None,1
lde3k4e6,pj0o1g4j,m1zjp806,9d8yxr7k,None,1
lde3k4e6,pj0o1g4j,m1zjp806,q25mr3jd,xd04o10w,5
lde3k4e6,pj0o1g4j,m1zjp806,q25mr3jd,z98ml37w,3
lde3k4e6,pj0o1g4j,m1zjp806,q25mr3jd,rdnqg7nd,2
lde3k4e6,pj0o1g4j,m1zjp806,q25mr3jd,gdr6508d,2
lde3k4e6,pj0o1g4j,m1zjp806,q25mr3jd,nwl4rmp9,2
lde3k4e6,pj0o1g4j,m1zjp806,q25mr3jd,5d7pvk5d,2
lde3k4e6,pj0o1g4j,m1zjp806,jdzw17rd,yweqpyqw,1
lde3k4e6,pj0o1g4j,ldelvl63,xd17744d,None,42
lde3k4e6,pj0o1g4j,m1zjp806,q25mr3jd,5d7pvk5d,1
lde3k4e6,pj0o1g4j,m1zjp806,q25mr3jd,nwl2e5pd,2
lde3k4e6,pj0o1g4j,pd0wg21e,wkpv0z8k,yweveqdl,21
lde3k4e6,pj0o1g4j,m1zjp806,q25mr3jd,rw6my1n9,2
lde3k4e6,pj0o1g4j,m1zjp806,q25mr3jd,ldy30xj9,2
lde3k4e6,pj0o1g4j,m1zjp806,q25mr3jd,rdnqg7nd,1
lde3k4e6,pj0o1g4j,m1zjp806,q25mr3jd,nwl4rmp9,1
lde3k4e6,pj0o1g4j,pd0wg21e,q25lg8ko,xd1zqqwo,20
lde3k4e6,pj0o1g4j,m1zjp806,jdzw17rd,rw6my1n9,3
lde3k4e6,pj0o1g4j,m1zjp806,jdzw17rd,xd4k810w,3
lde3k4e6,pj0o1g4j,m1zjp806,jdzw17rd,rdnqg7nd,2
lde3k4e6,pj0o1g4j,m1zjp806,02qvyp7d,29vzp61d,1
lde3k4e6,pj0o1g4j,m1zjp806,02qvyp7d,5924pmgw,1
lde3k4e6,pj0o1g4j,w6jl82ed,7kj65832,xd13pxz9,2
lde3k4e6,pj0o1g4j,nd2e9erd,ndx5pwjk,None,22
lde3k4e6,pj0o1g4j,nd2e9erd,ndx5pwjk,None,16
lde3k4e6,pj0o1g4j,y658g86e,n2y1y482,xd4688q9,19
lde3k4e6,pj0o1g4j,9d3vjg6l,vdo45x12,nwl62yow,8
lde3k4e6,pj0o1g4j,9d3vjg6l,vdo45x12,rdn5ql5d,5
lde3k4e6,pj0o1g4j,9d3vjg6l,vdo45x12,o9x2xz3w,7
lde3k4e6,pj0o1g4j,9d3vjg6l,jdz9wgr2,ldye3j7w,5
lde3k4e6,pj0o1g4j,j1l754dg,mkermx9d,gdr2nml9,6
lde3k4e6,pj0o1g4j,j1l754dg,mkermx9d,gdr2nml9,3
lde3k4e6,pj0o1g4j,9d3vjg6l,vdo45x12,gdrjy8ew,4
lde3k4e6,pj0o1g4j,4d798xz1,mke98ojd,None,4
lde3k4e6,pj0o1g4j,lde7nn13,02q85r72,None,21
lde3k4e6,pj0o1g4j,lde3k4e6,xd1gyj8d,None,3
lde3k4e6,pj0o1g4j,lde3k4e6,7kjong42,None,4
lde3k4e6,pj0o1g4j,lde3k4e6,7kjong42,None,3
lde3k4e6,pj0o1g4j,y65jv7de,q25j47gd,None,6
lde3k4e6,pj0o1g4j,y65jv7de,wk6j6ood,z98jp1gw,4
lde3k4e6,pj0o1g4j,y65jv7de,wk6j6ood,z98jp1gw,4
lde3k4e6,pj0o1g4j,y65jv7de,wk6j6ood,ldyeqmkw,10
lde3k4e6,pj0o1g4j,y65jv7de,wk6j6ood,ldyeqmkw,8
lde3k4e6,pj0o1g4j,y65jv7de,wk6j6ood,ywe406yd,2
lde3k4e6,pj0o1g4j,y65jv7de,wk6j6ood,ywe406yd,3
lde3k4e6,pj0o1g4j,y65jv7de,wk6j6ood,r9gz6v5d,6
lde3k4e6,pj0o1g4j,y65jv7de,wk6j6ood,r9gz6v5d,4
lde3k4e6,pj0o1g4j,y65jv7de,wk6j6ood,5d77pogd,8
lde3k4e6,pj0o1g4j,y65jv7de,wk6j6ood,5d77pogd,4
lde3k4e6,pj0o1g4j,46wynndr,xk90mnyk,rw6q7krd,6
lde3k4e6,pj0o1g4j,4d7mnnd7,mke5py9k,nwl6mvpw,5
lde3k4e6,pj0o1g4j,4d7mnnd7,zdnl9vq2,nwl6mvpw,3
lde3k4e6,pj0o1g4j,4d7mnnd7,mke5py9k,ywe4v7qd,6
lde3k4e6,pj0o1g4j,4d7mnnd7,zdnl9vq2,ywe4v7qd,5
lde3k4e6,pj0o1g4j,4d7mnnd7,mke5py9k,69zrlv6d,4
lde3k4e6,pj0o1g4j,4d7mnnd7,zdnl9vq2,69zrlv6d,3
lde3k4e6,pj0o1g4j,4d7mnnd7,mke5py9k,o9x2yv6w,5
lde3k4e6,pj0o1g4j,4d7mnnd7,zdnl9vq2,o9x2yv6w,3
lde3k4e6,pj0o1g4j,j1l754dg,mkermx9d,y9m867xd,6
lde3k4e6,pj0o1g4j,j1l754dg,mkermx9d,y9m867xd,5
lde3k4e6,pj0o1g4j,j1l754dg,mkermx9d,5wkpx5pd,5
lde3k4e6,pj0o1g4j,j1l754dg,mkermx9d,5wkpx5pd,4
lde3k4e6,pj0o1g4j,j1l754dg,mkermx9d,xd4x14r9,3
lde3k4e6,pj0o1g4j,j1l754dg,mkermx9d,rw6318gw,5
lde3k4e6,pj0o1g4j,j1l754dg,mkermx9d,rw6318gw,4
lde3k4e6,pj0o1g4j,j1l754dg,mkermx9d,n93o1vz9,5
lde3k4e6,pj0o1g4j,j1l754dg,mkermx9d,n93o1vz9,2
lde3k4e6,pj0o1g4j,j1l754dg,mkermx9d,rdnn767d,8
lde3k4e6,pj0o1g4j,j1l754dg,mkermx9d,rdnn767d,6
lde3k4e6,pj0o1g4j,j1l754dg,mkermx9d,nwl35qew,4
lde3k4e6,pj0o1g4j,j1l754dg,mkermx9d,nwl35qew,2
lde3k4e6,pj0o1g4j,j1l754dg,mkermx9d,ywelyr79,6
lde3k4e6,pj0o1g4j,j1l754dg,mkermx9d,ywelyr79,2
lde3k4e6,pj0o1g4j,j1l754dg,wkp111gk,None,8
lde3k4e6,pj0o1g4j,pdv2g4v6,jdrro30d,z983m2rd,3
lde3k4e6,pj0o1g4j,pdv2g4v6,jdrro30d,rdn7qk59,4
lde3k4e6,pj0o1g4j,pdv2g4v6,jdrro30d,ldyx34p9,2
lde3k4e6,pj0o1g4j,k6q4vpzd,7dgxowpk,nwl0mppw,2
lde3k4e6,pj0o1g4j,9d3rkr9d,q25g1eyd,nwl3g0rw,4
lde3k4e6,pj0o1g4j,9d3rkr9d,7dgny072,None,2
lde3k4e6,pj0o1g4j,9d3rkr9d,5dw4n6ek,None,1
lde3k4e6,pj0o1g4j,9d3rkr9d,xk9rxe4k,None,1
lde3k4e6,pj0o1g4j,9d3rkr9d,z27rv40d,None,1
lde3k4e6,pj0o1g4j,9d3rkr9d,zdn0yle2,None,1
lde3k4e6,pj0o1g4j,46wynndr,q25ggx8d,5d7y1kgd,4
lde3k4e6,pj0o1g4j,3dxm9p6y,wk6px6od,None,12
lde3k4e6,pj0o1g4j,o6gnk3o1,wk63jopk,None,3
lde3k4e6,pj0o1g4j,76rxjeq6,jdzln932,49522z09,2
lde3k4e6,pj0o1g4j,76rxjeq6,mkerr46d,None,2
lde3k4e6,pj0o1g4j,v1pxlj76,mkex8mnd,None,4
lde3k4e6,pj0o1g4j,j1l754dg,mkermx9d,29v264ld,4
lde3k4e6,pj0o1g4j,j1l754dg,mkermx9d,29v264ld,4
lde3k4e6,pj0o1g4j,j1l754dg,mkermx9d,xd4x14r9,3
lde3k4e6,pj0o1g4j,m1zjp806,q25mr3jd,495mn22w,2
lde3k4e6,pj0o1g4j,4d7mnnd7,mke5py9k,5d7xx2g9,5
lde3k4e6,pj0o1g4j,y65jv7de,wk6j6ood,owok8zod,3
lde3k4e6,pj0o1g4j,y65jv7de,wk6j6ood,owok8zod,4
lde3k4e6,pj0o1g4j,j1l754dg,5dw8z1gd,xd4x14r9,4
lde3k4e6,pj0o1g4j,9d3vjg6l,vdo45x12,rw6vmr69,8
lde3k4e6,pj0o1g4j,w6jl82ed,z27m09z2,None,2
lde3k4e6,pj0o1g4j,9d3vjg6l,jdz9wgr2,rw6vmr69,8
lde3k4e6,pj0o1g4j,46w382n1,jdz6q132,None,4
lde3k4e6,pj0o1g4j,46w382n1,w203ewz2,None,16
lde3k4e6,pj0o1g4j,46w382n1,w203ewz2,None,30
lde3k4e6,pj0o1g4j,46w382n1,mkel4q8d,None,8
lde3k4e6,pj0o1g4j,4d7mnnd7,9kvxg802,None,7
lde3k4e6,pj0o1g4j,76rxjeq6,jdzln932,69z556l9,2
lde3k4e6,pj0o1g4j,76rxjeq6,jdzln932,r9glln5w,2
lde3k4e6,pj0o1g4j,76rxjeq6,jdzln932,o9xggo0d,2
lde3k4e6,pj0o1g4j,76rxjeq6,jdzln932,nwl55z0d,2
lde3k4e6,pj0o1g4j,76rxjeq6,jdzln932,yweyy3yd,2
lde3k4e6,pj0o1g4j,76rxjeq6,mkerr46d,None,4
lde3k4e6,pj0o1g4j,w6jl82ed,z27m09z2,None,2
lde3k4e6,pj0o1g4j,9d33xedl,w20p6rvk,xd408rp9,8
lde3k4e6,pj0o1g4j,9d33xedl,02qw7z2y,None,7
lde3k4e6,pj0o1g4j,m1zjp806,zd3xn8ed,None,1
lde3k4e6,pj0o1g4j,m1zjp806,q25mr3jd,ldy30xj9,4
lde3k4e6,pj0o1g4j,o1y9glv6,zdnlv072,ywex2ky9,37
lde3k4e6,pj0o1g4j,9d33xedl,jdr9o50d,None,6
lde3k4e6,pj0o1g4j,9d33xedl,9kvpv4jk,xd1j186d,17
lde3k4e6,pj0o1g4j,9d33xedl,9kvpv4jk,ewp750zw,7
lde3k4e6,pj0o1g4j,9d33xedl,9kvpv4jk,y9m5z11d,8
lde3k4e6,pj0o1g4j,9d33xedl,9kvpv4jk,5wkkl1qw,4
lde3k4e6,pj0o1g4j,9d33xedl,9kvpv4jk,5920pnrd,4
lde3k4e6,pj0o1g4j,9d33xedl,9kvpv4jk,xd0ko319,7
lde3k4e6,pj0o1g4j,9d33xedl,02qw7z2y,None,42
lde3k4e6,pj0o1g4j,9d33xedl,9kvpv4jk,xd408rp9,10
lde3k4e6,pj0o1g4j,9d33xedl,9kvpv4jk,z987yrgw,11
lde3k4e6,pj0o1g4j,lde7nn13,jdr9o4nd,z986n3gd,2
lde3k4e6,pj0o1g4j,9d3vjg6l,vdo45x12,y9me2rzd,3
lde3k4e6,pj0o1g4j,4d7mnnd7,mke5py9k,n930xp79,6
lde3k4e6,pj0o1g4j,j1lq4ze6,jdzlejr2,None,6
lde3k4e6,pj0o1g4j,y65jv7de,wk6j6ood,o9xxq519,2
lde3k4e6,pj0o1g4j,y658g86e,n2y1y482,rw6vyyp9,9
lde3k4e6,pj0o1g4j,y65jv7de,wk6j6ood,o9xxq519,2
lde3k4e6,pj0o1g4j,y65jv7de,wk6j6ood,n930k6n9,12
lde3k4e6,pj0o1g4j,y65jv7de,wk6j6ood,n930k6n9,7
lde3k4e6,pj0o1g4j,pd0q2231,zdnzj87d,r9gm3q29,3
lde3k4e6,pj0o1g4j,pd0q2231,zdnzj87d,o9xylr7d,2
lde3k4e6,pj0o1g4j,pd0q2231,zdnzj87d,495q8x49,2
lde3k4e6,pj0o1g4j,pd0q2231,zdnzj87d,ldyrpk79,1
lde3k4e6,pj0o1g4j,pd0q2231,zdnzj87d,gdr0q6kd,2
lde3k4e6,pj0o1g4j,pd0q2231,zdnzj87d,nwlm74g9,1
lde3k4e6,pj0o1g4j,pd0q2231,zdnzj87d,ywev8x4d,1
lde3k4e6,pj0o1g4j,pd0q2231,zdnzj87d,69zl4e4d,3
lde3k4e6,pj0o1g4j,pd0q2231,q25jnmwd,None,3
lde3k4e6,pj0o1g4j,m1zjp806,02qvyp7d,nwl2e5pd,1
lde3k4e6,pj0o1g4j,m1zjp806,ndx4z7o2,None,1
lde3k4e6,pj0o1g4j,m1zjp806,02q4pyyd,None,1
lde3k4e6,pj0o1g4j,m1zjp806,9d8yxr7k,None,1
lde3k4e6,pj0o1g4j,m1zjp806,wk68zvo2,None,2
lde3k4e6,pj0o1g4j,m1zjp806,zd3xn8ed,None,1
lde3k4e6,pj0o1g4j,m1zjp806,9kv957e2,None,1
lde3k4e6,pj0o1g4j,m1zjp806,rklr4v6k,None,1
lde3k4e6,pj0o1g4j,m1zjp806,jdzw17rd,5924pmgw,2
lde3k4e6,pj0o1g4j,m1zjp806,jdzw17rd,29vzp61d,1
lde3k4e6,pj0o1g4j,m1zjp806,jdzw17rd,xd4k810w,2
lde3k4e6,pj0o1g4j,m1zjp806,jdzw17rd,xd04o10w,2
lde3k4e6,pj0o1g4j,m1zjp806,jdzw17rd,rw6my1n9,2
lde3k4e6,pj0o1g4j,m1zjp806,jdzw17rd,n93m317d,1
lde3k4e6,pj0o1g4j,m1zjp806,jdzw17rd,z98ml37w,1
lde3k4e6,pj0o1g4j,m1zjp806,jdzw17rd,rdnqg7nd,1
lde3k4e6,pj0o1g4j,m1zjp806,jdzw17rd,ldy30xj9,1
lde3k4e6,pj0o1g4j,m1zjp806,jdzw17rd,gdry7n8w,1
lde3k4e6,pj0o1g4j,m1zjp806,jdzw17rd,nwl2e5pd,2
lde3k4e6,pj0o1g4j,m1zjp806,jdzw17rd,yweqpyqw,1
lde3k4e6,pj0o1g4j,m1zjp806,jdzw17rd,69z80569,1
lde3k4e6,pj0o1g4j,m1zjp806,jdzw17rd,r9g78lq9,1
lde3k4e6,pj0o1g4j,m1zjp806,jdzw17rd,gdr6508d,1
lde3k4e6,pj0o1g4j,m1zjp806,jdzw17rd,nwl4rmp9,2
lde3k4e6,pj0o1g4j,m1zjp806,jdzw17rd,5d7pvk5d,1
lde3k4e6,pj0o1g4j,m1zjp806,zdnz3ned,None,1
lde3k4e6,pj0o1g4j,m1zjp806,q25mr3jd,5924pmgw,4
lde3k4e6,pj0o1g4j,k6q4vpzd,7dgxowpk,592m6ngw,1
lde3k4e6,pj0o1g4j,m1znxz10,rklq4ow2,None,7
lde3k4e6,pj0o1g4j,m1zjp806,q25mr3jd,xd4k810w,5
lde3k4e6,pj0o1g4j,v1po7r76,mkeqn79k,kwj8yv79,9
lde3k4e6,pj0o1g4j,pd0w2v1e,zdnxze2q,None,51
lde3k4e6,pj0o1g4j,m1zjp806,02qvyp7d,gdry7n8w,2
lde3k4e6,pj0o1g4j,j1lq4ze6,jdzlejr2,None,39
lde3k4e6,pj0o1g4j,pd0w2v1e,xk98w420,None,155
lde3k4e6,pj0o1g4j,lde7nn13,jdr9o4nd,rw6431r9,9
lde3k4e6,pj0o1g4j,lde7nn13,jdr9o4nd,r9g2xlpd,5
lde3k4e6,pj0o1g4j,k6q4vpzd,7dgxowpk,495pql2w,1
lde3k4e6,pj0o1g4j,k6q4vpzd,7dgxowpk,rdqym5m9,1
lde3k4e6,pj0o1g4j,k6q4vpzd,7dgxowpk,5d7pjz5d,1
lde3k4e6,pj0o1g4j,k6q4vpzd,7dgxowpk,kwj0k1rd,1
lde3k4e6,pj0o1g4j,k6q4vpzd,7dgxowpk,owo8mqvd,1
lde3k4e6,pj0o1g4j,y654rxed,vdool71d,ewpxzgzd,2
lde3k4e6,pj0o1g4j,y654rxed,vdool71d,xd123g6w,3
lde3k4e6,pj0o1g4j,y654rxed,vdool71d,owo6ezyw,1
lde3k4e6,pj0o1g4j,y654rxed,vdool71d,kwjz8nz9,1
lde3k4e6,pj0o1g4j,y654rxed,vdool71d,rdq73x19,1
lde3k4e6,pj0o1g4j,y654rxed,vdool71d,5d74eovd,3
lde3k4e6,pj0o1g4j,y654rxed,ndxm6q12,None,16
lde3k4e6,pj0o1g4j,4d7mnnd7,mke5py9k,rdq0qzkw,4
lde3k4e6,pj0o1g4j,4d7mnnd7,zdnl9vq2,rdq0qzkw,2
lde3k4e6,pj0o1g4j,j1l754dg,mkermx9d,rdql8p2w,7
lde3k4e6,pj0o1g4j,j1l754dg,mkermx9d,rdql8p2w,2
lde3k4e6,pj0o1g4j,pd0wg21e,wkpv0z8k,yweveqdl,17
lde3k4e6,pj0o1g4j,46wynndr,xk90mnyk,xd1jmeed,4
lde3k4e6,pj0o1g4j,46wynndr,xk90mnyk,rw6q7krd,4
lde3k4e6,pj0o1g4j,w6jl82ed,xk9po96d,None,3
lde3k4e6,pj0o1g4j,46wynndr,xk90mnyk,xd0kevx9,4
lde3k4e6,pj0o1g4j,46wynndr,xk90mnyk,69zp5olw,4
lde3k4e6,pj0o1g4j,m1zjp806,02qvyp7d,gdry7n8w,1
lde3k4e6,pj0o1g4j,m1zjp806,824051ed,495mn22w,1
lde3k4e6,pj0o1g4j,m1zjp806,02qvyp7d,ldyxgzp9,1
lde3k4e6,pj0o1g4j,m1zjp806,jdzw17rd,rdnqg7nd,3
lde3k4e6,pj0o1g4j,m1zjp806,q25mr3jd,yweqpyqw,3
lde3k4e6,pj0o1g4j,9d3vjg6l,vdo45x12,z98jmzrw,7
lde3k4e6,pj0o1g4j,m1zjp806,jdzw17rd,xd04o10w,6
lde3k4e6,pj0o1g4j,m1zjp806,jdzw17rd,5924pmgw,10
lde3k4e6,pj0o1g4j,lde7nn13,jdr9o4nd,rw6431r9,11
lde3k4e6,pj0o1g4j,lde7nn13,jdr9o4nd,z986n3gd,4
lde3k4e6,pj0o1g4j,lde7nn13,jdr9o4nd,rdn0n7qw,4
lde3k4e6,pj0o1g4j,lde7nn13,jdr9o4nd,ldyy2xkd,5
lde3k4e6,pj0o1g4j,lde7nn13,jdr9o4nd,n937o1zd,6
lde3k4e6,pj0o1g4j,lde7nn13,jdr9o4nd,z986n3pd,3
lde3k4e6,pj0o1g4j,lde7nn13,jdr9o4nd,rdn0n77w,5
lde3k4e6,pj0o1g4j,lde7nn13,jdr9o4nd,ldyy2xrd,3
lde3k4e6,pj0o1g4j,lde7nn13,jdr9o4nd,gdre2nl9,6
lde3k4e6,pj0o1g4j,lde7nn13,jdr9o4nd,nwll35ew,8
lde3k4e6,pj0o1g4j,lde7nn13,jdr9o4nd,ywe1ly7d,6
lde3k4e6,pj0o1g4j,lde7nn13,jdr9o4nd,69z3z5gd,4
lde3k4e6,pj0o1g4j,lde7nn13,jdr9o4nd,r9g2xlpd,6
lde3k4e6,pj0o1g4j,lde7nn13,02q85r72,None,13
lde3k4e6,pj0o1g4j,9d3vjg6l,824g0ve2,None,3
lde3k4e6,pj0o1g4j,o6gnk3o1,xd118x7d,rdn3817w,2
lde3k4e6,pj0o1g4j,9doxy3dp,02q8w372,gdrqzel9,12
lde3k4e6,pj0o1g4j,y658506e,mke5px9k,None,499
lde3k4e6,pj0o1g4j,m1zjp806,jdzw17rd,5d7pvk5d,1
lde3k4e6,pj0o1g4j,9d3rkr9d,zdn0yle2,None,1
lde3k4e6,pj0o1g4j,m1zjp806,q25mr3jd,z98ml37w,1
lde3k4e6,pj0o1g4j,m1zjp806,jdzw17rd,gdry7n8w,1
lde3k4e6,pj0o1g4j,m1zjp806,jdzw17rd,gdr6508d,2
lde3k4e6,pj0o1g4j,m1zjp806,jdzw17rd,29vzp61d,4
lde3k4e6,pj0o1g4j,9d3rkr9d,z27rv40d,None,1
lde3k4e6,pj0o1g4j,y658g86e,n2y1y482,xd00oomd,11
lde3k4e6,pj0o1g4j,9d3vjg6l,vdo45x12,69zr8qxd,6
lde3k4e6,pj0o1g4j,9d3rkr9d,xk9rxe4k,None,1
lde3k4e6,pj0o1g4j,m1zjp806,jdzw17rd,5924pmgw,6
lde3k4e6,pj0o1g4j,o1y3l46q,w20p63ok,rdno8lvw,45
lde3k4e6,pj0o1g4j,9d3rkr9d,5dw4n6ek,None,1
lde3k4e6,pj0o1g4j,k6q4vpzd,7dgxowpk,o9x6y369,1
lde3k4e6,pj0o1g4j,k6q4vpzd,7dgxowpk,r9g6m1qw,1
lde3k4e6,pj0o1g4j,k6q4vpzd,7dgxowpk,69z7ln6w,1
lde3k4e6,pj0o1g4j,k6q4vpzd,7dgxowpk,ywe0vmq9,1
lde3k4e6,pj0o1g4j,4d7mnnd7,jdzlvgg2,5d7xx2g9,3
lde3k4e6,pj0o1g4j,lde7nn13,jdr9o4nd,rw6431r9,8
lde3k4e6,pj0o1g4j,k6q4vpzd,7dgxowpk,592m6ngw,2
lde3k4e6,pj0o1g4j,pdve246w,z2770g02,None,34
lde3k4e6,pj0o1g4j,m1zjp806,q25mr3jd,n93m317d,1
lde3k4e6,pj0o1g4j,m1zjp806,q25mr3jd,n93m317d,1
lde3k4e6,pj0o1g4j,k6q4vpzd,7dgxowpk,ywe0vmq9,2
lde3k4e6,pj0o1g4j,46wynndr,q25ggx8d,r9gyl059,6
lde3k4e6,pj0o1g4j,46wynndr,q25ggx8d,o9x1g50d,5
lde3k4e6,pj0o1g4j,46wynndr,q25ggx8d,495k2o09,4
lde3k4e6,pj0o1g4j,46wynndr,q25ggx8d,kwj7glnw,4
lde3k4e6,pj0o1g4j,46wynndr,q25ggx8d,owo7j1o9,8
lde3k4e6,pj0o1g4j,46wynndr,q25ggx8d,xd1jmeed,4
lde3k4e6,pj0o1g4j,46wynndr,q25ggx8d,ewp72kkw,5
lde3k4e6,pj0o1g4j,46wynndr,q25ggx8d,y9m5mk5d,4
lde3k4e6,pj0o1g4j,46wynndr,q25ggx8d,5wkkmg2w,6
lde3k4e6,pj0o1g4j,46wynndr,q25ggx8d,59206vod,4
lde3k4e6,pj0o1g4j,46wynndr,q25ggx8d,29vm8139,4
lde3k4e6,pj0o1g4j,46wynndr,q25ggx8d,xd0kevx9,4
lde3k4e6,pj0o1g4j,46wynndr,q25ggx8d,xd405v29,4
lde3k4e6,pj0o1g4j,46wynndr,q25ggx8d,rw6q7krd,3
lde3k4e6,pj0o1g4j,46wynndr,n2yqy58k,None,10
lde3k4e6,pj0o1g4j,46wynndr,q25ggx8d,69zp5olw,6
lde3k4e6,pj0o1g4j,w6jl82ed,xk9po96d,None,3
lde3k4e6,pj0o1g4j,k6q4vpzd,7dgxowpk,nwl0mppw,3
lde3k4e6,pj0o1g4j,4d7mnnd7,zdnl9vq2,5d7xx2g9,2
lde3k4e6,pj0o1g4j,nd2e9erd,mke4r1j2,None,64
lde3k4e6,pj0o1g4j,pd0py36e,mkeoxrjd,rdnzyz7d,315
lde3k4e6,pj0o1g4j,pd0py36e,mkeoxrjd,ldygogrd,164
lde3k4e6,pj0o1g4j,pd0py36e,mkeoxrjd,gdrxzxld,175
lde3k4e6,pj0o1g4j,pd0py36e,wdm8w452,None,30
lde3k4e6,pj0o1g4j,pd0py36e,ndx1mp52,69z212g9,22
lde3k4e6,pj0o1g4j,9do8mm1p,02qx7zky,29v043wv,26
lde3k4e6,pj0o1g4j,4d7mnnd7,jdzlvgg2,5d7xx2g9,4
lde3k4e6,pj0o1g4j,lde3k4e6,z27ojz0d,None,2
lde3k4e6,pj0o1g4j,o6gnk3o1,xd118x7d,n93kejzw,2
lde3k4e6,pj0o1g4j,o6gnk3o1,xd118x7d,rw62x6gd,2
lde3k4e6,pj0o1g4j,o6gnk3o1,xd118x7d,xd0py54w,4
lde3k4e6,pj0o1g4j,o6gnk3o1,xd118x7d,xd4pzord,3
lde3k4e6,pj0o1g4j,o6gnk3o1,xd118x7d,29vgxrl9,3
lde3k4e6,pj0o1g4j,4d7mnnd7,mke5py9k,gdrj0v8w,5
lde3k4e6,pj0o1g4j,4d7mnnd7,zdnl9vq2,gdrj0v8w,2
lde3k4e6,pj0o1g4j,4d7mnnd7,mke5py9k,r9gzmoqd,4
lde3k4e6,pj0o1g4j,lde7nn13,jdr9o4nd,n937o1zd,5
lde3k4e6,pj0o1g4j,4d7mnnd7,mke5py9k,z98jo07w,5
lde3k4e6,pj0o1g4j,4d7mnnd7,zdnl9vq2,z98jo07w,3
lde3k4e6,pj0o1g4j,4d7mnnd7,mke5py9k,rdn5mvnd,4
lde3k4e6,pj0o1g4j,4d7mnnd7,zdnl9vq2,rdn5mvnd,2
lde3k4e6,pj0o1g4j,4d7mnnd7,mke5py9k,ldyervjw,4
lde3k4e6,pj0o1g4j,4d7mnnd7,zdnl9vq2,ldyervjw,2
lde3k4e6,pj0o1g4j,4d7mnnd7,zdnl9vq2,r9gzmoqd,3
lde3k4e6,pj0o1g4j,o6gnk3o1,xd118x7d,z98pqkpw,3
lde3k4e6,pj0o1g4j,o6gnk3o1,xd118x7d,ldyq6zrw,2
lde3k4e6,pj0o1g4j,o6gnk3o1,xd118x7d,n93kejew,2
lde3k4e6,pj0o1g4j,o6gnk3o1,xd118x7d,z98pqklw,3
lde3k4e6,pj0o1g4j,o6gnk3o1,xd118x7d,rdn381vw,3
lde3k4e6,pj0o1g4j,o6gnk3o1,xd118x7d,ldyq6zzw,2
lde3k4e6,pj0o1g4j,o6gnk3o1,xd118x7d,gdrrl3zd,3
lde3k4e6,pj0o1g4j,o6gnk3o1,xd118x7d,nwl01jrw,2
lde3k4e6,pj0o1g4j,4d7mnnd7,zdnl9vq2,n930xp79,5
lde3k4e6,pj0o1g4j,4d7mnnd7,wk6or4qk,None,6
lde3k4e6,pj0o1g4j,o6gnk3o1,xd118x7d,69z7jvgw,2
lde3k4e6,pj0o1g4j,o6gnk3o1,xd118x7d,ywe0g779,2
lde3k4e6,pj0o1g4j,o6gnk3o1,xd118x7d,rdqyrv29,2
lde3k4e6,pj0o1g4j,o6gnk3o1,xd118x7d,o9x6qvp9,3
lde3k4e6,pj0o1g4j,o6gnk3o1,xd118x7d,r9g65opw,3
lde3k4e6,pj0o1g4j,o6gnk3o1,xd118x7d,495pg03w,3
lde3k4e6,pj0o1g4j,o6gnk3o1,xd118x7d,ldyq6vrw,2
lde3k4e6,pj0o1g4j,o6gnk3o1,xd118x7d,nwl01vew,3
lde3k4e6,pj0o1g4j,o6gnk3o1,xd118x7d,gdrrlvld,3
lde3k4e6,pj0o1g4j,o6gnk3o1,xd118x7d,rdn38v7w,2
lde3k4e6,pj0o1g4j,o6gnk3o1,xd118x7d,owo8npkd,4
lde3k4e6,pj0o1g4j,o6gnk3o1,xd118x7d,5d7p5m6d,3
lde3k4e6,pj0o1g4j,o6gnk3o1,xd118x7d,5wk0o7p9,2
lde3k4e6,pj0o1g4j,o6gnk3o1,xd118x7d,592ml73w,3
lde3k4e6,pj0o1g4j,o6gnk3o1,xd118x7d,xd1prq5d,4
lde3k4e6,pj0o1g4j,o6gnk3o1,xd118x7d,y9m03oxw,3
lde3k4e6,pj0o1g4j,o6gnk3o1,xd118x7d,kwj0jq7d,1
lde3k4e6,pj0o1g4j,o6gnk3o1,xd118x7d,ewpny6j9,3
lde3k4e6,pj0o1g4j,o6gnk3o1,xk9po14d,None,5
lde3k4e6,pj0o1g4j,o6gnk3o1,q25xlwyk,None,2
lde3k4e6,pj0o1g4j,9d3vjg6l,vdo45x12,5wk2qnvw,5
lde3k4e6,pj0o1g4j,9d3vjg6l,vdo45x12,592j487w,3
lde3k4e6,pj0o1g4j,m1zjp806,jdzw17rd,rw6my1n9,4
lde3k4e6,pj0o1g4j,m1zjp806,jdzw17rd,ldy30xj9,2
lde3k4e6,pj0o1g4j,m1zjp806,jdzw17rd,xd04o10w,5
lde3k4e6,pj0o1g4j,m1zjp806,jdzw17rd,n93m317d,2
lde3k4e6,pj0o1g4j,m1zjp806,jdzw17rd,xd4k810w,4
lde3k4e6,pj0o1g4j,m1zjp806,jdzw17rd,29vzp61d,6
lde3k4e6,pj0o1g4j,m1zjp806,jdzw17rd,5924pmgw,7
lde3k4e6,pj0o1g4j,pd0py36e,q257qx8d,None,14
lde3k4e6,pj0o1g4j,pd0py36e,q257qx8d,None,10
lde3k4e6,pj0o1g4j,pd0py36e,q257qx8d,None,6
lde3k4e6,pj0o1g4j,pd0py36e,q257qx8d,None,6
lde3k4e6,pj0o1g4j,pd0qq4v1,n2yey9mk,None,2
lde3k4e6,pj0o1g4j,o6gnk3o1,7kjoj4n2,None,5
lde3k4e6,pj0o1g4j,9d3vjg6l,vdo45x12,5d772eqd,6
lde3k4e6,pj0o1g4j,y65jv7de,9kvx3me2,None,23
lde3k4e6,pj0o1g4j,y65jv7de,wk6j6ood,rdq0yxkw,10
lde3k4e6,pj0o1g4j,y65jv7de,wk6j6ood,69zr7kld,5
lde3k4e6,pj0o1g4j,y65jv7de,wk6j6ood,69zr7kld,11
lde3k4e6,pj0o1g4j,y65jv7de,wk6j6ood,o9x26p0w,5
lde3k4e6,pj0o1g4j,y65jv7de,wk6j6ood,o9x26p0w,7
lde3k4e6,pj0o1g4j,y65jv7de,wk6j6ood,495jp70w,5
lde3k4e6,pj0o1g4j,y65jv7de,wk6j6ood,495jp70w,9
lde3k4e6,pj0o1g4j,y65jv7de,wk6j6ood,rdq0yxkw,5
lde3k4e6,pj0o1g4j,y65jv7de,wk6j6ood,ywe406yd,11
lde3k4e6,pj0o1g4j,y65jv7de,wk6j6ood,ywe406yd,7
lde3k4e6,pj0o1g4j,9d3vjg6l,vdo45x12,ldye3j7w,10
lde3k4e6,pj0o1g4j,m1zjp806,q25mr3jd,29vzp61d,9
lde3k4e6,pj0o1g4j,m1zjp806,02qvyp7d,r9g78lq9,1
lde3k4e6,pj0o1g4j,9d3vjg6l,vdo45x12,kwjyv80w,5
lde3k4e6,pj0o1g4j,m1zjp806,jdzw17rd,n93m317d,1
lde3k4e6,pj0o1g4j,9d3vjg6l,vdo45x12,r9gz7jjd,6
lde3k4e6,pj0o1g4j,y65jv7de,7kjr01z2,69z8jyo9,4
lde3k4e6,pj0o1g4j,9d3vjg6l,jdz9wgr2,n930m8r9,5
lde3k4e6,pj0o1g4j,y65jv7de,7kjr01z2,o9xxq519,4
lde3k4e6,pj0o1g4j,y65jv7de,7kjr01z2,r9g750k9,2
lde3k4e6,pj0o1g4j,v1po7r76,mkeqn79k,xd130359,47
lde3k4e6,pj0o1g4j,y65jv7de,wk6j6ood,rw6v2jr9,14
lde3k4e6,pj0o1g4j,nd2e0eed,9kvoly02,None,175
lde3k4e6,pj0o1g4j,9d3vjg6l,vdo45x12,n930mn29,5
lde3k4e6,pj0o1g4j,9d3vjg6l,vdo45x12,495jmrmw,6
lde3k4e6,pj0o1g4j,y65jv7de,7kjr01z2,495mgojw,3
lde3k4e6,pj0o1g4j,9d3vjg6l,vdo45x12,rdq0n3ow,7
lde3k4e6,pj0o1g4j,pdve246w,wk6n7rp2,None,9
lde3k4e6,pj0o1g4j,9d3vjg6l,vdo45x12,n930m8r9,9
lde3k4e6,pj0o1g4j,46wynndr,xk90mnyk,r9gyl059,4
lde3k4e6,pj0o1g4j,9d3vjg6l,vdo45x12,xd1043z9,6
lde3k4e6,pj0o1g4j,9d3vjg6l,vdo45x12,z98jme1w,7
lde3k4e6,pj0o1g4j,9d3vjg6l,vdo45x12,ywe4qjld,8
lde3k4e6,pj0o1g4j,9d3vjg6l,vdo45x12,owok3ejd,4
lde3k4e6,pj0o1g4j,9d3vjg6l,vdo45x12,ldye35pw,8
lde3k4e6,pj0o1g4j,9d3vjg6l,vdo45x12,ewpp8zyw,6
lde3k4e6,98ro1kg8,76r3yne6,wdmm9oed,rdqqk3md,1
lde3k4e6,98ro1kg8,j1l754dg,mkermx9d,ewpr31jd,1
lde3k4e6,98ro1kg8,9d3vjg6l,824g0ve2,None,5
lde3k4e6,98ro1kg8,lde7nn13,xd1305zk,z986n3pd,1
lde3k4e6,98ro1kg8,lde7nn13,02q85r72,None,1
lde3k4e6,98ro1kg8,lde7nn13,xd1305zk,ldyy2xrd,1
lde3k4e6,98ro1kg8,lde7nn13,xd1305zk,rdn0n7qw,1
lde3k4e6,98ro1kg8,lde7nn13,xd1305zk,r9g2xlpd,1
lde3k4e6,98ro1kg8,lde7nn13,xd1305zk,69z3z5gd,1
lde3k4e6,98ro1kg8,3698773d,wdmmm3ed,None,1
lde3k4e6,98ro1kg8,lde7nn13,02q85r72,None,1
lde3k4e6,98ro1kg8,lde7nn13,jdr9o4nd,gdre2nl9,1
lde3k4e6,98ro1kg8,3698773d,wdmmm3ed,None,1
lde3k4e6,98ro1kg8,lde7nn13,jdr9o4nd,ldyy2xrd,1
lde3k4e6,98ro1kg8,lde7nn13,jdr9o4nd,rdn0n7qw,1
lde3k4e6,98ro1kg8,lde7nn13,jdr9o4nd,ywe1ly7d,1
lde3k4e6,98ro1kg8,j1l754dg,mkermx9d,r9gxlepw,3
lde3k4e6,98ro1kg8,j1lqzpv6,8248g1gk,None,5
lde3k4e6,98ro1kg8,j1lqzpv6,7dgy0r7d,None,3
lde3k4e6,98ro1kg8,76r32446,jdrw105k,None,1
lde3k4e6,98ro1kg8,lde7nn13,xd1305zk,gdre2nl9,1
lde3k4e6,98ro1kg8,lde7nn13,xd1305zk,ywe1ly7d,1
lde3k4e6,98ro1kg8,9d3vjg6l,vdo45x12,ywe4qjld,4
lde3k4e6,98ro1kg8,lde7nn13,xd1305zk,rw6431r9,1
lde3k4e6,98ro1kg8,lde7nn13,xd1305zk,z986n3gd,1
lde3k4e6,98ro1kg8,lde7nn13,xd1305zk,n937o1zd,1
lde3k4e6,98ro1kg8,lde7nn13,xd1305zk,rdn0n77w,1
lde3k4e6,98ro1kg8,46w2wo76,zd3qg18k,None,9
lde3k4e6,98ro1kg8,9do8mm1p,zdnqyjqd,None,229
lde3k4e6,98ro1kg8,4d7mnnd7,wk6or4qk,None,1
lde3k4e6,98ro1kg8,4d7mnnd7,jdzlvgg2,gdrj0v8w,1
lde3k4e6,98ro1kg8,4d7mnnd7,jdzlvgg2,rdnlmp6w,1
lde3k4e6,98ro1kg8,4d7mnnd7,jdzlvgg2,nwl6mvpw,1
lde3k4e6,98ro1kg8,4d7mnnd7,jdzlvgg2,69zrlv6d,1
lde3k4e6,98ro1kg8,4d7mnnd7,jdzlvgg2,rdn5mvnd,1
lde3k4e6,98ro1kg8,4d7mnnd7,jdzlvgg2,r9gzmoqd,1
lde3k4e6,98ro1kg8,4d7mnnd7,jdzlvgg2,o9x2yv6w,1
lde3k4e6,98ro1kg8,4d7mnnd7,jdzlvgg2,5d7xx2g9,1
lde3k4e6,98ro1kg8,46wynndr,n2yqy58k,None,2
lde3k4e6,98ro1kg8,lde3k4e6,7dgm5nld,None,1
lde3k4e6,98ro1kg8,j1l754dg,wkp111gk,None,1
lde3k4e6,98ro1kg8,lde7nn13,jdr9o4nd,r9g2xlpd,1
lde3k4e6,98ro1kg8,lde7nn13,jdr9o4nd,r9g2xlpd,1
lde3k4e6,98ro1kg8,lde7nn13,jdr9o4nd,rdn0n77w,1
lde3k4e6,98ro1kg8,lde7nn13,jdr9o4nd,z986n3gd,1
lde3k4e6,98ro1kg8,lde7nn13,jdr9o4nd,ldyy2xkd,1
lde3k4e6,98ro1kg8,lde7nn13,jdr9o4nd,gdre2nl9,1
lde3k4e6,98ro1kg8,j1l754dg,vdoory6d,None,1
lde3k4e6,98ro1kg8,lde7nn13,jdr9o4nd,nwll35ew,1
lde3k4e6,98ro1kg8,lde7nn13,jdr9o4nd,ywe1ly7d,1
lde3k4e6,98ro1kg8,lde3k4e6,7kjong42,None,1
lde3k4e6,98ro1kg8,4d7mnnd7,mke5py9k,ywe4v7qd,3
lde3k4e6,98ro1kg8,j1l754dg,q251xwdo,None,1
lde3k4e6,98ro1kg8,j1l754dg,mkermx9d,rw6318gw,1
lde3k4e6,98ro1kg8,j1l754dg,mkermx9d,ldy2xnrw,1
lde3k4e6,98ro1kg8,j1l754dg,mkermx9d,rw6318gw,1
lde3k4e6,98ro1kg8,m1zjgy36,vdo8l86k,None,73
lde3k4e6,98ro1kg8,3698773d,5dw116lk,None,1
lde3k4e6,98ro1kg8,9d3vjg6l,n2yqpqzk,None,7
lde3k4e6,98ro1kg8,kyd4pxde,xd1m7rd8,None,167
lde3k4e6,98ro1kg8,46wynndr,xk90mnyk,r9gyl059,3
lde3k4e6,98ro1kg8,j1l754dg,mkermx9d,rdnn767d,1
lde3k4e6,98ro1kg8,j1l754dg,mkermx9d,rdnn767d,1
lde3k4e6,98ro1kg8,4d7mnnd7,9kvxg802,None,3
lde3k4e6,98ro1kg8,4d7mnnd7,9kvxg802,None,2
lde3k4e6,98ro1kg8,9do8mm1p,rkllonkn,None,749
lde3k4e6,98ro1kg8,46w2wo76,w20no45d,None,133
lde3k4e6,98ro1kg8,lde7nn13,02q85r72,None,15
lde3k4e6,98ro1kg8,o1y9wo6q,n2y55mko,None,416
lde3k4e6,98ro1kg8,lde7nn13,ndxm3mj2,None,1
lde3k4e6,98ro1kg8,m1mnz9pd,zd3qojrk,None,2
lde3k4e6,98ro1kg8,m1mnz9pd,vdoyxlo2,owony2kd,2
lde3k4e6,98ro1kg8,m1mnz9pd,vdoyxlo2,xd1rx559,2
lde3k4e6,98ro1kg8,m1mnz9pd,vdoyxlo2,ewpyrqjw,1
lde3k4e6,98ro1kg8,m1mnz9pd,vdoyxlo2,y9m38pxw,2
lde3k4e6,98ro1kg8,m1mnz9pd,vdoyxlo2,5wkoprp9,2
lde3k4e6,98ro1kg8,m1mnz9pd,vdoyxlo2,592l5o3d,2
lde3k4e6,98ro1kg8,m1mnz9pd,vdoyxlo2,29vx2klw,2
lde3k4e6,98ro1kg8,m1mnz9pd,vdoyxlo2,xd0yx74w,2
lde3k4e6,98ro1kg8,m1mnz9pd,vdoyxlo2,rw6x3ngw,2
lde3k4e6,98ro1kg8,m1mnz9pd,jdrnwwxk,xd4zx3rw,1
lde3k4e6,98ro1kg8,m1mnz9pd,wdmrmx5k,None,1
lde3k4e6,98ro1kg8,m1mnz9pd,jdrnwwxk,owony2kd,1
lde3k4e6,98ro1kg8,m1mnz9pd,jdrnwwxk,xd1rx559,1
lde3k4e6,98ro1kg8,m1mnz9pd,jdrnwwxk,ewpyrqjw,1
lde3k4e6,98ro1kg8,m1mnz9pd,jdrnwwxk,y9m38pxw,1
lde3k4e6,98ro1kg8,m1mnz9pd,jdrnwwxk,5wkoprp9,1
lde3k4e6,98ro1kg8,m1mnz9pd,jdrnwwxk,592l5o3d,1
lde3k4e6,98ro1kg8,m1mnz9pd,jdrnwwxk,29vx2klw,1
lde3k4e6,98ro1kg8,m1mnz9pd,jdrnwwxk,xd0yx74w,1
lde3k4e6,98ro1kg8,m1mnz9pd,jdrnwwxk,rw6x3ngw,1
lde3k4e6,98ro1kg8,m1mnz9pd,jdrnwwxk,n93eogzw,1
lde3k4e6,98ro1kg8,m1mnz9pd,jdrnwwxk,z98qn6p9,1
lde3k4e6,98ro1kg8,m1mnz9pd,jdrnwwxk,rdn8n07d,1
lde3k4e6,98ro1kg8,m1mnz9pd,jdrnwwxk,ldy62yr9,1
lde3k4e6,98ro1kg8,m1mnz9pd,jdrnwwxk,gdrl2eld,1
lde3k4e6,98ro1kg8,o6gnk3o1,7kjoj4n2,None,2
lde3k4e6,98ro1kg8,4d7mnnd7,jdzlvgg2,n930xp79,2
lde3k4e6,98ro1kg8,j1l754dg,q251xwdo,None,1
lde3k4e6,98ro1kg8,46w22xq6,wk60qgxk,None,2
lde3k4e6,98ro1kg8,o6gnk3o1,02qrm99k,None,2
lde3k4e6,98ro1kg8,m1mnz9pd,vdoyxlo2,xd4zx3rw,2
lde3k4e6,98ro1kg8,m1mnz9pd,vdoyxlo2,n93eogzw,2
lde3k4e6,98ro1kg8,m1mnz9pd,vdoyxlo2,z98qn8p9,2
lde3k4e6,98ro1kg8,m1mnz9pd,vdoyxlo2,rdn8np7d,3
lde3k4e6,98ro1kg8,m1mnz9pd,vdoyxlo2,ldy62pr9,2
lde3k4e6,98ro1kg8,m1mnz9pd,vdoyxlo2,nwl137e9,2
lde3k4e6,98ro1kg8,m1mnz9pd,vdoyxlo2,ywegl87d,2
lde3k4e6,98ro1kg8,m1mnz9pd,vdoyxlo2,r9g5x3pd,3
lde3k4e6,98ro1kg8,m1mnz9pd,vdoyxlo2,o9xq4lpw,2
lde3k4e6,98ro1kg8,m1mnz9pd,vdoyxlo2,69zjz4gw,2
lde3k4e6,98ro1kg8,m1mnz9pd,vdoyxlo2,495g483w,2
lde3k4e6,98ro1kg8,m1mnz9pd,vdoyxlo2,rdqrl12w,3
lde3k4e6,98ro1kg8,m1mnz9pd,vdoyxlo2,5d758v6w,2
lde3k4e6,98ro1kg8,m1mnz9pd,vdoyxlo2,gdrl2qld,2
lde3k4e6,98ro1kg8,m1mnz9pd,vdoyxlo2,owony0kd,3
lde3k4e6,98ro1kg8,m1mnz9pd,vdoyxlo2,xd1rx759,4
lde3k4e6,98ro1kg8,m1mnz9pd,vdoyxlo2,ewpyrjjw,4
lde3k4e6,98ro1kg8,m1mnz9pd,vdoyxlo2,y9m38jxw,4
lde3k4e6,98ro1kg8,m1mnz9pd,vdoyxlo2,5wkopjp9,3
lde3k4e6,98ro1kg8,m1mnz9pd,vdoyxlo2,xd4zxjrw,3
lde3k4e6,98ro1kg8,m1mnz9pd,vdoyxlo2,592l5z3d,2
lde3k4e6,98ro1kg8,m1mnz9pd,vdoyxlo2,xd0yxg4w,3
lde3k4e6,98ro1kg8,m1mnz9pd,vdoyxlo2,29vx23lw,2
lde3k4e6,98ro1kg8,m1mnz9pd,vdoyxlo2,rw6x34gw,2
lde3k4e6,98ro1kg8,m1mnz9pd,vdoyxlo2,kwjjp57w,3
lde3k4e6,98ro1kg8,m1mnz9pd,vdoyxlo2,n93eo7zw,2
lde3k4e6,98ro1kg8,m1mnz9pd,vdoyxlo2,z98qn6p9,2
lde3k4e6,98ro1kg8,m1mnz9pd,vdoyxlo2,rdn8n07d,2
lde3k4e6,98ro1kg8,m1mnz9pd,vdoyxlo2,ldy62yr9,2
lde3k4e6,98ro1kg8,m1mnz9pd,vdoyxlo2,gdrl2eld,2
lde3k4e6,98ro1kg8,46w22xq6,wk60qgxk,None,2
lde3k4e6,98ro1kg8,yd4kg7g6,xd1jpe8d,None,28
lde3k4e6,98ro1kg8,4d7mnnd7,mke5py9k,n930xp79,1
lde3k4e6,98ro1kg8,4d7mnnd7,wk6or4qk,None,1
lde3k4e6,98ro1kg8,4d7mnnd7,mke5py9k,rdnlmp6w,1
lde3k4e6,98ro1kg8,46wynndr,n2yqy58k,None,12
lde3k4e6,98ro1kg8,4d7mnnd7,mke5py9k,5d7xx2g9,6
lde3k4e6,98ro1kg8,o6gnk3o1,7kjoj4n2,None,1
lde3k4e6,98ro1kg8,46w3j571,wk67z3od,None,8
lde3k4e6,98ro1kg8,4d7mnnd7,jdzlvgg2,ywe4v7qd,1
lde3k4e6,98ro1kg8,4d7mnnd7,jdzlvgg2,ldyervjw,1
lde3k4e6,98ro1kg8,4d7mnnd7,jdzlvgg2,z98jo07w,1
lde3k4e6,98ro1kg8,4d7mnnd7,jdzlvgg2,n930xp79,1
lde3k4e6,98ro1kg8,lde7nn13,jdr9o4nd,ldyy2xrd,1
lde3k4e6,98ro1kg8,lde7nn13,jdr9o4nd,rdn0n7qw,1
lde3k4e6,98ro1kg8,lde7nn13,jdr9o4nd,rdn0n77w,1
lde3k4e6,98ro1kg8,lde7nn13,jdr9o4nd,z986n3pd,1
lde3k4e6,98ro1kg8,lde7nn13,02q85r72,None,1
lde3k4e6,98ro1kg8,lde7nn13,xd1305zk,ldyy2xkd,1
lde3k4e6,98ro1kg8,lde7nn13,xd1305zk,nwll35ew,1
lde3k4e6,98ro1kg8,lde7nn13,ndxm3mj2,None,2
lde3k4e6,98ro1kg8,lde7nn13,xd1305zk,r9g2xlpd,2
lde3k4e6,98ro1kg8,lde7nn13,xd1305zk,ywe1ly7d,1
lde3k4e6,98ro1kg8,lde7nn13,rklq5qw2,None,1
lde3k4e6,98ro1kg8,lde7nn13,rklq5qw2,None,1
lde3k4e6,98ro1kg8,lde7nn13,jdr9o4nd,rw6431r9,11
lde3k4e6,98ro1kg8,lde7nn13,jdr9o4nd,z986n3gd,4
lde3k4e6,98ro1kg8,lde7nn13,jdr9o4nd,rdn0n7qw,4
lde3k4e6,98ro1kg8,lde7nn13,jdr9o4nd,ldyy2xkd,5
lde3k4e6,98ro1kg8,lde7nn13,jdr9o4nd,n937o1zd,6
lde3k4e6,98ro1kg8,lde7nn13,jdr9o4nd,z986n3pd,3
lde3k4e6,98ro1kg8,lde7nn13,jdr9o4nd,rdn0n77w,5
lde3k4e6,98ro1kg8,lde7nn13,jdr9o4nd,ldyy2xrd,3
lde3k4e6,98ro1kg8,lde7nn13,jdr9o4nd,gdre2nl9,6
lde3k4e6,98ro1kg8,lde7nn13,jdr9o4nd,nwll35ew,8
lde3k4e6,98ro1kg8,lde7nn13,jdr9o4nd,ywe1ly7d,6
lde3k4e6,98ro1kg8,lde7nn13,jdr9o4nd,69z3z5gd,4
lde3k4e6,98ro1kg8,lde7nn13,jdr9o4nd,r9g2xlpd,6
lde3k4e6,98ro1kg8,lde7nn13,02q85r72,None,13
lde3k4e6,98ro1kg8,lde7nn13,xd1305zk,rw6431r9,1
lde3k4e6,98ro1kg8,lde7nn13,xd1305zk,z986n3gd,1
lde3k4e6,98ro1kg8,lde7nn13,xd1305zk,rdn0n7qw,1
lde3k4e6,98ro1kg8,lde7nn13,xd1305zk,ldyy2xkd,1
lde3k4e6,98ro1kg8,lde7nn13,xd1305zk,n937o1zd,2
lde3k4e6,98ro1kg8,lde7nn13,xd1305zk,z986n3pd,1
lde3k4e6,98ro1kg8,lde7nn13,xd1305zk,rdn0n77w,1
lde3k4e6,98ro1kg8,lde7nn13,xd1305zk,gdre2nl9,1
lde3k4e6,98ro1kg8,lde7nn13,xd1305zk,nwll35ew,1
lde3k4e6,98ro1kg8,lde7nn13,xd1305zk,69z3z5gd,1
lde3k4e6,98ro1kg8,lde7nn13,02q85r72,None,1
lde3k4e6,98ro1kg8,3698773d,wk6wwex2,None,1
lde3k4e6,98ro1kg8,lde7nn13,xd1305zk,ldyy2xrd,1
lde3k4e6,98ro1kg8,yd4ojjg1,9kv9qoo2,None,23
lde3k4e6,98ro1kg8,o6gnk3o1,7kjoj4n2,None,3
lde3k4e6,98ro1kg8,4d7mnnd7,9kvxg802,None,1
lde3k4e6,98ro1kg8,4d7mnnd7,9kvxg802,None,1
lde3k4e6,98ro1kg8,lde7nn13,jdr9o4nd,rw6431r9,1
lde3k4e6,98ro1kg8,lde7nn13,jdr9o4nd,z986n3pd,1
lde3k4e6,98ro1kg8,9d3vjg6l,824g0ve2,None,2
lde3k4e6,98ro1kg8,lde7nn13,jdr9o4nd,rw6431r9,1
lde3k4e6,98ro1kg8,lde7nn13,jdr9o4nd,z986n3gd,1
lde3k4e6,98ro1kg8,lde7nn13,jdr9o4nd,ldyy2xkd,1
lde3k4e6,98ro1kg8,lde7nn13,jdr9o4nd,69z3z5gd,1
lde3k4e6,98ro1kg8,y65jv7de,5dw9x7n2,None,4
lde3k4e6,98ro1kg8,46wynndr,n2yqy58k,None,1
lde3k4e6,98ro1kg8,9d3vjg6l,824g0ve2,None,2
lde3k4e6,98ro1kg8,lde7nn13,jdr9o4nd,ldyy2xrd,2
lde3k4e6,98ro1kg8,lde7nn13,jdr9o4nd,gdre2nl9,3
lde3k4e6,98ro1kg8,lde7nn13,jdr9o4nd,nwll35ew,3
lde3k4e6,98ro1kg8,lde7nn13,jdr9o4nd,69z3z5gd,2
lde3k4e6,98ro1kg8,lde7nn13,jdr9o4nd,rw6431r9,2
lde3k4e6,98ro1kg8,lde7nn13,02q85r72,None,3
lde3k4e6,98ro1kg8,lde7nn13,w20x3oj2,ldyy2xrd,1
lde3k4e6,98ro1kg8,lde7nn13,w20x3oj2,rw6431r9,1
lde3k4e6,98ro1kg8,lde7nn13,w20x3oj2,z986n3gd,1
lde3k4e6,98ro1kg8,lde7nn13,w20x3oj2,ldyy2xkd,1
lde3k4e6,98ro1kg8,lde7nn13,w20x3oj2,z986n3pd,1
lde3k4e6,98ro1kg8,lde7nn13,w20x3oj2,rdn0n77w,1
lde3k4e6,98ro1kg8,lde7nn13,w20x3oj2,gdre2nl9,1
lde3k4e6,98ro1kg8,lde7nn13,w20x3oj2,ywe1ly7d,1
lde3k4e6,98ro1kg8,lde7nn13,w20x3oj2,r9g2xlpd,1
lde3k4e6,98ro1kg8,lde7nn13,w20x3oj2,rdn0n7qw,1
lde3k4e6,98ro1kg8,lde7nn13,jdr9o4nd,n937o1zd,1
lde3k4e6,98ro1kg8,lde7nn13,02q85r72,None,11
lde3k4e6,98ro1kg8,lde7nn13,jdr9o4nd,nwll35ew,4
lde3k4e6,98ro1kg8,lde3k4e6,z27ojz0d,None,5
lde3k4e6,98ro1kg8,o6glgrnd,9kvqm93d,None,1
lde3k4e6,98ro1kg8,lde7nn13,02q85r72,None,18
lde3k4e6,98ro1kg8,o6glgrnd,w20glvok,None,1
lde3k4e6,98ro1kg8,o6glgrnd,w20glvok,None,3
lde3k4e6,98ro1kg8,o6glgrnd,wkp17m8k,rdq48829,2
lde3k4e6,98ro1kg8,o6glgrnd,w20glvok,None,1
lde3k4e6,8w19qlzx,46wynndr,n2yqy58k,None,4
lde3k4e6,8w19qlzx,9d3vjg6l,mkel116d,None,2
lde3k4e6,8w19qlzx,y65jv7de,q25j47gd,None,4
lde3k4e6,8w19qlzx,lde3k4e6,7kjong42,None,2
lde3k4e6,8w19qlzx,46wynndr,n2yqy58k,None,11
lde3k4e6,8w19qlzx,lde3k4e6,7kjong42,None,5
lde3k4e6,8w19qlzx,j1l754dg,wkp111gk,None,3
lde3k4e6,8w19qlzx,9d3vjg6l,mkel116d,None,8
lde3k4e6,8w19qlzx,4d7mnnd7,wk6or4qk,None,7
lde3k4e6,8w19qlzx,lde7nn13,02q85r72,None,15
lde3k4e6,8w19qlzx,lde3k4e6,xd1gyj8d,None,2
lde3k4e6,8w19qlzx,9d3vjg6l,mkewlo8k,495jmrmw,3
lde3k4e6,8w19qlzx,y65jv7de,7kjr01z2,rdn53eqd,2
lde3k4e6,8w19qlzx,y65jv7de,7kjr01z2,z98jp1gw,2
lde3k4e6,8w19qlzx,y65jv7de,7kjr01z2,rw6v2jr9,4
lde3k4e6,xy5wr1y8,j1l754dg,mkermx9d,5d781k6w,2
lde3k4e6,xy5wr1y8,369prk21,wk6ejzq2,nwlzk2gd,1
lde3k4e6,xy5wr1y8,369prk21,wk6ejzq2,owo5gyyd,1
lde3k4e6,xy5wr1y8,9d3vjg6l,mkewlo8k,ldye3j7w,1
lde3k4e6,xy5wr1y8,9d3vjg6l,vdo45x12,ldye3j7w,1
lde3k4e6,xy5wr1y8,9d3vjg6l,mkewlo8k,rw6vmr69,1
lde3k4e6,xy5wr1y8,j1ne4pe1,w20w48zd,None,1
lde3k4e6,xy5wr1y8,9d3vjg6l,mkewlo8k,rdn5qr6d,1
lde3k4e6,xy5wr1y8,9d3vjg6l,vdo45x12,rdn5qr6d,1
lde3k4e6,xy5wr1y8,369prk21,wk6ejzq2,ewpokzzd,1
lde3k4e6,xy5wr1y8,369prk21,wk6ejzq2,y9mgkr19,1
lde3k4e6,xy5wr1y8,369prk21,wk6ejzq2,xd1yv36d,1
lde3k4e6,xy5wr1y8,369prk21,wk6ejzq2,nwlzknrd,1
lde3k4e6,xy5wr1y8,369prk21,wk6ejzq2,ywe3znr9,1
lde3k4e6,xy5wr1y8,369prk21,wk6ejzq2,r9gnkjkd,1
lde3k4e6,xy5wr1y8,369prk21,wk6ejzq2,495zvrj9,1
lde3k4e6,xy5wr1y8,369prk21,wk6ejzq2,5d7x6ev9,1
lde3k4e6,xy5wr1y8,j1ne4pe1,wdm6oook,None,1
lde3k4e6,xy5wr1y8,369prk21,wk6ejzq2,ldyk4jzw,1
lde3k4e6,xy5wr1y8,9d3vjg6l,wkpy500k,rw6vmr69,1
lde3k4e6,xy5wr1y8,o6gnk3o1,xd118x7d,z98pqkpw,1
lde3k4e6,xy5wr1y8,369prk21,wk6ejzq2,592rv5rd,1
lde3k4e6,xy5wr1y8,369prk21,wk6ejzq2,5wkegpqw,1
lde3k4e6,xy5wr1y8,369prk21,wk6ejzq2,y9mgk819,1
lde3k4e6,xy5wr1y8,369prk21,wk6ejzq2,xd1yvx6d,1
lde3k4e6,xy5wr1y8,369prk21,wk6ejzq2,ewpokrzd,1
lde3k4e6,xy5wr1y8,369prk21,n2y918zd,owo5gyyd,1
lde3k4e6,xy5wr1y8,9d3vjg6l,vdo45x12,n930mn29,2
lde3k4e6,xy5wr1y8,9d3vjg6l,vdo45x12,29vyzlq9,1
lde3k4e6,xy5wr1y8,9d3vjg6l,vdo45x12,rw6vmr69,3
lde3k4e6,xy5wr1y8,9d3vjg6l,mkewlo8k,5wk2qnvw,1
lde3k4e6,xy5wr1y8,v1pxlj76,q25xlzyk,29vgx4n9,1
lde3k4e6,xy5wr1y8,9d3vjg6l,vdo45x12,n930m8r9,2
lde3k4e6,xy5wr1y8,9d3vjg6l,vdo45x12,592j487w,1
lde3k4e6,xy5wr1y8,9d3vjg6l,vdo45x12,5wk2qnvw,1
lde3k4e6,xy5wr1y8,y65jv7de,7kjr01z2,69z8jyo9,1
lde3k4e6,xy5wr1y8,y65jv7de,wk6j6ood,69z8jyo9,1
lde3k4e6,xy5wr1y8,y65jv7de,wk6j6ood,69z8jyo9,1
lde3k4e6,xy5wr1y8,v1pxlj76,mkex8mnd,None,3
lde3k4e6,xy5wr1y8,o6gnk3o1,xd118x7d,xd0py54w,1
lde3k4e6,xy5wr1y8,o6gnk3o1,wk63jopk,None,4
lde3k4e6,xy5wr1y8,9d3vjg6l,wkpy500k,5wk2qnvw,1
lde3k4e6,xy5wr1y8,46wynndr,q25ggx8d,5wkkmg2w,5
lde3k4e6,xy5wr1y8,4d7mnnd7,zdnl9vq2,ywe4v7qd,4
lde3k4e6,xy5wr1y8,o6gnk3o1,7kjoj4n2,None,7
lde3k4e6,xy5wr1y8,m1mn4qjd,w20e4jjd,ywe7nzyd,2
lde3k4e6,xy5wr1y8,m1mn4qjd,w20e4jjd,nwlvnk09,2
lde3k4e6,xy5wr1y8,lde7nn13,xd1305zk,rdn0n7qw,7
lde3k4e6,xy5wr1y8,lde7nn13,xd1305zk,z986n3pd,6
lde3k4e6,xy5wr1y8,9d3vjg6l,vdo45x12,nwl62yow,4
lde3k4e6,xy5wr1y8,lde7nn13,xd1305zk,rw6431r9,8
lde3k4e6,xy5wr1y8,lde7nn13,xd1305zk,nwll35ew,4
lde3k4e6,xy5wr1y8,9d3vjg6l,n2yqpqzk,None,16
lde3k4e6,xy5wr1y8,lde7nn13,xd1305zk,n937o1zd,6
lde3k4e6,xy5wr1y8,lde7nn13,xd1305zk,gdre2nl9,5
lde3k4e6,xy5wr1y8,3698773d,mkey0nn2,59215ygw,1
lde3k4e6,xy5wr1y8,3698773d,mkey0nn2,xd1oxnq9,1
lde3k4e6,xy5wr1y8,3698773d,mkey0nn2,xd0jxz0w,2
lde3k4e6,xy5wr1y8,lde3k4e6,z27ojz0d,None,3
lde3k4e6,xy5wr1y8,9d3vjg6l,vdo45x12,ywe4qjld,7
lde3k4e6,xy5wr1y8,9d3vjg6l,vdo45x12,5d772eqd,4
lde3k4e6,xy5wr1y8,9d3vjg6l,wkpy500k,5d772eqd,2
lde3k4e6,xy5wr1y8,9d3vjg6l,wkpy500k,ywe4qjld,3
lde3k4e6,xy5wr1y8,9d3vjg6l,vdo45x12,y9me2rzd,2
lde3k4e6,xy5wr1y8,9d3vjg6l,mkewlo8k,ywe4qjld,3
lde3k4e6,8ge4zlpj,9d3vjg6l,n2yqpqzk,None,1
lde3k4e6,8ge4zlpj,9d3vjg6l,vdo45x12,ywe4qjld,1
lde3k4e6,8ge4zlpj,9d3vjg6l,mkewlo8k,ldye3j7w,3
lde3k4e6,8ge4zlpj,9d3vjg6l,vdo45x12,ldye3j7w,3
lde3k4e6,8ge4zlpj,nd287zvd,wk6r9rrk,None,2
lde3k4e6,8ge4zlpj,9d3vjg6l,vdo45x12,ldye35pw,2
lde3k4e6,8ge4zlpj,9d3vjg6l,mkel116d,None,1
lde3k4e6,8ge4zlpj,m1zjp806,jdzw17rd,rw6my1n9,3
lde3k4e6,8ge4zlpj,m1zjp806,jdzw17rd,xd4k810w,3
lde3k4e6,8ge4zlpj,m1zjp806,jdzw17rd,rdnqg7nd,2
lde3k4e6,8ge4zlpj,m1zjp806,02qvyp7d,29vzp61d,1
lde3k4e6,8ge4zlpj,m1zjp806,02qvyp7d,5924pmgw,1
lde3k4e6,8ge4zlpj,nd2e9erd,ndx5pwjk,None,16
lde3k4e6,8ge4zlpj,46wynndr,n2yqy58k,None,3
lde3k4e6,8ge4zlpj,y65jv7de,9kvx3me2,None,2
lde3k4e6,8ge4zlpj,y65jv7de,wk6j6ood,nwl60r0w,2
lde3k4e6,8ge4zlpj,lde7nn13,02q85r72,None,3
lde3k4e6,8ge4zlpj,9d3vjg6l,vdo45x12,z98jme1w,1
lde3k4e6,8ge4zlpj,9d3vjg6l,vdo45x12,r9gz7jjd,2
lde3k4e6,8ge4zlpj,9d3vjg6l,vdo45x12,69zr8qxd,2
lde3k4e6,8ge4zlpj,9d3vjg6l,vdo45x12,5d772eqd,3
lde3k4e6,8ge4zlpj,9d3vjg6l,vdo45x12,rdn5qr6d,4
lde3k4e6,8ge4zlpj,lde7nn13,xd1305zk,ldyy2xrd,2
lde3k4e6,8ge4zlpj,9d3vjg6l,vdo45x12,rw6vmr69,4
lde3k4e6,8ge4zlpj,lde7nn13,jdr9o4nd,rw6431r9,9
lde3k4e6,8ge4zlpj,lde7nn13,jdr9o4nd,r9g2xlpd,5
lde3k4e6,8ge4zlpj,pd0qq4v1,n2yey9mk,None,2
lde3k4e6,8ge4zlpj,lde7nn13,jdr9o4nd,ldyy2xrd,2
lde3k4e6,8ge4zlpj,lde7nn13,jdr9o4nd,gdre2nl9,3
lde3k4e6,8ge4zlpj,lde7nn13,jdr9o4nd,nwll35ew,3
lde3k4e6,8ge4zlpj,lde7nn13,jdr9o4nd,69z3z5gd,2
lde3k4e6,8ge4zlpj,lde7nn13,jdr9o4nd,rw6431r9,2
lde3k4e6,8ge4zlpj,lde7nn13,02q85r72,None,3
lde3k4e6,8ge4zlpj,lde3k4e6,7kjong42,None,3
lde3k4e6,8ge4zlpj,y65jv7de,wk6j6ood,kwjy0nnw,3
lde3k4e6,8ge4zlpj,y65jv7de,wk6j6ood,ldyeqmkw,2
lde3k4e6,8ge4zlpj,y65jv7de,wk6j6ood,ldyeqmkw,3
lde3k4e6,8ge4zlpj,j1l754dg,mkermx9d,rdnn767d,3
lde3k4e6,8ge4zlpj,j1l754dg,mkermx9d,xd1xmk59,1
lde3k4e6,8ge4zlpj,j1l754dg,q251xwdo,None,4
lde3k4e6,8ge4zlpj,j1l754dg,mkermx9d,gdr2nml9,1
lde3k4e6,8ge4zlpj,y65jv7de,wk6j6ood,69zr7kld,2
lde3k4e6,8ge4zlpj,y65jv7de,wk6j6ood,o9x26p0w,3
lde3k4e6,8ge4zlpj,y65jv7de,wk6j6ood,gdrjr56w,3
lde3k4e6,8ge4zlpj,y65jv7de,wk6j6ood,69zr7kld,2
lde3k4e6,8ge4zlpj,y65jv7de,w20gp4zk,None,1
lde3k4e6,8ge4zlpj,y65jv7de,w20gp4zk,None,5
lde3k4e6,8ge4zlpj,9d3vjg6l,vdo45x12,rdn5ql5d,3
lde3k4e6,8ge4zlpj,9d3vjg6l,vdo45x12,gdrjy8ew,2
lde3k4e6,8ge4zlpj,9d3vjg6l,vdo45x12,nwl62yow,3
lde3k4e6,8ge4zlpj,9d3vjg6l,vdo45x12,495jmrmw,4
lde3k4e6,8ge4zlpj,9d3vjg6l,vdo45x12,kwjyv80w,2
lde3k4e6,8ge4zlpj,9d3vjg6l,vdo45x12,rdq0n3ow,4
lde3k4e6,8ge4zlpj,9d3vjg6l,vdo45x12,ewpp8zyw,3
lde3k4e6,8ge4zlpj,9d3vjg6l,vdo45x12,n930m8r9,5
lde3k4e6,8ge4zlpj,y65jv7de,wk6j6ood,z98jp1gw,3
lde3k4e6,8ge4zlpj,y65jv7de,wk6j6ood,rw6v2jr9,3
lde3k4e6,8ge4zlpj,y65jv7de,wk6j6ood,nwl60r0w,3
lde3k4e6,8ge4zlpj,y65jv7de,wk6j6ood,r9gz6v5d,3
lde3k4e6,8ge4zlpj,y65jv7de,wk6j6ood,rdq0yxkw,3
lde3k4e6,8ge4zlpj,y65jv7de,wk6j6ood,495jp70w,3
lde3k4e6,8ge4zlpj,y65jv7de,wk6j6ood,n930k6n9,4
lde3k4e6,8ge4zlpj,y65jv7de,wk6j6ood,5d77pogd,3
lde3k4e6,8ge4zlpj,y65jv7de,wk6j6ood,ywe406yd,2
lde3k4e6,8ge4zlpj,y65jv7de,wk6j6ood,rdn53eqd,3
lde3k4e6,8ge4zlpj,y65jv7de,wk6j6ood,rdq0yxkw,3
lde3k4e6,8ge4zlpj,y65jv7de,wk6j6ood,n930k6n9,3
lde3k4e6,8ge4zlpj,y65jv7de,wk6j6ood,gdrjr56w,4
lde3k4e6,8ge4zlpj,y65jv7de,wk6j6ood,495jp70w,3
lde3k4e6,8ge4zlpj,y65jv7de,wk6j6ood,z98jp1gw,3
lde3k4e6,8ge4zlpj,y65jv7de,wk6j6ood,ywe406yd,3
lde3k4e6,8ge4zlpj,y65jv7de,wk6j6ood,rdn53eqd,2
lde3k4e6,8ge4zlpj,y65jv7de,wk6j6ood,rw6v2jr9,2
lde3k4e6,8ge4zlpj,y65jv7de,7kjr01z2,rw6v2jr9,2
lde3k4e6,8ge4zlpj,y65jv7de,wk6j6ood,owok8zod,2
lde3k4e6,8ge4zlpj,y65jv7de,wk6j6ood,5d77pogd,3
lde3k4e6,8ge4zlpj,9d3vjg6l,9d85zl3d,None,2
lde3k4e6,8ge4zlpj,46wynndr,q25ggx8d,5wkkmg2w,4
lde3k4e6,8ge4zlpj,46wynndr,q25ggx8d,owo7j1o9,4
lde3k4e6,8ge4zlpj,9d3vjg6l,9d8g3y6k,None,1
lde3k4e6,8ge4zlpj,y65jv7de,wk6j6ood,r9gz6v5d,3
lde3k4e6,8ge4zlpj,o6gnk3o1,7kjoj4n2,None,4
lde3k4e6,8ge4zlpj,9d3vjg6l,zdnw5wed,None,1
lde3k4e6,8ge4zlpj,76r55vd8,w20w1lzd,None,139
lde3k4e6,8ge4zlpj,9d3vjg6l,wkpy500k,495jmrmw,1
lde3k4e6,8ge4zlpj,9d3vjg6l,wkpy500k,o9x2xz3w,2
lde3k4e6,8ge4zlpj,y65jv7de,7kjr01z2,69z8jyo9,2
lde3k4e6,8ge4zlpj,9d3vjg6l,wkpy500k,rdn5ql5d,1
lde3k4e6,8ge4zlpj,9d3vjg6l,wkpy500k,ldye35pw,1
lde3k4e6,8ge4zlpj,9d3vjg6l,wkpy500k,gdrjy8ew,1
lde3k4e6,8ge4zlpj,9d3vjg6l,wkpy500k,nwl62yow,1
lde3k4e6,8ge4zlpj,9d3vjg6l,wkpy500k,ywe4qjld,1
lde3k4e6,8ge4zlpj,9d3vjg6l,wkpy500k,69zr8qxd,1
lde3k4e6,8ge4zlpj,9d3vjg6l,wkpy500k,r9gz7jjd,1
lde3k4e6,8ge4zlpj,9d3vjg6l,wkpy500k,rw6vmr69,3
lde3k4e6,8ge4zlpj,9d3vjg6l,wkpy500k,n930m8r9,2
lde3k4e6,8ge4zlpj,9d3vjg6l,wkpy500k,z98jme1w,1
lde3k4e6,8ge4zlpj,9d3vjg6l,wkpy500k,ldye3j7w,1
lde3k4e6,8ge4zlpj,9d3vjg6l,wkpy500k,n930mn29,1
lde3k4e6,8ge4zlpj,9d3vjg6l,wkpy500k,z98jmzrw,1
lde3k4e6,8ge4zlpj,y65jv7de,wk6j6ood,owok8zod,4
lde3k4e6,8ge4zlpj,y65jv7de,wk6j6ood,o9x26p0w,4
lde3k4e6,8ge4zlpj,o6gnk3o1,q25xlwyk,None,1
lde3k4e6,8ge4zlpj,y65jv7de,wk6j6ood,kwjy0nnw,3
lde3k4e6,8ge4zlpj,9d3vjg6l,vdo45x12,n930mn29,4
lde3k4e6,8ge4zlpj,9d3vjg6l,vdo45x12,o9x2xz3w,3
lde3k4e6,8ge4zlpj,9d3vjg6l,vdo45x12,owok3ejd,2
lde3k4e6,8ge4zlpj,9d3vjg6l,vdo45x12,z98jmzrw,4
lde3k4e6,8ge4zlpj,9d3vjg6l,vdo45x12,xd1043z9,2
lde3k4e6,8ge4zlpj,9d3vjg6l,mkewlo8k,gdrjy8ew,3
lde3k4e6,8ge4zlpj,9d3vjg6l,wkpy500k,rdn5qr6d,2
lde3k4e6,8ge4zlpj,76r55vd8,wdmw4e42,None,71
