original_game_id,user_id,game_id,category_id,level_id,position
o1yn5kdq,18v50q2j,pd0wq31e,02qjj79d,None,172
o1yn5kdq,18v50q2j,l3dx51yv,wkpjpvkr,None,47
o1yn5kdq,18v50q2j,l3dx51yv,ndxjyj2q,None,138
o1yn5kdq,18v50q2j,o1yn5kdq,n2yqevmk,None,24
o1yn5kdq,18v50q2j,yd4qwk6e,5dwp6xek,None,23
o1yn5kdq,18v50q2j,4d798z17,9d86jq2n,None,24
o1yn5kdq,816k6zqx,o1yn5kdq,n2yqevmk,None,62
o1yn5kdq,8l300el8,o1yn5kdq,n2yqevmk,None,36
o1yn5kdq,kj90dmvj,o1yn5kdq,n2yqevmk,None,45
o1yn5kdq,8q6o3odj,o1yn5kdq,n2yqevmk,None,48
o1yn5kdq,8w12903x,46w3w0n1,8241oj32,None,4
o1yn5kdq,8w12903x,46w3w0n1,8241oj32,None,2
o1yn5kdq,8w12903x,yd4kemw6,wdm7vz5d,None,9
o1yn5kdq,8w12903x,m1zjg926,z27rq8gd,ywemjzld,418
o1yn5kdq,8w12903x,m1zjg926,z27rq8gd,n93yn22d,404
o1yn5kdq,8w12903x,9dor97dp,q257ro8d,xd1xnx69,13
o1yn5kdq,8w12903x,o1yjokr1,jdrn6ylk,None,4
o1yn5kdq,8w12903x,j1n894e1,jdrr44xd,None,4
o1yn5kdq,8w12903x,o1yjokr1,jdrn6ylk,None,7
o1yn5kdq,8w12903x,pdv2wwk6,ndx09y5d,None,95
o1yn5kdq,8w12903x,pdv2wwk6,zd3rwp8d,None,39
o1yn5kdq,8w12903x,pdv2wwk6,zd3rwp8d,None,41
o1yn5kdq,8w12903x,o1yn5kdq,9d8n3nqd,None,4
o1yn5kdq,8w12903x,o1yn5kdq,xd1qvgw2,rdn8q0qd,3
o1yn5kdq,8w12903x,pdv2wwk6,ndx09y5d,None,13
o1yn5kdq,8w12903x,v1po3v76,7kjqymxd,None,5
o1yn5kdq,8w12903x,pdv2wwk6,zd3rwp8d,None,15
o1yn5kdq,8w12903x,pd048w6e,wdmz0w52,None,15
o1yn5kdq,8w12903x,yd4kqp56,7dg781xd,4951klmw,6
o1yn5kdq,8w12903x,yd4kqp56,7dg781xd,rdqkz5od,5
o1yn5kdq,8w12903x,yd4kqp56,7dg781xd,ewp670yd,6
o1yn5kdq,8w12903x,yd4kqp56,7dg781xd,5d7myzqd,1
o1yn5kdq,8w12903x,yd4kqp56,7dg781xd,owop7qj9,3
o1yn5kdq,8w12903x,yd4kqp56,7dg781xd,xd1qj8zw,5
o1yn5kdq,8w12903x,w6j7xk76,7dg1p1pd,None,1
o1yn5kdq,8w12903x,w6j7xk76,n2yrzezd,None,5
o1yn5kdq,8w12903x,9d385vg1,wkpnl6jd,None,10
o1yn5kdq,8w12903x,9d385vg1,02qrv0zk,None,25
o1yn5kdq,8w12903x,9d385vg1,9d8lo0q2,None,58
o1yn5kdq,8w12903x,j1nenx1p,wdm4n4od,None,45
o1yn5kdq,8w12903x,9d385vg1,jdznwjxd,None,51
o1yn5kdq,8w12903x,9d385vg1,xk9xeg4k,None,21
o1yn5kdq,8w12903x,9d385vg1,zd3qjvvk,None,92
o1yn5kdq,8w12903x,9d385vg1,z27v4602,None,13
o1yn5kdq,8w12903x,o1yj5241,7kjgx94k,None,1
o1yn5kdq,8w12903x,kdkn7xdm,wkpq5jjd,None,86
o1yn5kdq,8w12903x,o6gnwq51,9d8yr06k,None,3
o1yn5kdq,8w12903x,4d7mv3d7,9kvx1082,None,159
o1yn5kdq,8w12903x,m1zk3w21,ndx37g1d,None,4
o1yn5kdq,8w12903x,k6q474zd,xd1vz6wd,None,64
o1yn5kdq,8w12903x,m1z9l2d0,wkpmj40k,None,364
o1yn5kdq,8w12903x,o6gnwq51,ndx3eojd,None,2
o1yn5kdq,8w12903x,kdkn7xdm,7dg5m8g2,None,21
o1yn5kdq,8w12903x,k6q474zd,8240o13d,None,455
o1yn5kdq,8w12903x,o6gnwq51,mkexq3xd,None,25
o1yn5kdq,8w12903x,pd0ezw1e,7dg4gegd,None,10
o1yn5kdq,8w12903x,w6jlokxd,8240y8ed,None,36
o1yn5kdq,8w12903x,pd0ezw1e,7dg4gegd,None,9
o1yn5kdq,8w12903x,j1n894e1,n2yvex12,None,3
o1yn5kdq,kjpnz7kx,9d3rn00d,ndx45152,None,29
o1yn5kdq,kjpnz7kx,268elpk6,rklr53rk,None,3
o1yn5kdq,kjpnz7kx,y6547ned,n2y99g8d,None,2
o1yn5kdq,kjpnz7kx,4d722r67,jdr1x0l2,None,1
o1yn5kdq,kjpnz7kx,y6547ned,vdoxr9vd,xd1lx359,2
o1yn5kdq,kjpnz7kx,268elpk6,02qv6myd,ewp8ojy9,3
o1yn5kdq,kjpnz7kx,268elpk6,02qv6myd,xd14y7zd,1
o1yn5kdq,kjpnz7kx,9d3rn00d,7dg60pgk,rdnqoend,5
o1yn5kdq,kjpnz7kx,j1nep5w1,xk9n01v2,None,1
o1yn5kdq,kjpnz7kx,j1nep5w1,jdze4vxd,z9846glw,2
o1yn5kdq,kjpnz7kx,j1nep5w1,jdze4vxd,xd1l7869,1
o1yn5kdq,kjpnz7kx,j1nep5w1,jdze4vxd,5d7qvzvw,1
o1yn5kdq,kjpnz7kx,j1nep5w1,jdze4vxd,592eznr9,1
o1yn5kdq,kjpnz7kx,j1nep5w1,jdze4vxd,5wk4j1qd,1
o1yn5kdq,kjpnz7kx,j1nep5w1,jdze4vxd,rdq4j519,2
o1yn5kdq,kjpnz7kx,lde3zyx6,vdo8wjvk,None,11
o1yn5kdq,kjpnz7kx,pdvz4v6w,zd3q6xrk,rdnmep69,6
o1yn5kdq,kjpnz7kx,pdvz4v6w,zd3q6xrk,ldyrmp79,6
o1yn5kdq,kjpnz7kx,pdvz4v6w,zd3q6xrk,ywev614d,8
o1yn5kdq,kjpnz7kx,pdvz4v6w,zd3q6xrk,o9xypn7d,9
o1yn5kdq,kjpnz7kx,pdvz4v6w,9kvmv3kg,None,33
o1yn5kdq,kjpnz7kx,lde3zyx6,q25m4rvd,z98gqj1w,7
o1yn5kdq,kjpnz7kx,pdvz4v6w,zd3q6xrk,nwlmrlg9,8
o1yn5kdq,kjpnz7kx,lde3zyx6,q25m4rvd,z98gqj1w,2
o1yn5kdq,kjpnz7kx,pdvz4v6w,zd3q6xrk,rdqmxjg9,18
o1yn5kdq,kjpnz7kx,pdvz4v6w,zd3q6xrk,r9gmv229,7
o1yn5kdq,kjpnz7kx,k6qwm296,5dw9yxg2,None,1
o1yn5kdq,kjpnz7kx,k6qwm296,7kjoz7g2,None,1
o1yn5kdq,kjpnz7kx,9d3qj01l,xd1m698d,None,33
o1yn5kdq,kjpnz7kx,k6qwm296,mkevj792,None,1
o1yn5kdq,kjpnz7kx,k6qwm296,5dw9yxg2,None,1
o1yn5kdq,kjpnz7kx,k6qwm296,z27m3952,None,1
o1yn5kdq,kjpnz7kx,k6qwm296,7dgx574k,None,1
o1yn5kdq,kjpnz7kx,k6qwm296,7kjoz7g2,None,1
o1yn5kdq,kjpnz7kx,k6qwm296,7dgx574k,None,1
o1yn5kdq,kjpnz7kx,k6qwm296,xk9pj9xd,None,1
o1yn5kdq,kjpnz7kx,k6qwm296,mkevj792,None,1
o1yn5kdq,kjpnz7kx,lde3zyx6,vdo8wjvk,None,8
o1yn5kdq,kjpnz7kx,k6qwm296,jdr9x35d,z984o21w,1
o1yn5kdq,kjpnz7kx,lde3zyx6,q25m4rvd,rdn2856d,4
o1yn5kdq,kjpnz7kx,lde3zyx6,q25m4rvd,ldy86e7w,3
o1yn5kdq,kjpnz7kx,lde3zyx6,ndx48o12,None,7
o1yn5kdq,kjpnz7kx,m1zjq026,q257jp8d,None,1
o1yn5kdq,kjpnz7kx,m1zjq026,ndxej1vk,None,2
o1yn5kdq,kjpnz7kx,9d3rmogd,z2718j02,None,1
o1yn5kdq,kjpnz7kx,m1zm8360,rklxey6k,592glrw6,1
o1yn5kdq,kjpnz7kx,m1zm8360,rklxey6k,y9mq31d5,1
o1yn5kdq,kjpnz7kx,9d3rmogd,z2718j02,None,1
o1yn5kdq,kjpnz7kx,m1zm8360,rklxey6k,ewpmyzwn,2
o1yn5kdq,kjpnz7kx,m1zm8360,rklxey6k,29vexndv,2
o1yn5kdq,kjpnz7kx,m1zm8360,rklxey6k,xd47zpdm,1
o1yn5kdq,kjpnz7kx,9d3rmogd,z2718j02,None,3
o1yn5kdq,kjpnz7kx,9d3rmogd,z2718j02,None,1
o1yn5kdq,kjpnz7kx,9d3rmogd,n2yg8yz2,None,1
o1yn5kdq,kjpnz7kx,9d3rmogd,n2yg8yz2,None,1
o1yn5kdq,kjpnz7kx,9d3rmogd,vdox0qvd,None,1
o1yn5kdq,kjpnz7kx,9d3rmogd,z2718j02,None,1
o1yn5kdq,kjpnz7kx,9d3rmogd,z2718j02,None,1
o1yn5kdq,kjpnz7kx,9d3rmogd,z2718j02,None,1
o1yn5kdq,kjpnz7kx,9d3rmogd,z2718j02,None,3
o1yn5kdq,kjpnz7kx,9d3rmogd,z2718j02,None,1
o1yn5kdq,kjpnz7kx,9d3rmogd,z2718j02,None,1
o1yn5kdq,kjpnz7kx,9d3rmogd,z2718j02,None,1
o1yn5kdq,kjpnz7kx,9d3rmogd,wk68zyq2,r9g7oqq9,1
o1yn5kdq,kjpnz7kx,9d3rmogd,wk68zyq2,o9xxvr69,1
o1yn5kdq,kjpnz7kx,9d3rmogd,n2yg8zz2,owo3v4vw,1
o1yn5kdq,kjpnz7kx,9d3rmogd,7kj6mwn2,owo3v4vw,1
o1yn5kdq,kjpnz7kx,9d3rmogd,n2yg8yz2,None,1
o1yn5kdq,kjpnz7kx,m1zm8360,9kvpjzek,ewpmyzwn,2
o1yn5kdq,kjpnz7kx,9d3rmogd,n2yg8zz2,5d720q5w,1
o1yn5kdq,kjpnz7kx,9d3rn00d,7dg60pgk,ldy31mj9,2
o1yn5kdq,kjpnz7kx,9d3rn00d,wkp30zj2,69z8pk69,3
o1yn5kdq,kjpnz7kx,m1zm8360,9kvpjzek,y9mq31d5,2
o1yn5kdq,kjpnz7kx,m1zm8360,9kvpjzek,29vexndv,2
o1yn5kdq,kjpnz7kx,9d3rn00d,7dg60pgk,ewp87gl9,2
o1yn5kdq,kjpnz7kx,9d3rn00d,7dg60pgk,nwl2grpd,3
o1yn5kdq,kjpnz7kx,9d3rn00d,7dg60pgk,y9m25lld,4
o1yn5kdq,kjpnz7kx,9d3rn00d,wkp30zj2,29vzm41d,4
o1yn5kdq,kjpnz7kx,9d3rn00d,wkp30zj2,59240xgw,6
o1yn5kdq,kjpnz7kx,9d3rn00d,7dg60pgk,59240xgw,3
o1yn5kdq,kjpnz7kx,9d3rn00d,7dg60pgk,29vzm41d,3
o1yn5kdq,kjpnz7kx,9d3rn00d,7dg60pgk,5wkqky5w,3
o1yn5kdq,kjpnz7kx,9d3rn00d,wkp30zj2,y9m25lld,2
o1yn5kdq,kjpnz7kx,9d3rn00d,wkp30zj2,5wkqky5w,3
o1yn5kdq,kjpnz7kx,268elpk6,ndx43552,None,2
o1yn5kdq,kjpnz7kx,268elpk6,ndx43552,None,5
o1yn5kdq,kjpnz7kx,268elpk6,rklr53rk,None,3
o1yn5kdq,kjpnz7kx,268elpk6,rklr53rk,None,4
o1yn5kdq,kjpnz7kx,9d3rn00d,7dg60pgk,gdryp58w,2
o1yn5kdq,kjpnz7kx,268elpk6,9kv986o2,None,4
o1yn5kdq,kjpnz7kx,268elpk6,rklr53rk,None,8
o1yn5kdq,kjpnz7kx,9d3rn00d,7dg60pgk,z98mr17w,2
o1yn5kdq,kjpnz7kx,268elpk6,8240zjwd,y9m2gjzd,3
o1yn5kdq,kjpnz7kx,268elpk6,rklr53rk,None,7
o1yn5kdq,kjpnz7kx,4d722r67,w20y7o8k,None,7
o1yn5kdq,kjpnz7kx,j1n2k91p,z271wr02,r9g73y59,3
o1yn5kdq,kjpnz7kx,268elpk6,rklr53rk,None,6
o1yn5kdq,kjpnz7kx,j1n2k91p,z271wr02,495m8k0w,7
o1yn5kdq,kjpnz7kx,v1p4p818,5dwg14ek,nwl27g0d,6
o1yn5kdq,kjpnz7kx,y6547ned,wk6ee8x2,None,6
o1yn5kdq,kjpnz7kx,9d3rn00d,wkp30zj2,ewp87gl9,2
o1yn5kdq,kjpnz7kx,9d3rn00d,7dg60pgk,o9xx1p69,2
o1yn5kdq,kjpnz7kx,268elpk6,8240zjwd,ewp8ojy9,4
o1yn5kdq,kjpnz7kx,9d3rn00d,wkp30zj2,69z8pk69,6
o1yn5kdq,kjpnz7kx,9d3rn00d,wkp30zj2,59240xgw,10
o1yn5kdq,kjpnz7kx,9d3rn00d,wkp30zj2,kwjv7xrw,6
o1yn5kdq,kjpnz7kx,9d3rn00d,wkp30zj2,owo37zvw,7
o1yn5kdq,kjpnz7kx,268elpk6,jdzwnvgd,None,19
o1yn5kdq,kjpnz7kx,m1zm8360,7kj3n742,5wkzoqw4,1
o1yn5kdq,kjpnz7kx,v1p4p818,jdzp97gk,None,4
o1yn5kdq,kjpnz7kx,o1yx446q,z2763o0d,None,25
o1yn5kdq,kjpnz7kx,9d3rmogd,7kj6mwn2,o9xxvr69,1
o1yn5kdq,kjpnz7kx,m1zm8360,7kj3n742,29vexndv,2
o1yn5kdq,kjpnz7kx,y6547ned,wdmvnyod,xd1lx359,9
o1yn5kdq,kjpnz7kx,9d3rmogd,7kj6mwn2,kwjvm4rw,2
o1yn5kdq,kjpnz7kx,9d3rmogd,xd146lwd,None,1
o1yn5kdq,kjpnz7kx,9d3rmogd,z2718j02,None,4
o1yn5kdq,kjpnz7kx,m1zm8360,7kj3n742,y9mq31d5,1
o1yn5kdq,kjpnz7kx,m1zm8360,7kj3n742,ewpmyzwn,2
o1yn5kdq,kjpnz7kx,m1mx0ox6,n2y7wn72,n938532w,132
o1yn5kdq,kjpnz7kx,m1mx0ox6,n2y7wn72,z98evlr9,83
o1yn5kdq,kjpnz7kx,9d3rmogd,7kj6mwn2,r9g7oqq9,1
o1yn5kdq,kjpnz7kx,9d3rmogd,wk68zyq2,owo3v4vw,1
o1yn5kdq,kjpnz7kx,9d3rmogd,7kj6mwn2,495m0x2w,1
o1yn5kdq,kjpnz7kx,9d3rmogd,z2718j02,None,1
o1yn5kdq,kjpnz7kx,9d3rmogd,z2718j02,None,2
o1yn5kdq,kjpnz7kx,9d3rmogd,z2718j02,None,1
o1yn5kdq,kjpnz7kx,9d3rmogd,z2718j02,None,3
o1yn5kdq,kjpnz7kx,9d3rmogd,z2718j02,None,1
o1yn5kdq,kjpnz7kx,9d3rmogd,rklr41rk,None,1
o1yn5kdq,kjpnz7kx,9d3rmogd,n2yg8zz2,495m0x2w,1
o1yn5kdq,kjpnz7kx,9d3rmogd,7kj6mwn2,5d720q5w,1
o1yn5kdq,kjpnz7kx,9d3rmogd,7kj6mwn2,rdqnv4md,2
o1yn5kdq,kjpnz7kx,9d3rmogd,wk68zyq2,xd14olqd,1
o1yn5kdq,kjpnz7kx,m1zm8360,9kvpjzek,y9mq31d5,1
o1yn5kdq,kjpnz7kx,9d3rmogd,vdox0qvd,None,2
o1yn5kdq,kjpnz7kx,9d3rmogd,xd146lwd,None,1
o1yn5kdq,kjpnz7kx,9d3rmogd,7kj6mwn2,495m0x2w,1
o1yn5kdq,kjpnz7kx,9d3rmogd,wk68zyq2,kwjvm4rw,1
o1yn5kdq,kjpnz7kx,76rl7v68,z27g6n42,None,6
o1yn5kdq,kjpnz7kx,9d3rmogd,wk68zyq2,xd14olqd,1
o1yn5kdq,kjpnz7kx,9d3rmogd,7kj6mwn2,r9g7oqq9,1
o1yn5kdq,kjpnz7kx,j1llppj1,rkllmw6k,None,2
o1yn5kdq,kjpnz7kx,9d3rmogd,n2yg8zz2,xd14olqd,2
o1yn5kdq,kjpnz7kx,9d3rmogd,n2yg8zz2,r9g7oqq9,1
o1yn5kdq,kjpnz7kx,9d3rmogd,n2yg8zz2,kwjvm4rw,2
o1yn5kdq,kjpnz7kx,m1zm8360,9kvpjzek,5wkzoqw4,2
o1yn5kdq,kjpnz7kx,m1zm8360,9kvpjzek,xd47zpdm,3
o1yn5kdq,kjpnz7kx,9d3rmogd,n2yg8zz2,rdqnv4md,2
o1yn5kdq,kjpnz7kx,9d3rmogd,wk68zyq2,rdqnv4md,2
o1yn5kdq,kjpnz7kx,9d3rmogd,wk68zyq2,kwjvm4rw,1
o1yn5kdq,kjpnz7kx,9d3rmogd,wk68zyq2,kwjvm4rw,1
o1yn5kdq,kjpnz7kx,9d3rmogd,9d83rz72,None,2
o1yn5kdq,kjpnz7kx,9d3rmogd,7kj6mwn2,xd14olqd,1
o1yn5kdq,kjpnz7kx,9d3rmogd,z2718j02,None,3
o1yn5kdq,kjpnz7kx,9d3rmogd,z2718j02,None,5
o1yn5kdq,kjpnz7kx,m1z8ox10,ndxn4j5k,None,51
o1yn5kdq,kjpnz7kx,k6q474zd,q25m6zyd,None,1
o1yn5kdq,kjpnz7kx,k6q474zd,9d83z7l2,None,27
o1yn5kdq,kjpnz7kx,k6q474zd,9d83wxq2,None,48
o1yn5kdq,kjpnz7kx,k6q474zd,w20348v2,None,72
o1yn5kdq,kjpnz7kx,m1m89xd2,9d84l37k,None,3
o1yn5kdq,kjpnz7kx,m1mxx362,zdnq06nd,xd007x0d,9
o1yn5kdq,kjpnz7kx,lde3zyx6,jdrlpj5d,z98gqj1w,5
o1yn5kdq,kjpnz7kx,lde3zyx6,ndx48o12,None,11
o1yn5kdq,kjpnz7kx,j1llppj1,ndx9lyod,None,1
o1yn5kdq,kjpnz7kx,lde3zyx6,ndx48o12,None,11
o1yn5kdq,kjpnz7kx,9d3rmogd,zdnlm0x2,None,3
o1yn5kdq,kjpnz7kx,3dx0l5dy,wkpwlvdr,None,83
o1yn5kdq,kjpnz7kx,9d3rmogd,wk68zyq2,495m0x2w,1
o1yn5kdq,kjpnz7kx,m1zm8360,9kvpjzek,592glrw6,3
o1yn5kdq,kjpnz7kx,m1zm8360,9kvpjzek,y9mq31d5,2
o1yn5kdq,kjpnz7kx,m1zm8360,9kvpjzek,xd47zpdm,1
o1yn5kdq,kjpnz7kx,9d3rmogd,n2yg8yz2,None,1
o1yn5kdq,kjpnz7kx,9d3rmogd,n2yg8zz2,o9xxvr69,1
o1yn5kdq,kjpnz7kx,yd4ojjg1,zd3xvw8d,None,88
o1yn5kdq,kjpnz7kx,yd4ojjg1,zd3xvw8d,None,91
o1yn5kdq,kjpnz7kx,9dowwzm1,5dw487lk,None,23
o1yn5kdq,kjpnz7kx,m1zm8360,7kj3n742,xd47zpdm,2
o1yn5kdq,kjpnz7kx,9d3rmogd,wk68zyq2,r9g7oqq9,1
o1yn5kdq,kjpnz7kx,9d3rmogd,wk68zyq2,o9xxvr69,1
o1yn5kdq,kjpnz7kx,9d3rmogd,wk68zyq2,kwjvm4rw,2
o1yn5kdq,kjpnz7kx,9d3rmogd,wk68zyq2,owo3v4vw,1
o1yn5kdq,kjpnz7kx,m1mxx362,zd3ymr2n,None,165
o1yn5kdq,kjpnz7kx,m1z8ox10,9kvnoned,None,15
o1yn5kdq,kjpnz7kx,m1m89xd2,q258xxv2,None,10
o1yn5kdq,kjpnz7kx,m1mxx362,w203xeo2,None,25
o1yn5kdq,kjpnz7kx,m1m89xd2,xd115qwd,None,3
o1yn5kdq,kjpnz7kx,m1z8ox10,ndxn4j5k,None,74
o1yn5kdq,kjpnz7kx,m1mxx362,zdnq06nd,xd1052q9,16
o1yn5kdq,kjpnz7kx,o1ymwk1q,7kjrxx42,None,714
o1yn5kdq,kjpnz7kx,9d3r20wd,9d8xo832,None,34
o1yn5kdq,kjpnz7kx,9d3r20wd,9d8xo832,None,10
o1yn5kdq,kjpnz7kx,9d3r20wd,9d8xo832,None,121
o1yn5kdq,kjpnz7kx,y65x541e,rklel182,None,55
o1yn5kdq,kjpnz7kx,pd05vw1e,xd15qr28,None,14
o1yn5kdq,kjpnz7kx,pdvznzr6,824r35md,None,58
o1yn5kdq,kjpnz7kx,o1yn5kdq,n2yqevmk,None,64
o1yn5kdq,18ql5qdj,o1yn5kdq,n2yqevmk,None,26
o1yn5kdq,18ql5qdj,4d74xld7,5dwpyynk,xd1jo25d,32
o1yn5kdq,18ql5qdj,4d74xld7,5dwpyynk,rdqz2xgd,5
o1yn5kdq,8gredgrx,j1llwz1g,9kvnmy3d,y9mmnz59,3
o1yn5kdq,8gredgrx,j1llwz1g,9d86ql2n,None,9
o1yn5kdq,8gredgrx,j1llwz1g,9kvnmy3d,ewp2l5k9,1
o1yn5kdq,8gredgrx,j1llwz1g,9kvnmy3d,5926ypod,1
o1yn5kdq,8gredgrx,j1llwz1g,9kvnmy3d,z98oxlpd,1
o1yn5kdq,8gredgrx,j1llwz1g,9kvnmy3d,rdnmyg79,1
o1yn5kdq,8gredgrx,o1yjq0v1,9d8yyqqk,None,1
o1yn5kdq,8gredgrx,4d795gn1,7dg0qw7k,None,1
o1yn5kdq,8gredgrx,j1llwz1g,9kvnmy3d,n93xr3z9,3
o1yn5kdq,8gredgrx,j1lqmxv6,824qqgmk,None,1
o1yn5kdq,8gredgrx,4d795gn1,7dg0qw7k,None,1
o1yn5kdq,8gredgrx,kdkmyoq1,ndxn0xok,None,1
o1yn5kdq,8gredgrx,4d795gn1,7dg0qw7k,None,1
o1yn5kdq,8gredgrx,kdkmvg21,mkex9lnd,None,6
o1yn5kdq,8gredgrx,pdvz4v6w,9kvmv3kg,None,51
o1yn5kdq,8gredgrx,j1llwz1g,9kvnmy3d,gdr0z7ld,1
o1yn5kdq,8gredgrx,3dxkkqp1,z27m0z02,None,1
o1yn5kdq,8gredgrx,m1zkk731,02q9x57k,None,1
o1yn5kdq,8gredgrx,3dxkkqp1,zdnzm0nd,None,1
o1yn5kdq,8gredgrx,3dxkkqp1,zdnzm4xd,None,2
o1yn5kdq,8gredgrx,m1zkk731,jdze4yrd,None,1
o1yn5kdq,8gredgrx,3dxkkrg1,z27mzxg2,None,9
o1yn5kdq,8gredgrx,9dow0go1,jdz6eqx2,None,4
o1yn5kdq,8gredgrx,o1y9pyk6,mke9xe9d,5d7e0vvw,240
o1yn5kdq,8gredgrx,j1n88ww1,xk9pz3gd,None,4
o1yn5kdq,8gredgrx,3dxkkqp1,zdnzm4xd,None,2
o1yn5kdq,8gredgrx,m1zkk731,q25xpyjk,None,2
o1yn5kdq,8gredgrx,o1yn5kdq,n2yqevmk,None,53
o1yn5kdq,8gredgrx,v1pooq46,jdz8wgrd,None,1
o1yn5kdq,8gredgrx,v1pooq46,jdrxl3nd,None,1
o1yn5kdq,8gredgrx,pdveg46w,ndx8owjk,None,1
o1yn5kdq,8gredgrx,y65y90de,9d8pz4wk,None,2
o1yn5kdq,8gredgrx,y65y90de,9kvp1o3k,None,3
o1yn5kdq,8r26d1wx,o1yn5kdq,7kjvog4k,None,12
o1yn5kdq,zxzz9vex,o1y9wo6q,7kjpp4k3,None,217
o1yn5kdq,zxzz9vex,pd0wq31e,n2y1y72o,None,90
o1yn5kdq,zxzz9vex,m1me9kd2,zd3l3ord,None,49
o1yn5kdq,zxzz9vex,y655v2e6,xk993zyk,None,6
o1yn5kdq,zxzz9vex,y658506e,jdz54exd,None,25
o1yn5kdq,zxzz9vex,l3dx51yv,wkpjpvkr,None,45
o1yn5kdq,zxzz9vex,l3dx51yv,ndxjyj2q,None,98
o1yn5kdq,zxzz9vex,xv1pzd8r,02qg807d,None,18
o1yn5kdq,zxzz9vex,y658506e,w201zg5k,None,2
o1yn5kdq,zxzz9vex,om1m3625,xd1em828,None,7
o1yn5kdq,zxzz9vex,9d3rk79d,jdz931g2,None,7
o1yn5kdq,zxzz9vex,v1po8976,7kj6zwg2,None,2
o1yn5kdq,zxzz9vex,v1po8976,7kj6zwg2,None,2
o1yn5kdq,zxzz9vex,y658506e,rklezor2,None,34
o1yn5kdq,zxzz9vex,j1nj096p,zdnrwgn2,None,8
o1yn5kdq,zxzz9vex,v1po8976,z2711eo2,None,2
o1yn5kdq,zxzz9vex,om1m3625,wdmz042q,None,45
o1yn5kdq,zxzz9vex,y658506e,mke5px9k,None,10
o1yn5kdq,zxzz9vex,369p7el1,zd3wng8k,None,24
o1yn5kdq,zxzz9vex,xv1pzd8r,vdo06odp,None,13
o1yn5kdq,zxzz9vex,y658506e,z277ew52,None,16
o1yn5kdq,zxzz9vex,y658506e,824pol32,None,13
o1yn5kdq,zxzz9vex,om1m3625,mke8vjk6,None,42
o1yn5kdq,zxzz9vex,o6ge5812,wkpyx40k,None,3
o1yn5kdq,zxzz9vex,o6ge5812,7dggjoxd,None,3
o1yn5kdq,zxzz9vex,y658506e,7dggem4d,None,28
o1yn5kdq,zxzz9vex,om1m3625,w20p0zkn,None,49
o1yn5kdq,zxzz9vex,y658506e,q254pxwd,None,9
o1yn5kdq,zxzz9vex,y658506e,9d8vq16k,None,31
o1yn5kdq,zxzz9vex,9dowkge1,9kvyw83k,None,22
o1yn5kdq,zxzz9vex,lder2l63,jdz5qv3d,None,66
o1yn5kdq,zxzz9vex,369p20l1,9d8xo532,None,4
o1yn5kdq,zxzz9vex,k6qew96g,7kjzy63d,None,180
o1yn5kdq,zxzz9vex,o6ge5812,9d8v0r6k,None,2
o1yn5kdq,zxzz9vex,y658506e,z2735nod,None,44
o1yn5kdq,zxzz9vex,y65x541e,rklel182,None,16
o1yn5kdq,zxzz9vex,9doye36p,7kjv3yxk,None,156
o1yn5kdq,zxzz9vex,kyd4gde4,xk9l5oyk,None,64
o1yn5kdq,zxzz9vex,4d74xld7,vdo9j1dp,None,28
o1yn5kdq,zxzz9vex,o1yn5kdq,n2yqevmk,None,7
o1yn5kdq,zxzz9vex,4d74xld7,n2y5jr1k,None,7
o1yn5kdq,zxzz9vex,yd4oz7k1,n2y30o7d,None,2
o1yn5kdq,zxzz9vex,4d74xld7,n2y5jr1k,None,20
o1yn5kdq,zxzz9vex,o1yn5kdq,7kjvog4k,None,5
o1yn5kdq,jmz04wex,76rxvov6,jdre84xk,None,95
o1yn5kdq,jmz04wex,76rxvov6,zd38r58k,None,12
o1yn5kdq,jmz04wex,o1yn5kdq,9d8n3nqd,None,3
o1yn5kdq,8qz7o708,o1yn5kdq,n2yqevmk,None,25
o1yn5kdq,xyr4m7vj,k6qgnmdg,n2yo3jzd,None,40
o1yn5kdq,xyr4m7vj,nd2v0510,wdm47x4d,None,4
o1yn5kdq,xyr4m7vj,3dxz7p1y,wkp54wdr,None,28
o1yn5kdq,xyr4m7vj,o1yn5kdq,n2yqevmk,None,47
o1yn5kdq,xyr4m7vj,o1y9zk26,w20vw6zk,None,207
o1yn5kdq,v81l035x,o1yn5kdq,n2yqevmk,None,33
o1yn5kdq,18v1m2y8,o1yn5kdq,n2yqevmk,None,59
o1yn5kdq,18v1m2y8,268zjk6p,jdr6lnd6,None,8
o1yn5kdq,x7m1e3vx,o1yn5kdq,wdmrrqxk,nwl12l09,3
o1yn5kdq,x7m1e3vx,o1yn5kdq,n2yqevmk,None,14
o1yn5kdq,x7m1e3vx,k6qw2706,5dw1rwlk,None,38
o1yn5kdq,x7m1e3vx,k6qw2706,5dw1rwlk,None,38
o1yn5kdq,xkmkgg2j,9dompm6p,wdm4vvxd,None,1
o1yn5kdq,xkmkgg2j,4d797vn1,jdz6gng2,None,1
o1yn5kdq,xkmkgg2j,o1yn5kdq,n2yqevmk,None,9
o1yn5kdq,xkmkgg2j,9dompm6p,ndxp5512,None,1
o1yn5kdq,jo27ew38,4d74xld7,vdorp6dp,None,8
o1yn5kdq,jo27ew38,4d74xld7,5dwpyynk,495ko749,1
o1yn5kdq,jo27ew38,4d74xld7,5dwpyynk,5d7ykoed,3
o1yn5kdq,jo27ew38,4d74xld7,5dwpyynk,rdqz2xgd,4
o1yn5kdq,jo27ew38,o1yn5kdq,wdmrrqxk,rdn8q0qd,9
o1yn5kdq,jo27ew38,4d74xld7,5dwpyynk,495ko749,3
o1yn5kdq,jo27ew38,4d74xld7,5dwpyynk,r9gy0v29,3
o1yn5kdq,jo27ew38,4d74xld7,n2y5jr1k,None,19
o1yn5kdq,jo27ew38,4d74xld7,5dwpyynk,ywe2k64w,1
o1yn5kdq,jo27ew38,4d74xld7,5dwpyynk,xd1jo25d,1
o1yn5kdq,x723p408,o1yn5kdq,n2yqevmk,None,44
o1yn5kdq,8g0nokyx,o1yn5kdq,7kjvog4k,None,3
o1yn5kdq,8g0nokyx,o1yn5kdq,n2yqevmk,None,41
o1yn5kdq,j9r17zrj,o1yn5kdq,wdmrrqxk,rdn8q0qd,3
o1yn5kdq,j9r17zrj,j1n8pq91,wdm5lwo2,None,12
o1yn5kdq,e8e3dkpj,o1yn5kdq,n2yqevmk,None,2
o1yn5kdq,e8e3dkpj,9d3mqy6l,jdr1ol52,None,3
o1yn5kdq,j527qgqj,o1yn5kdq,wdmrrqxk,rdn8q0qd,6
o1yn5kdq,j527qgqj,o1yn5kdq,n2yqevmk,None,31
o1yn5kdq,j527qgqj,4d73n317,z27lx14d,ewpegqj9,10
o1yn5kdq,j527qgqj,pdvzyv96,jdrolp5d,None,8
o1yn5kdq,j527qgqj,4d74xld7,n2y5jr1k,None,23
o1yn5kdq,j527qgqj,4d74xld7,5dwpyynk,495ko749,4
o1yn5kdq,j527qgqj,4d74xld7,5dwpyynk,5d7ykoed,4
o1yn5kdq,j527qgqj,4d74xld7,5dwpyynk,495ko749,9
o1yn5kdq,j527qgqj,4d74xld7,5dwpyynk,r9gy0v29,11
o1yn5kdq,j527qgqj,4d74xld7,5dwpyynk,rdqz2xgd,22
o1yn5kdq,j527qgqj,4d74xld7,5dwpyynk,xd1jo25d,28
o1yn5kdq,j527qgqj,4d74xld7,5dwpyynk,ywe2k64w,8
o1yn5kdq,j527qgqj,k6q5jz6g,02q8jnz2,None,11
o1yn5kdq,j527qgqj,pdvznzr6,824r35md,None,621
o1yn5kdq,j527qgqj,pdvzyv96,jdz6w5g2,None,6
o1yn5kdq,j527qgqj,k6q5jz6g,02q8opj2,None,47
o1yn5kdq,j527qgqj,4d73n317,n2yq968k,None,33
o1yn5kdq,j527qgqj,k6q5jz6g,wk6117qd,None,23
o1yn5kdq,j527qgqj,k6q5jz6g,wk6117qd,None,27
o1yn5kdq,j527qgqj,o1yn5kdq,wdmrrqxk,gdrlye6d,5
o1yn5kdq,j527qgqj,o1yn5kdq,7kjvog4k,None,13
o1yn5kdq,j527qgqj,o1yn5kdq,wdmrrqxk,ywegq1yd,4
o1yn5kdq,j527qgqj,o1yn5kdq,wdmrrqxk,nwl12l09,6
o1yn5kdq,j527qgqj,4d73n317,n2yq968k,None,84
o1yn5kdq,j527qgqj,m1mnjexd,9d8l57q2,None,15
o1yn5kdq,68wk7g48,o1yn5kdq,n2yqevmk,None,68
o1yn5kdq,zx7qmqv8,y65ql86e,wk6ppqod,None,20
o1yn5kdq,zx7qmqv8,xkdk8qdm,mndx4r2q,None,6
o1yn5kdq,zx7qmqv8,9d385g1l,n2y7472o,None,24
o1yn5kdq,zx7qmqv8,576rje18,lvdo8ykp,None,179
o1yn5kdq,zx7qmqv8,pdvzg846,q25qymg2,None,20
o1yn5kdq,zx7qmqv8,4pdvjodw,gq25gydo,None,23
o1yn5kdq,zx7qmqv8,8nd2wvd0,p7kjqnd3,None,85
o1yn5kdq,zx7qmqv8,576rje18,7wkp1gkr,None,301
o1yn5kdq,zx7qmqv8,576rje18,9kvxrv82,None,113
o1yn5kdq,zx7qmqv8,4pd02v1e,4xk9r4k0,None,105
o1yn5kdq,zx7qmqv8,9j1l9v1g,7wk6nq21,None,127
o1yn5kdq,zx7qmqv8,4pd02v1e,p7kj3n23,None,108
o1yn5kdq,zx7qmqv8,9dokge1p,zd3qonkn,None,12
o1yn5kdq,zx7qmqv8,9d385g1l,xk98yv20,None,24
o1yn5kdq,zx7qmqv8,9dokge1p,xd154828,None,17
o1yn5kdq,zx7qmqv8,pd0wg21e,zd365vdn,None,132
o1yn5kdq,zx7qmqv8,kdkgj21m,9kv63pe2,None,5
o1yn5kdq,zx7qmqv8,kdkgj21m,zd3o40ed,None,4
o1yn5kdq,zx7qmqv8,pdvzg846,02qlmmjk,None,2
o1yn5kdq,zx7qmqv8,9j1l9v1g,37dgn724,None,114
o1yn5kdq,zx7qmqv8,8nd2wvd0,xn2y3zdo,None,85
o1yn5kdq,zx7qmqv8,29d37g6l,gjdregk6,None,111
o1yn5kdq,zx7qmqv8,4pdv2k6w,5dwg3zlk,None,13
o1yn5kdq,zx7qmqv8,76royl68,824p4vm2,None,4
o1yn5kdq,zx7qmqv8,76royl68,jdz5zg3d,None,11
o1yn5kdq,zx7qmqv8,76royl68,zd30v58d,None,11
o1yn5kdq,zx7qmqv8,nd2ekq5d,5dw551ld,None,1
o1yn5kdq,zx7qmqv8,y654je8d,zdn810qd,None,22
o1yn5kdq,zx7qmqv8,kdkzlgdm,wk67rxd1,None,250
o1yn5kdq,zx7qmqv8,9d3kxw1l,7kjwl3d3,None,82
o1yn5kdq,zx7qmqv8,pdvzg846,q25qymg2,None,10
o1yn5kdq,zx7qmqv8,o1ymwk1q,ndx390od,None,130
o1yn5kdq,zx7qmqv8,v1pxjz68,n2y3r8do,None,269
o1yn5kdq,zx7qmqv8,nd2ekq5d,mkevg7x2,None,1
o1yn5kdq,zx7qmqv8,nd2ekq5d,5dw551ld,None,1
o1yn5kdq,zx7qmqv8,nd2ekq5d,zd38geyk,None,1
o1yn5kdq,zx7qmqv8,nd2ekq5d,zd38geyk,None,1
o1yn5kdq,zx7qmqv8,nd2ekq5d,zd38geyk,None,1
o1yn5kdq,zx7qmqv8,nd2ekq5d,zd38geyk,None,1
o1yn5kdq,zx7qmqv8,nd2ekq5d,5dw551ld,None,1
o1yn5kdq,zx7qmqv8,kyd4051e,jdz33g2v,None,3
o1yn5kdq,zx7qmqv8,8nd2rv60,mkev41j2,None,3
o1yn5kdq,zx7qmqv8,29d33gdl,nxd1v7d8,None,13
o1yn5kdq,zx7qmqv8,m1mnp4xd,q25910vk,None,1
o1yn5kdq,zx7qmqv8,nd2ernqd,mkerj1jd,None,2
o1yn5kdq,zx7qmqv8,8nd2rv60,zjdzw3dv,None,6
o1yn5kdq,zx7qmqv8,m1mnp4xd,zdn7ym9k,None,1
o1yn5kdq,zx7qmqv8,m1mnp4xd,q25910vk,None,1
o1yn5kdq,zx7qmqv8,m1m7pp12,9kvn60dg,None,13
o1yn5kdq,zx7qmqv8,46w0n91r,wdm4veed,None,141
o1yn5kdq,zx7qmqv8,4pd02v1e,xn2yozdo,None,95
o1yn5kdq,zx7qmqv8,9dokge1p,wkpne0dr,None,12
o1yn5kdq,zx7qmqv8,29d37g6l,r02qpjdy,None,100
o1yn5kdq,zx7qmqv8,m9doj36p,zjdz932v,None,2
o1yn5kdq,zx7qmqv8,m9doj36p,rklr95nk,None,3
o1yn5kdq,zx7qmqv8,m9doj36p,gjdrvg26,None,6
o1yn5kdq,zx7qmqv8,ok6qj9dg,mndx752q,None,3
o1yn5kdq,zx7qmqv8,946w971r,xw20g8kn,None,2
o1yn5kdq,zx7qmqv8,4pd04v6e,mkej9826,None,4
o1yn5kdq,zx7qmqv8,xv1pg718,mndx5rkq,None,158
o1yn5kdq,zx7qmqv8,xv1pg718,7wkp0w2r,None,52
o1yn5kdq,zx7qmqv8,xv1pg718,pmkel6d6,None,43
o1yn5kdq,zx7qmqv8,xv1pg718,xw20x52n,None,82
o1yn5kdq,zx7qmqv8,xv1pg718,xwdmvodq,None,69
o1yn5kdq,zx7qmqv8,xv1pg718,lvdoxvdp,None,52
o1yn5kdq,zx7qmqv8,x36950dl,zdn8gjqd,None,2
o1yn5kdq,zx7qmqv8,8m1z5z10,wz279od0,None,8
o1yn5kdq,zx7qmqv8,jy65041e,l8241m25,None,51
o1yn5kdq,zx7qmqv8,pd0wg21e,zd365vdn,None,246
o1yn5kdq,zx7qmqv8,o1y9wo6q,7dgrrxk4,None,319
o1yn5kdq,zx7qmqv8,pdv29k6w,vdo17y12,None,14
o1yn5kdq,zx7qmqv8,pdv29k6w,vdo17y12,None,20
o1yn5kdq,zx7qmqv8,x369701l,wz27r0d0,None,35
o1yn5kdq,zx7qmqv8,xv1pj718,prkllrkn,None,9
o1yn5kdq,zx7qmqv8,qw6jv76j,37dg47d4,None,29
o1yn5kdq,zx7qmqv8,29d3w01l,w9d846kn,None,225
o1yn5kdq,zx7qmqv8,lde3o7n6,jdrl6l5d,None,6
o1yn5kdq,zx7qmqv8,m1mnp4xd,jdr8ng5k,None,2
o1yn5kdq,zx7qmqv8,xkdkjq1m,prklvrdn,None,6
o1yn5kdq,zx7qmqv8,y65rxe1e,wdm94ekq,None,13
o1yn5kdq,zx7qmqv8,kyd4051e,jdz33g2v,None,1
o1yn5kdq,zx7qmqv8,y654z7de,wk6jzod1,None,20
o1yn5kdq,zx7qmqv8,om1m3j62,r02q3jky,None,3
o1yn5kdq,zx7qmqv8,xldezxd3,zd315e2n,None,2
o1yn5kdq,zx7qmqv8,xldezxd3,p7kj1nk3,None,13
o1yn5kdq,zx7qmqv8,76royl68,zd3y1yv2,None,3
o1yn5kdq,zx7qmqv8,yo1y026q,l9kv9o2g,None,3
o1yn5kdq,zx7qmqv8,yo1y026q,zdnrxq72,owo2ljod,2
o1yn5kdq,zx7qmqv8,yo1y026q,zd3w0nyk,None,2
o1yn5kdq,zx7qmqv8,kyd4051e,jdz33g2v,None,2
o1yn5kdq,zx7qmqv8,yo1y026q,9d8jlo7k,None,1
o1yn5kdq,zx7qmqv8,kdkzmlgd,wk6760ed,None,2
o1yn5kdq,zx7qmqv8,pdvzg846,q25qymg2,None,24
o1yn5kdq,zx7qmqv8,n4d70g17,l8240md5,None,5
o1yn5kdq,zx7qmqv8,n4d7pgd7,gq257ydo,None,79
o1yn5kdq,zx7qmqv8,9j1lov1g,gq25x8ko,None,9
o1yn5kdq,zx7qmqv8,4pd07v6e,l824lgd5,None,10
o1yn5kdq,zx7qmqv8,v1ppk418,xk90qryk,None,43
o1yn5kdq,zx7qmqv8,m1mnp4xd,jdr8ng5k,None,1
o1yn5kdq,zx7qmqv8,4pd04v6e,n2yjoz2o,None,31
o1yn5kdq,zx7qmqv8,om1mj412,9zdnjnkq,None,3
o1yn5kdq,zx7qmqv8,kyd4051e,xn2y7z2o,None,2
o1yn5kdq,zx7qmqv8,l3dxlpdy,xk9006k0,None,2
o1yn5kdq,zx7qmqv8,y657jede,w2015qvk,None,60
o1yn5kdq,zx7qmqv8,yo1y026q,w9d8332n,None,2
o1yn5kdq,zx7qmqv8,om1mj412,wz27q4k0,None,8
o1yn5kdq,zx7qmqv8,xkdkjq1m,l9kv7okg,None,15
o1yn5kdq,zx7qmqv8,kyd4051e,7wk6vqd1,None,5
o1yn5kdq,zx7qmqv8,m1mnp4xd,jdr8ng5k,None,1
o1yn5kdq,zx7qmqv8,m1mnp4xd,jdr8ng5k,None,1
o1yn5kdq,zx7qmqv8,ok6qj9dg,xw20v8kn,None,3
o1yn5kdq,zx7qmqv8,kdkzmlgd,wk6760ed,None,3
o1yn5kdq,zx7qmqv8,n4d7pgd7,9zdn1ekq,None,57
o1yn5kdq,zx7qmqv8,xv1pg718,37dg0pk4,None,56
o1yn5kdq,zx7qmqv8,pdvzg846,q25qymg2,None,37
o1yn5kdq,zx7qmqv8,o1y9wo6q,n2y55mko,None,649
o1yn5kdq,zx7qmqv8,o1ymwk1q,jdzn796d,None,79
o1yn5kdq,zx7qmqv8,yo1y026q,9d8jlo7k,None,2
o1yn5kdq,zx7qmqv8,m9dok31p,mndxp12q,None,38
o1yn5kdq,zx7qmqv8,m1mm8p12,ndx69vdq,None,5
o1yn5kdq,zx7qmqv8,nd2ekq5d,5dw551ld,None,2
o1yn5kdq,zx7qmqv8,pdv58k6w,xd1rvgrk,None,8
o1yn5kdq,zx7qmqv8,4pd04v6e,n2yjoz2o,None,2
o1yn5kdq,zx7qmqv8,yo1yq2dq,l9kvoo2g,None,67
o1yn5kdq,zx7qmqv8,yo1y026q,zdnrxq72,xd156mew,4
o1yn5kdq,zx7qmqv8,yo1y026q,zdnrxq72,5d73l1g9,4
o1yn5kdq,zx7qmqv8,yo1y026q,zdnrxq72,rdq1g8k9,4
o1yn5kdq,zx7qmqv8,yo1y026q,zdnrxq72,4958y209,3
o1yn5kdq,zx7qmqv8,yo1y026q,zdnrxq72,4958y209,2
o1yn5kdq,zx7qmqv8,yo1y026q,zdnrxq72,4958y209,2
o1yn5kdq,zx7qmqv8,yo1y026q,zdnrxq72,o9xlkg09,4
o1yn5kdq,zx7qmqv8,yo1y026q,zdnrxq72,69z4x5lw,4
o1yn5kdq,zx7qmqv8,yo1y026q,zdnrxq72,ywe8nyyw,6
o1yn5kdq,zx7qmqv8,yo1y026q,zdnrxq72,nwl7n509,2
o1yn5kdq,zx7qmqv8,yo1y026q,zdnrxq72,nwl7n509,3
o1yn5kdq,zx7qmqv8,yo1y026q,zdnrxq72,nwl7n509,2
o1yn5kdq,zx7qmqv8,yo1y026q,zdnrxq72,gdrqgn69,4
o1yn5kdq,zx7qmqv8,yo1y026q,zdnrxq72,ldypjxkd,3
o1yn5kdq,zx7qmqv8,yo1y026q,zdnrxq72,rdnpr7q9,4
o1yn5kdq,zx7qmqv8,yo1y026q,zdnrxq72,z988e3g9,4
o1yn5kdq,zx7qmqv8,yo1y026q,zdnrxq72,z988e3g9,3
o1yn5kdq,zx7qmqv8,yo1y026q,zdnrxq72,z988e3g9,3
o1yn5kdq,zx7qmqv8,yo1y026q,zdnrxq72,n93g81nd,4
o1yn5kdq,zx7qmqv8,yo1y026q,zdnrxq72,rw6nr1rd,4
o1yn5kdq,zx7qmqv8,yo1y026q,zdnrxq72,xd07l1xw,5
o1yn5kdq,zx7qmqv8,yo1y026q,zdnrxq72,xd43n129,3
o1yn5kdq,zx7qmqv8,yo1y026q,zdnrxq72,xd43n129,3
o1yn5kdq,zx7qmqv8,yo1y026q,zdnrxq72,xd43n129,3
o1yn5kdq,zx7qmqv8,v1p0x468,rklepn62,None,14
o1yn5kdq,zx7qmqv8,9d3z401l,xd13xlzk,None,4
o1yn5kdq,zx7qmqv8,o1yn5kdq,n2yqevmk,None,71
o1yn5kdq,zx7qmqv8,v1pom8m6,82466pwd,None,4
o1yn5kdq,zx7qmqv8,v1pom8m6,jdz84yvd,29v77719,2
o1yn5kdq,zx7qmqv8,4d7ygrd7,xk9j1m4d,None,6
o1yn5kdq,zx7qmqv8,9d37w96l,9kvq48dg,None,3
o1yn5kdq,zx7qmqv8,lde5vjd3,7kjz5egd,None,17
o1yn5kdq,zx7qmqv8,9d37w96l,zd3v3v2n,None,5
o1yn5kdq,zx7qmqv8,pdvxov1w,vdoqlv1k,None,2
o1yn5kdq,zx7qmqv8,y657jede,ndxp0312,None,105
o1yn5kdq,zx7qmqv8,y657jede,w2015qvk,None,51
o1yn5kdq,zx7qmqv8,y657jede,wdm475xd,None,63
o1yn5kdq,zx7qmqv8,y657jede,wkpql9vd,None,15
o1yn5kdq,zx7qmqv8,ok6qj9dg,xwdml5kq,None,3
o1yn5kdq,zx7qmqv8,pdv5gr6w,xk9lwp6k,None,15
o1yn5kdq,zx7qmqv8,pdv5gr6w,02qjv57d,None,4
o1yn5kdq,zx7qmqv8,pdv5gr6w,jdrq7rgk,None,6
o1yn5kdq,zx7qmqv8,pdv5gr6w,824p0we2,None,5
o1yn5kdq,zx7qmqv8,pdv5gr6w,xd1mv0zd,None,4
o1yn5kdq,zx7qmqv8,pdv5gr6w,9d8v3rwk,None,4
o1yn5kdq,zx7qmqv8,nd2vyr10,jdzpregk,None,1
o1yn5kdq,zx7qmqv8,kyd4051e,z27g3z20,owo77j96,1
o1yn5kdq,zx7qmqv8,268pjodp,w20pzjzk,None,34
o1yn5kdq,zx7qmqv8,kyd4051e,z27g3z20,r9gyyj92,5
o1yn5kdq,zx7qmqv8,kyd4051e,z27g3z20,rw6qqpd7,3
o1yn5kdq,zx7qmqv8,kyd4051e,z27g3z20,r9gyyj92,5
o1yn5kdq,zx7qmqv8,l3dxlpdy,gjdr5nk6,None,3
o1yn5kdq,zx7qmqv8,j1lexz6g,824mlxe2,None,2
o1yn5kdq,zx7qmqv8,m1zkqz10,zdn19xkq,None,5
o1yn5kdq,xyokdyzj,o1yn5kdq,9d8n3nwd,None,1
o1yn5kdq,xyokdyzj,o1yn5kdq,n2yqevmk,None,1
o1yn5kdq,8v2okonj,o1yn5kdq,n2yqevmk,None,42
o1yn5kdq,8wlg204j,4d74xld7,vdo9j1dp,None,24
o1yn5kdq,8wlg204j,o1yn5kdq,9d8n3nwd,None,4
o1yn5kdq,8wlg204j,o1yn5kdq,824909ed,None,3
o1yn5kdq,8wlg204j,o1yn5kdq,xd1qvgw2,gdrlye6d,2
o1yn5kdq,8wlg204j,o1yn5kdq,xd1qvgw2,rdn8q0qd,2
o1yn5kdq,8wlg204j,o1yn5kdq,wdmrrqxk,ywegq1yd,3
o1yn5kdq,8wlg204j,o1yn5kdq,wdmrrqxk,gdrlye6d,3
o1yn5kdq,8wlg204j,nd28k2ed,7dgxre4k,None,3
o1yn5kdq,8wlg204j,o1yn5kdq,n2yqevmk,None,20
o1yn5kdq,8wlg204j,nd28k2ed,mkevzp92,None,4
o1yn5kdq,8wlg204j,ldelvl63,824rrjgd,None,26
o1yn5kdq,8wlg204j,nd28k2ed,7dgxre4k,None,3
o1yn5kdq,8wlg204j,369nl3dl,w20w7xjd,None,1
o1yn5kdq,8wlg204j,nd28k2ed,vdozovok,None,6
o1yn5kdq,8wlg204j,ldelvl63,xd17744d,None,156
o1yn5kdq,8wlg204j,369nl3dl,ndxm65o2,None,1
o1yn5kdq,8wlg204j,369nl3dl,ndxm65o2,None,1
o1yn5kdq,8wlg204j,ldelvl63,xd17744d,None,7
o1yn5kdq,xz11eo4j,o1yn5kdq,9d8n3nwd,None,5
o1yn5kdq,xz11eo4j,o1yn5kdq,n2yqevmk,None,22
o1yn5kdq,j26yw5px,o1yn5kdq,n2yqevmk,None,34
o1yn5kdq,xyl05lvj,o1yn5kdq,n2yqevmk,None,73
o1yn5kdq,j26ewg7x,y658506e,z277em52,None,14
o1yn5kdq,j26ewg7x,o1y9wo6q,n2y55mko,None,2982
o1yn5kdq,j26ewg7x,k6qw7z06,7dg7l94d,None,2
o1yn5kdq,j26ewg7x,k6qw7z06,7dg7l94d,None,1
o1yn5kdq,j26ewg7x,m1mn9v4d,jdr85rgk,None,1
o1yn5kdq,j26ewg7x,m1mn9v4d,jdzoml32,None,2
o1yn5kdq,j26ewg7x,ldejpze1,q259xrvk,None,1
o1yn5kdq,j26ewg7x,y658506e,rklezor2,None,34
o1yn5kdq,j26ewg7x,k6qw7z06,rklz4qw2,None,1
o1yn5kdq,j26ewg7x,m1mn9v4d,q259nxyk,None,1
o1yn5kdq,j26ewg7x,om1m3625,xd1em828,None,44
o1yn5kdq,j26ewg7x,m1zkqq01,02q4059d,None,2
o1yn5kdq,j26ewg7x,9d3rk79d,jdz931g2,None,24
o1yn5kdq,j26ewg7x,9d38exe1,wdmr4jxk,None,3
o1yn5kdq,j26ewg7x,o1yn5kdq,n2yqevmk,None,23
o1yn5kdq,j26ewg7x,xv1pzd8r,vdo06odp,None,131
o1yn5kdq,j26ewg7x,om1m3625,w20p0zkn,None,103
o1yn5kdq,j26ewg7x,o1yn5kdq,xd1qvgw2,nwl12l09,2
o1yn5kdq,j26ewg7x,9d38exe1,w20n1ovd,None,7
o1yn5kdq,j26ewg7x,om1m3625,wdmz042q,None,176
o1yn5kdq,j26ewg7x,j1n8kyl1,7kjlx8g2,None,3
o1yn5kdq,j26ewg7x,j1n8kyl1,zd35gvyk,None,1
o1yn5kdq,j26ewg7x,y658506e,z2735nod,None,47
o1yn5kdq,j26ewg7x,m1zkqq01,n2yvzom2,None,2
o1yn5kdq,j26ewg7x,o1yn5kdq,wdmrrqxk,nwl12l09,1
o1yn5kdq,j26ewg7x,m1zkqq01,02q4059d,None,1
o1yn5kdq,j26ewg7x,m1zkqq01,02q4059d,None,3
o1yn5kdq,j26ewg7x,m1zkqq01,02q4059d,None,4
o1yn5kdq,j26ewg7x,y658506e,mke5px9k,None,94
o1yn5kdq,8r2r2l3x,m9dok1pr,pmker8d6,None,138
o1yn5kdq,8r2r2l3x,o1y9wo6q,7dgrrxk4,None,799
o1yn5kdq,8r2r2l3x,o1y9wo6q,wkpoo02r,None,306
o1yn5kdq,8r2r2l3x,o1yn5kdq,n2yqevmk,None,65
o1yn5kdq,8r2r2l3x,o1y9yr6q,zd306qvd,None,11
o1yn5kdq,8r2r2l3x,o1y9wo6q,n2y55mko,None,1665
o1yn5kdq,8d41ygg8,o1yn5kdq,n2yqevmk,None,50
o1yn5kdq,810ymw3x,j1ne7ww1,q25qqrw2,None,33
o1yn5kdq,810ymw3x,j1ne7ww1,7kjppmgk,None,30
o1yn5kdq,810ymw3x,j1ne7ww1,7kjppmgk,None,30
o1yn5kdq,810ymw3x,j1ne7ww1,n2y53wek,None,16
o1yn5kdq,810ymw3x,o1yn5kdq,9d8n3nqd,None,1
o1yn5kdq,810ymw3x,pdveg46w,ndx8owjk,None,108
o1yn5kdq,xkomk3k8,nd285g3d,jdz057r2,None,3
o1yn5kdq,xkomk3k8,nd285g3d,jdr6pend,None,3
o1yn5kdq,xkomk3k8,nd285g3d,824ep1ek,None,7
o1yn5kdq,xkomk3k8,yd4ovvg1,w20gmyzk,None,2
o1yn5kdq,xkomk3k8,4d7nkvn6,9kvqmq3d,None,5
o1yn5kdq,xkomk3k8,9d38ko91,9kvnjo3d,None,9
o1yn5kdq,xkomk3k8,yd4ovvg1,ndx9l1jd,None,5
o1yn5kdq,xkomk3k8,yd4ovvg1,ndx9l1jd,None,33
o1yn5kdq,xkomk3k8,k6qgnmdg,mke4vq82,ldy335j9,6
o1yn5kdq,xkomk3k8,yd4ovvg1,9d849y7k,None,6
o1yn5kdq,xkomk3k8,v1po7r76,rklr19wk,None,7
o1yn5kdq,xkomk3k8,k6qnom6g,wkpylnvk,None,2
o1yn5kdq,xkomk3k8,w6j7e546,xk9wo942,None,4
o1yn5kdq,xkomk3k8,yd4ovvg1,9kv7jyok,None,12
o1yn5kdq,xkomk3k8,76r3o2e6,ndxnqqvk,kwjjqnzw,1
o1yn5kdq,xkomk3k8,76r3o2e6,ndxnqqvk,5d75movw,1
o1yn5kdq,xkomk3k8,76r3o2e6,ndxnqqvk,gdrl35zd,1
o1yn5kdq,xkomk3k8,76r3o2e6,ndxnqqvk,xd0y554w,4
o1yn5kdq,xkomk3k8,yd4ovvg1,9kv7jy8k,z98m63lw,6
o1yn5kdq,xkomk3k8,o1y9glv6,zd3o18nd,None,14
o1yn5kdq,xkomk3k8,yd4ovvg1,w20gmyzk,None,16
o1yn5kdq,xkomk3k8,369xeg6l,wk6jy4ed,None,8
o1yn5kdq,xkomk3k8,w6jl8j5d,xd1g38rd,None,6
o1yn5kdq,xkomk3k8,3dx24841,wkpn3mwd,kwjjee7w,3
o1yn5kdq,xkomk3k8,yd4ovvg1,9kv7jy8k,z98m63lw,3
o1yn5kdq,xkomk3k8,nd285g3d,n2ynv8ek,None,3
o1yn5kdq,xkomk3k8,9d38ko91,9d8ywmwk,None,5
o1yn5kdq,xkomk3k8,yd4ovvg1,ndx9l1jd,None,17
o1yn5kdq,xkomk3k8,v1po7r76,824jz9m2,None,6
o1yn5kdq,xkomk3k8,w6jl725d,z276y7od,None,56
o1yn5kdq,xkomk3k8,v1po7r76,rklr19wk,None,4
o1yn5kdq,xkomk3k8,yd4ovvg1,9kv7jyok,None,31
o1yn5kdq,xkomk3k8,v1po7r76,rklr19wk,None,9
o1yn5kdq,xkomk3k8,o1y9xoo6,02qvz3zd,None,10
o1yn5kdq,xkomk3k8,yd4ovvg1,zdn07092,None,4
o1yn5kdq,xkomk3k8,yd4ovvg1,w20gmyzk,None,25
o1yn5kdq,xkomk3k8,o1y9glv6,824lr33d,None,24
o1yn5kdq,xkomk3k8,o1yn5kdq,7kjvog4k,None,14
o1yn5kdq,xkomk3k8,v1po7r76,mkeqn79k,xd130359,7
o1yn5kdq,xkomk3k8,k6qgnmdg,7dg9n7lk,None,190
o1yn5kdq,xkomk3k8,76r43l18,w20wryod,None,822
o1yn5kdq,xkomk3k8,y654oj0d,vdo3e69d,None,25
o1yn5kdq,xkomk3k8,yd4ovvg1,w20gmyzk,None,20
o1yn5kdq,xkomk3k8,o1y9xoo6,82404g3d,None,30
o1yn5kdq,xkomk3k8,k6qgnmdg,7dg9n7lk,None,215
o1yn5kdq,xkomk3k8,v1po47m6,w20xp9v2,None,19
o1yn5kdq,xkomk3k8,k6qgnmdg,mke4vq82,gdre30e9,12
o1yn5kdq,xkomk3k8,yd4ovvg1,mke4xy62,z98m63lw,11
o1yn5kdq,xkomk3k8,k6qgnmdg,mke4vq82,rw6qjjpd,13
o1yn5kdq,xkomk3k8,k6qgnmdg,mke4vq82,ldyyzrpd,11
o1yn5kdq,xkomk3k8,k6qgnmdg,mke4vq82,z98r1yrd,10
o1yn5kdq,xkomk3k8,yd4ovvg1,9kv7jyok,None,23
o1yn5kdq,xkomk3k8,yd4ovvg1,mke4xy62,y9myz2z9,6
o1yn5kdq,xkomk3k8,k6qgnmdg,mke4vq82,xd0kzzm9,17
o1yn5kdq,xkomk3k8,k6qgnmdg,mke4vq82,29vmooq9,12
o1yn5kdq,xkomk3k8,k6qgnmdg,mke4vq82,n93q6v2w,14
o1yn5kdq,xkomk3k8,k6qgnmdg,mke4vq82,r9gxek5w,6
o1yn5kdq,xkomk3k8,76rxlve6,vdo3vzod,None,6
o1yn5kdq,xkomk3k8,o6glxod2,7kjz6nd3,None,179
o1yn5kdq,xkomk3k8,yd4ovvg1,9d849y7k,None,16
o1yn5kdq,xkomk3k8,yd4ovvg1,9kv7jy8k,y9myz2z9,10
o1yn5kdq,xkomk3k8,yd4ovvg1,9kv7jy8k,y9myz2z9,18
o1yn5kdq,xkomk3k8,pd0wx9w1,zd36l5rd,None,1390
o1yn5kdq,xkomk3k8,v1po7r76,mkeqn79k,kwj8yv79,38
o1yn5kdq,xkomk3k8,v1po7r76,mkeqn79k,xd130359,93
o1yn5kdq,xkomk3k8,k6qgnmdg,mke4vq82,r9g3mp5w,12
o1yn5kdq,xkomk3k8,k6qgnmdg,mke4vq82,xd40qqq9,18
o1yn5kdq,xkomk3k8,v1po7r76,9kv9nz32,xd130359,29
o1yn5kdq,j519g1w8,o1yn5kdq,824909ed,None,2
o1yn5kdq,j519g1w8,j1n29w1p,w20pel5k,None,24
o1yn5kdq,j519g1w8,j1n29w1p,zdnr7wx2,None,33
o1yn5kdq,j519g1w8,76rkv4d8,zd3w0gyk,None,15
o1yn5kdq,j519g1w8,j1n8glw1,rkl54w82,n93x8p29,3
o1yn5kdq,j519g1w8,j1n8glw1,rkl54w82,z98oe0rd,2
o1yn5kdq,j519g1w8,76rkv4d8,zd3w0gyk,None,27
o1yn5kdq,j519g1w8,j1n8glw1,rkl54w82,rdnmrv59,2
o1yn5kdq,j519g1w8,76rkv4d8,zdnq68qd,None,31
o1yn5kdq,j519g1w8,yd4ojyk1,7dg0ellk,xd4remr9,21
o1yn5kdq,j519g1w8,o1yn5kdq,wdmrrqxk,rdn8q0qd,4
o1yn5kdq,j519g1w8,76rkv4d8,zd3w0gyk,None,54
o1yn5kdq,j519g1w8,o1yn5kdq,n2yqevmk,None,30
o1yn5kdq,j519g1w8,pd0w0xv1,z27worok,None,2
o1yn5kdq,j519g1w8,pd0w0xv1,w20qww5d,None,3
o1yn5kdq,j519g1w8,o1yn5kdq,7kjvog4k,None,8
o1yn5kdq,pj03m79j,o1y9j9v6,7dgr144k,ywe5zq7w,1022
o1yn5kdq,pj03m79j,o1yn5kdq,n2yqevmk,None,18
o1yn5kdq,qxk9qvm8,o1yn5kdq,7kjvog4k,None,4
o1yn5kdq,v81ng2qj,o1y9pyk6,n2y9g8ed,None,7
o1yn5kdq,v81ng2qj,o1y9pyk6,7kj63r42,None,9
o1yn5kdq,v81ng2qj,o1y9pyk6,8249v5nd,None,1
o1yn5kdq,v81ng2qj,o1y9pyk6,mke9xe9d,5d7e0vvw,4
o1yn5kdq,v81ng2qj,o1y9pyk6,wdmr0lek,None,1
o1yn5kdq,v81ng2qj,o1y9pyk6,q25ewmv2,None,4
o1yn5kdq,v81ng2qj,o1y9pyk6,wdmr0lek,None,2
o1yn5kdq,v81ng2qj,o1y9pyk6,q25ewmv2,None,1
o1yn5kdq,v81ng2qj,o1y9pyk6,wdmr0lek,None,1
o1yn5kdq,v81ng2qj,o1y9pyk6,7kj63r42,None,4
o1yn5kdq,v81ng2qj,o1y9pyk6,7kj63r42,None,11
o1yn5kdq,v81ng2qj,o1y9pyk6,mke9xe9d,5d7e0vvw,1
o1yn5kdq,v81ng2qj,o1y9pyk6,5dw410gk,5d7e0vvw,1
o1yn5kdq,v81ng2qj,o1y9pyk6,wk6nwme2,5d7e0vvw,1
o1yn5kdq,v81ng2qj,o1y9pyk6,5dw410gk,5d7e0vvw,1
o1yn5kdq,v81ng2qj,o1y9pyk6,wdmr0lek,None,1
o1yn5kdq,v81ng2qj,o1y9pyk6,7kj63r42,None,8
o1yn5kdq,v81ng2qj,o1y9pyk6,mke9xe9d,ldyrq3r9,1
o1yn5kdq,v81ng2qj,o1y9pyk6,wdmr0lek,None,1
o1yn5kdq,v81ng2qj,o1y9pyk6,mke9xe9d,5d7e0vvw,9
o1yn5kdq,v81ng2qj,o1y9pyk6,mke9xe9d,5d7e0vvw,1
o1yn5kdq,v81ng2qj,46w3jl1r,zdnxmxq2,None,33
o1yn5kdq,v81ng2qj,pd0wq31e,n2y1y72o,None,1039
o1yn5kdq,v81ng2qj,o1y9pyk6,mke9xe9d,5d7e0vvw,1
o1yn5kdq,v81ng2qj,576rp418,7kjq9o4d,None,20
o1yn5kdq,v81ng2qj,576rp418,ndx1l8o2,None,14
o1yn5kdq,v81ng2qj,l3dx51yv,rklxwwkn,None,268
o1yn5kdq,v81ng2qj,46w3jl1r,z27lplgd,None,44
o1yn5kdq,v81ng2qj,o1y9pyk6,5dw410gk,5d7e0vvw,1
o1yn5kdq,v81ng2qj,l3dx51yv,ndxjyj2q,None,341
o1yn5kdq,v81ng2qj,kyd4gde4,z27750g2,None,29
o1yn5kdq,v81ng2qj,576rp418,vdo3yx1d,None,16
o1yn5kdq,v81ng2qj,om1m3625,mke8vjk6,None,126
o1yn5kdq,v81ng2qj,kyd4gde4,xk9l5oyk,None,63
o1yn5kdq,v81ng2qj,xv1pzd8r,vdo06odp,None,123
o1yn5kdq,v81ng2qj,o1y9pyk6,5dw410gk,5d7e0vvw,2
o1yn5kdq,v81ng2qj,o1y9pyk6,5dw410gk,5d7e0vvw,1
o1yn5kdq,v81ng2qj,3dxzqv1y,7kjg74k3,None,42
o1yn5kdq,v81ng2qj,o1y9pyk6,mke9xe9d,5d7e0vvw,1
o1yn5kdq,v81ng2qj,k6q4v80d,7kj8654d,None,2
o1yn5kdq,v81ng2qj,o1y9pyk6,5dw410gk,5d7e0vvw,14
o1yn5kdq,v81ng2qj,576rp418,w20ymzjk,None,11
o1yn5kdq,v81ng2qj,kdkzj52d,rkljvjrd,None,4
o1yn5kdq,v81ng2qj,m1mp9312,824p76g2,None,1
o1yn5kdq,v81ng2qj,3dxzqv1y,n2y59gmk,None,52
o1yn5kdq,v81ng2qj,kdkzj52d,9kvy7yok,None,5
o1yn5kdq,v81ng2qj,l3dxny1y,7dggxpd4,None,59
o1yn5kdq,v81ng2qj,pd0oo3de,jdrxqxgd,None,20
o1yn5kdq,v81ng2qj,kdkzj52d,zd378782,None,14
o1yn5kdq,v81ng2qj,k6q4v80d,xk9evy62,None,2
o1yn5kdq,v81ng2qj,v1pgyz18,vdoevokp,None,156
o1yn5kdq,v81ng2qj,k6q4v80d,xk9evy62,None,2
o1yn5kdq,v81ng2qj,369pxvg1,xk9v8vyd,None,90
o1yn5kdq,v81ng2qj,v1pgyz18,wdmp14dq,None,90
o1yn5kdq,v81ng2qj,o1y9pyk6,mke9xe9d,5d7e0vvw,6
o1yn5kdq,v81ng2qj,m1mxoj62,02q8py2y,None,153
o1yn5kdq,v81ng2qj,v1pgyz18,w2094z2n,None,1
o1yn5kdq,v81ng2qj,l3dxny1y,wkpy9wkr,None,77
o1yn5kdq,v81ng2qj,369pxvg1,xk9v8vyd,None,100
o1yn5kdq,v81ng2qj,o1y9pyk6,mke9xe9d,5d7e0vvw,1
o1yn5kdq,v81ng2qj,om1mkxd2,rklg9ndn,None,77
o1yn5kdq,v81ng2qj,k6q4v80d,n2y9g4md,None,2
o1yn5kdq,v81ng2qj,k6q4v80d,7kj8654d,None,2
o1yn5kdq,v81ng2qj,o1y9pyk6,mke9xe9d,5d7e0vvw,13
o1yn5kdq,v81ng2qj,k6q4v80d,n2y9g4md,None,2
o1yn5kdq,v81ng2qj,4d7eog67,02qgj07d,None,65
o1yn5kdq,v81ng2qj,3dxzqv1y,ndxm4xo2,None,88
o1yn5kdq,v81ng2qj,3dxzqv1y,9d84wrlk,None,11
o1yn5kdq,v81ng2qj,pd0jev6e,xk9l1rvk,None,17
o1yn5kdq,v81ng2qj,om1m3625,wdmz042q,None,192
o1yn5kdq,v81ng2qj,9d30rgdl,wdm4q0xd,None,1
o1yn5kdq,v81ng2qj,y658506e,rklezor2,None,191
o1yn5kdq,v81ng2qj,369pxvg1,xk9v8vyd,None,1
o1yn5kdq,v81ng2qj,76rmo418,vdo4yw92,None,51
o1yn5kdq,v81ng2qj,om1m3625,w20p0zkn,None,561
o1yn5kdq,v81ng2qj,j1ljgedg,5dwjmwgk,None,32
o1yn5kdq,v81ng2qj,om1m3625,5dwv95kg,None,82
o1yn5kdq,v81ng2qj,om1m3625,xd1em828,None,108
o1yn5kdq,v81ng2qj,j1npme6p,mkeyl926,None,687
o1yn5kdq,v81ng2qj,46w3jl1r,z27lplgd,None,21
o1yn5kdq,v81ng2qj,o1yn5kdq,n2yqevmk,None,38
o1yn5kdq,jo2ymyl8,o1yn5kdq,n2yqevmk,None,49
o1yn5kdq,o8634op8,m1mgxp12,wkpyye8k,None,93
o1yn5kdq,o8634op8,yd4jl5de,7kjr4mx2,None,74
o1yn5kdq,o8634op8,o1y95p26,ndxexgvk,None,16
o1yn5kdq,o8634op8,o1yn5kdq,n2yqevmk,None,60
o1yn5kdq,o8634op8,o1yn5kdq,7kjvog4k,None,11
o1yn5kdq,o8634op8,46w3ln1r,7kjzlxd3,None,213
o1yn5kdq,o8634op8,yd4jl5de,vdo4gwv2,None,68
o1yn5kdq,o8634op8,9d3rr0dl,n2y180m2,None,753
o1yn5kdq,j9royowj,o1y9wo6q,n2y55mko,None,3612
o1yn5kdq,j9royowj,om1m3625,mke8vjk6,None,35
o1yn5kdq,j9royowj,y658506e,5dwpe1gk,None,10
o1yn5kdq,j9royowj,k6qw7j06,z2790v0d,None,1
o1yn5kdq,j9royowj,k6qw7z06,rklz4qw2,None,2
o1yn5kdq,j9royowj,9d38exe1,wdmr4jxk,None,1
o1yn5kdq,j9royowj,k6qw7j06,n2ympnz2,None,1
o1yn5kdq,j9royowj,9d3rk79d,jdz931g2,None,21
o1yn5kdq,j9royowj,9d38exe1,w20n1ovd,None,5
o1yn5kdq,j9royowj,y658506e,7dggem4d,None,25
o1yn5kdq,j9royowj,xv1pzd8r,vdo06odp,None,117
o1yn5kdq,j9royowj,y658506e,rklezor2,None,57
o1yn5kdq,j9royowj,m1mn9v4d,q259nxyk,None,3
o1yn5kdq,j9royowj,m1mn9v4d,jdzoml32,None,1
o1yn5kdq,j9royowj,ldejpze1,9d8n8zld,None,1
o1yn5kdq,j9royowj,ldejpze1,7dg74ygd,None,1
o1yn5kdq,j9royowj,ldejpze1,9kvl3132,None,1
o1yn5kdq,j9royowj,y658506e,wkpo99g2,None,25
o1yn5kdq,j9royowj,y658506e,n2y16ve2,None,20
o1yn5kdq,j9royowj,ldejpze1,wkprmnj2,None,1
o1yn5kdq,j9royowj,om1m3625,wdmz042q,None,133
o1yn5kdq,j9royowj,om1m3625,w20p0zkn,None,103
o1yn5kdq,j9royowj,o1yn5kdq,n2yqevmk,None,28
o1yn5kdq,j9royowj,o1yn5kdq,wdmrrqxk,rdn8q0qd,5
o1yn5kdq,j9royowj,ldejpze1,q259xrvk,None,2
o1yn5kdq,j9royowj,ldejpze1,zdn7zqek,None,2
o1yn5kdq,j9royowj,w6j7wq76,wk64y7rd,None,5
o1yn5kdq,j9royowj,w6j7wq76,7kj7vxxk,None,3
o1yn5kdq,j9royowj,w6j7wq76,zdn7qmqk,rw66qjgw,3
o1yn5kdq,j9royowj,w6j7wq76,xk99lyyk,None,1
o1yn5kdq,j9royowj,w6j7wq76,z2797pgd,None,2
o1yn5kdq,j9royowj,y658506e,z2735nod,None,33
o1yn5kdq,j9royowj,y658506e,mke5px9k,None,69
o1yn5kdq,j9royowj,om1m3625,xd1em828,None,61
o1yn5kdq,j9royowj,om1m3625,xd1em828,None,61
o1yn5kdq,j9royowj,y658506e,824pol32,None,48
o1yn5kdq,j9royowj,y658506e,9d8vq16k,None,6
o1yn5kdq,j9royowj,y658506e,wk613yxd,None,17
o1yn5kdq,j9royowj,y658506e,zd3qy98k,None,11
o1yn5kdq,j9royowj,9d38exe1,zd3q8lvk,None,3
o1yn5kdq,j9royowj,m1zkqq01,02q4059d,None,1
o1yn5kdq,j9royowj,m1zkqq01,n2yvzom2,None,5
o1yn5kdq,j9royowj,9d38exe1,zd3q8lvk,None,4
o1yn5kdq,j9royowj,m1zkqq01,02q4059d,None,4
o1yn5kdq,j9royowj,m1zkqq01,02q4059d,None,3
o1yn5kdq,j9royowj,m1zkqq01,02q4059d,None,4
o1yn5kdq,8qzge3o8,pd0wkk31,7dgxrjxk,None,5
o1yn5kdq,8qzge3o8,o1y9wo6q,7dgrrxk4,None,929
o1yn5kdq,8qzge3o8,o1yn5kdq,n2yqevmk,None,40
o1yn5kdq,o86lnlq8,9d3gg06l,q25qog82,None,6
o1yn5kdq,o86lnlq8,76r5v5d8,jdr1zex2,None,2
o1yn5kdq,o86lnlq8,76r5v5d8,q258y382,None,9
o1yn5kdq,o86lnlq8,yd4k856e,02ql19ky,None,104
o1yn5kdq,o86lnlq8,nd28gvd0,9kvyv3kg,None,328
o1yn5kdq,o86lnlq8,k6qzrx6g,5dwjjw5k,None,52
o1yn5kdq,o86lnlq8,o1yn5kdq,n2yqevmk,None,70
o1yn5kdq,o86lnlq8,pd0wkv31,jdrlw5ld,None,13
o1yn5kdq,o86lnlq8,k6qgomdg,zdnqwm9d,None,27
o1yn5kdq,o86lnlq8,pd0oo3de,jdrxqxgd,None,29
o1yn5kdq,o86lnlq8,v1pewzd8,rklj5ewd,None,6
o1yn5kdq,o86lnlq8,9d38pw1l,n2yo81do,None,37
o1yn5kdq,o86lnlq8,9d38pw1l,7kj3mz23,None,8
o1yn5kdq,o86lnlq8,j1ljgedg,5dwjmwgk,None,53
o1yn5kdq,o86lnlq8,lde2j5d3,vdo0p1od,None,5
o1yn5kdq,o86lnlq8,46w2l76r,02qg3wpd,None,121
o1yn5kdq,o86lnlq8,3dxg4y6y,ndxmy5v2,None,3
o1yn5kdq,o86lnlq8,pdvz7mk6,zd3w6mek,None,15
o1yn5kdq,o86lnlq8,w6jvwe6j,ndx5pmrk,None,14
o1yn5kdq,5j5e59wj,o1yn5kdq,n2yqevmk,None,15
o1yn5kdq,8dwermgj,o1yn5kdq,n2yqevmk,None,27
o1yn5kdq,68wpggvx,v1pozgp6,zd373lr2,5wkpvv5d,43
o1yn5kdq,68wpggvx,v1pozgp6,zd373lr2,ldyjv87d,73
o1yn5kdq,68wpggvx,yd487k6e,9kv4m8kg,ywevpldl,44
o1yn5kdq,68wpggvx,y659p81e,n2y59ezk,None,57
o1yn5kdq,68wpggvx,yd4pyxde,rklq3zn2,rdn5jq7d,4
o1yn5kdq,68wpggvx,yd4pyxde,ndxm50r2,rdn5jq7d,5
o1yn5kdq,68wpggvx,yd487k6e,9kv4m8kg,owomxj96,2
o1yn5kdq,68wpggvx,o1yn5kdq,n2yqevmk,None,58
o1yn5kdq,68wpggvx,o1ylk46q,7kjp5rnk,None,16
o1yn5kdq,68wpggvx,o1ylk46q,jdz8qord,ewpje0lw,3
o1yn5kdq,jp6qgo28,o1yn5kdq,wdmrrqxk,rdn8q0qd,2
o1yn5kdq,jp6qgo28,o1yn5kdq,n2yqevmk,None,16
o1yn5kdq,jp6qgo28,4d74xld7,5dwpyynk,rdqz2xgd,19
o1yn5kdq,jp6qgo28,4d74xld7,5dwpyynk,495ko749,7
o1yn5kdq,jp6qgo28,yd487k6e,9kv4m8kg,rw67xp97,26
o1yn5kdq,jp6qgo28,yd487k6e,9kv4m8kg,r9gm5j92,31
o1yn5kdq,jp6qgo28,o1yn5kdq,wdmrrqxk,gdrlye6d,2
o1yn5kdq,jp6qgo28,o1yn5kdq,wdmrrqxk,nwl12l09,5
o1yn5kdq,jp6qgo28,o1yn5kdq,7kjvog4k,None,6
o1yn5kdq,863n1q58,o1yn5kdq,n2yqevmk,None,63
o1yn5kdq,e8e7ee6x,o1yn5kdq,n2yqevmk,None,52
o1yn5kdq,48g9nrxp,o1yn5kdq,n2yqevmk,None,43
o1yn5kdq,8e9pwlpj,o1yn5kdq,7kjvog4k,None,2
o1yn5kdq,8e9pwlpj,o1yn5kdq,n2yqevmk,None,19
o1yn5kdq,8e9pwlpj,369p9o21,zd3xyved,None,101
o1yn5kdq,8e9pwlpj,76r30rl6,zd3rq78d,None,4
o1yn5kdq,8e9pwlpj,k6q474zd,9d83wxq2,None,1
o1yn5kdq,8e9pwlpj,k6q474zd,w20348v2,None,4
o1yn5kdq,8e9pwlpj,k6q474zd,xd1vz6wd,None,5
o1yn5kdq,8e9pwlpj,k6q474zd,q25m6zyd,None,1
o1yn5kdq,8e9pwlpj,k6q474zd,xd1vz6wd,None,1
o1yn5kdq,8e9pwlpj,o1yn5kdq,824909ed,None,1
o1yn5kdq,8e9pwlpj,w6jx45dj,w20xn6j2,None,1
o1yn5kdq,8e9pwlpj,w6jx45dj,02qmxn9d,None,3
o1yn5kdq,8e9pwlpj,w6jx45dj,xk9w8mx2,None,2
o1yn5kdq,8e9pwlpj,w6jx45dj,zdnoy7x2,None,1
o1yn5kdq,8e9pwlpj,w6jx45dj,xk9w8mx2,None,3
o1yn5kdq,8e9pwlpj,w6jx45dj,xk9w8mx2,None,2
o1yn5kdq,8e9pwlpj,46w27w96,xd1wj6r2,None,5
o1yn5kdq,8e9pwlpj,v1px7pm6,w20ew05d,None,12
o1yn5kdq,8e9pwlpj,v1px7pm6,xk95gwv2,None,6
o1yn5kdq,8e9pwlpj,v1poq468,mkezzxk6,None,3
o1yn5kdq,8e9pwlpj,y654r7ed,mkeree8d,None,2
o1yn5kdq,8e9pwlpj,268weko6,n2yee61k,None,61
o1yn5kdq,8e9pwlpj,k6q488md,wk6v8rxd,None,4
o1yn5kdq,8e9pwlpj,pdv270r6,wk6r0mrk,None,7
o1yn5kdq,8e9pwlpj,pdv270r6,wk6r0mrk,None,10
o1yn5kdq,8e9pwlpj,k6qylzdg,rklxly8k,None,8
o1yn5kdq,8e9pwlpj,j1nyw96p,824pqxn2,None,9
o1yn5kdq,8e9pwlpj,ldelvl63,xd17744d,None,3
o1yn5kdq,8e9pwlpj,ldelvl63,xd17744d,None,1
o1yn5kdq,8e9pwlpj,ldelvl63,xd17744d,None,2
o1yn5kdq,8e9pwlpj,ldelvl63,xd17744d,None,3
o1yn5kdq,8e9pwlpj,ldelvl63,xd17744d,None,2
o1yn5kdq,8e9pwlpj,k6q45gxd,jdrlwwgd,None,9
o1yn5kdq,8e9pwlpj,4d7nqel6,zd3570vk,None,3
o1yn5kdq,8e9pwlpj,4d7nqel6,xd1w7r42,None,2
o1yn5kdq,8e9pwlpj,pd0wo0l1,wk60mwek,None,2
o1yn5kdq,8e9pwlpj,ldejrox1,02qerpj2,None,2
o1yn5kdq,8e9pwlpj,ldejrox1,02qerpj2,None,2
o1yn5kdq,8e9pwlpj,ldejrox1,02qerpj2,None,2
o1yn5kdq,8e9pwlpj,ldejrox1,824q81mk,None,2
o1yn5kdq,8e9pwlpj,k6qqkx6g,rklgq3rd,None,6
o1yn5kdq,8e9pwlpj,nd2e9erd,n2ygp372,None,19
o1yn5kdq,8e9pwlpj,3698e30d,q2553jj2,None,3
o1yn5kdq,8e9pwlpj,3698e30d,jdrwernk,None,5
o1yn5kdq,8e9pwlpj,ldelvl63,xd17744d,None,10
o1yn5kdq,8e9pwlpj,ldelvl63,xd17744d,None,56
o1yn5kdq,8e9pwlpj,ldelvl63,xd17744d,None,9
o1yn5kdq,8e9pwlpj,ldelvl63,xd17744d,None,5
o1yn5kdq,8e9pwlpj,ldelvl63,xd17744d,None,11
o1yn5kdq,8e9pwlpj,ldelvl63,xd17744d,None,63
o1yn5kdq,8e9pwlpj,ldelvl63,xd17744d,None,6
o1yn5kdq,8e9pwlpj,ldelvl63,xd17744d,None,1
o1yn5kdq,8e9pwlpj,ldelvl63,xd17744d,None,2
o1yn5kdq,8e9pwlpj,ldelvl63,9d8gge3k,None,5
o1yn5kdq,8e9pwlpj,ldelvl63,xd17744d,None,1
o1yn5kdq,8e9pwlpj,ldelvl63,xd17744d,None,8
o1yn5kdq,8e9pwlpj,46wv59dr,wdm4l13d,None,1
o1yn5kdq,8e9pwlpj,46wv59dr,zd30r6ed,None,2
o1yn5kdq,8e9pwlpj,j1npme6p,mkeyl926,None,598
o1yn5kdq,8e9pwlpj,j1npme6p,xd14pv8d,None,85
o1yn5kdq,8e9pwlpj,76r2nvd8,xk904wvk,None,158
o1yn5kdq,8e9pwlpj,76r2nvd8,7dggz4pd,None,93
o1yn5kdq,8e9pwlpj,76r2nvd8,xd1l1zwk,None,21
o1yn5kdq,8e9pwlpj,76r2nvd8,7kjr59z2,None,73
o1yn5kdq,8e9pwlpj,76r2nvd8,xk9lyxgk,None,42
o1yn5kdq,8e9pwlpj,76r2nvd8,z277pvo2,None,47
o1yn5kdq,8e9pwlpj,m1zovmd0,9d8v94lk,None,46
o1yn5kdq,8e9pwlpj,ldelvl63,xd17744d,None,57
o1yn5kdq,8e9pwlpj,ldelvl63,xd17744d,None,8
o1yn5kdq,8e9pwlpj,ldelvl63,xd17744d,None,6
o1yn5kdq,8e9pwlpj,ldelvl63,xd17744d,None,5
o1yn5kdq,8e9pwlpj,y654my0d,zd36x9ed,None,2
o1yn5kdq,8e9pwlpj,y654r7ed,w20vp7zk,None,1
o1yn5kdq,8e9pwlpj,o6gnyy81,jdrwg85k,None,11
o1yn5kdq,8e9pwlpj,m1mn203d,9kvrwgo2,None,8
o1yn5kdq,8e9pwlpj,m1mn203d,zd35pm8k,None,7
o1yn5kdq,8e9pwlpj,j1npme6p,mkeyl926,None,155
o1yn5kdq,8e9pwlpj,36989m0d,wk6rp0ek,None,1
o1yn5kdq,8e9pwlpj,j1npme6p,wk63eek1,None,5
o1yn5kdq,8e9pwlpj,3dxkj5p1,xk9pjo6d,None,26
o1yn5kdq,8e9pwlpj,j1n894e1,jdrr44xd,None,20
o1yn5kdq,8e9pwlpj,j1n894e1,jdrr44xd,None,6
o1yn5kdq,8e9pwlpj,j1n894e1,jdrr44xd,None,4
o1yn5kdq,8e9pwlpj,j1n894e1,jdrr44xd,None,2
o1yn5kdq,8e9pwlpj,j1n894e1,jdrr44xd,None,1
o1yn5kdq,8e9pwlpj,j1n894e1,jdrr44xd,None,1
o1yn5kdq,8e9pwlpj,j1n894e1,jdrr44xd,None,1
o1yn5kdq,8e9pwlpj,j1npme6p,mkeyl926,None,232
o1yn5kdq,8e9pwlpj,pdv8mk6w,zd309end,None,10
o1yn5kdq,8e9pwlpj,76rvnv18,9kvp3n0k,None,5
o1yn5kdq,8e9pwlpj,268ekxy6,mke9q6jd,None,89
o1yn5kdq,8e9pwlpj,76rxmvl6,8240yymd,None,6
o1yn5kdq,8e9pwlpj,268ekxy6,9d8x83q2,None,70
o1yn5kdq,8e9pwlpj,w6jmm26j,9d8lxv62,None,43
o1yn5kdq,8e9pwlpj,268w8ey6,jdrn7wnk,None,1
o1yn5kdq,8e9pwlpj,76rxmvl6,9kv9wwo2,None,16
o1yn5kdq,8e9pwlpj,268ekxy6,n2y7rvz2,None,192
o1yn5kdq,8e9pwlpj,4d7zpl67,02q6jpky,None,24
o1yn5kdq,8e9pwlpj,pd0wx9w1,zd36l5rd,None,1776
o1yn5kdq,8e9pwlpj,v1pgyz18,w2094z2n,None,69
o1yn5kdq,8e9pwlpj,76rxmvl6,9kv9wwo2,None,32
o1yn5kdq,8e9pwlpj,j1n894e1,jdrr44xd,None,16
o1yn5kdq,8e9pwlpj,j1n894e1,jdrr44xd,None,3
o1yn5kdq,8e9pwlpj,j1n894e1,jdrr44xd,None,2
o1yn5kdq,8e9pwlpj,k6q4rqzd,9kv7gzok,r9grpgqw,2
o1yn5kdq,8e9pwlpj,pdvywrdw,q257mrjd,None,13
o1yn5kdq,8e9pwlpj,pdvywrdw,q257mrjd,None,3
o1yn5kdq,8e9pwlpj,j1n894e1,jdrr44xd,None,14
o1yn5kdq,8e9pwlpj,j1n894e1,jdrr44xd,None,4
o1yn5kdq,8e9pwlpj,j1n894e1,jdrr44xd,None,4
o1yn5kdq,8e9pwlpj,268rko1p,w201ogjk,None,10
o1yn5kdq,8e9pwlpj,o6gxkxd2,9kvpqrjk,None,40
o1yn5kdq,8e9pwlpj,w6j7vpx6,z27weg5k,None,34
o1yn5kdq,8e9pwlpj,nd2e9erd,z27lj0gd,None,32
o1yn5kdq,8e9pwlpj,m1mneyxd,z27w7ezk,None,1
o1yn5kdq,8e9pwlpj,j1npme6p,mkeyl926,None,256
o1yn5kdq,8e9pwlpj,pd0qq4v1,n2yey9mk,None,21
o1yn5kdq,8e9pwlpj,pd0qq4v1,jdr968xd,None,74
o1yn5kdq,8e9pwlpj,j1nl3xdp,ndxpoy52,None,10
o1yn5kdq,8e9pwlpj,k6qwwj96,wkp9r7j2,None,2
o1yn5kdq,8e9pwlpj,k6qwrgz6,mkey58x2,None,5
o1yn5kdq,8e9pwlpj,nd2e9erd,ndx5pwjk,None,15
o1yn5kdq,8e9pwlpj,nd2e9erd,7dg4popd,None,11
o1yn5kdq,8e9pwlpj,nd2e9erd,7dg4popd,None,47
o1yn5kdq,8e9pwlpj,nd2e9erd,mkeqm06k,None,10
o1yn5kdq,8e9pwlpj,nd2e9erd,mkeqm06k,None,50
o1yn5kdq,8e9pwlpj,nd2e9erd,mkeqm06k,None,8
o1yn5kdq,8e9pwlpj,nd2e9erd,vdom79v2,None,45
o1yn5kdq,8e9pwlpj,nd2e9erd,z27lj0gd,None,68
o1yn5kdq,8e9pwlpj,nd2e9erd,vdom79v2,None,63
o1yn5kdq,8e9pwlpj,nd2e9erd,n2ygp372,None,31
o1yn5kdq,8e9pwlpj,nd2e9erd,wk6vy5xd,None,15
o1yn5kdq,8e9pwlpj,nd2e9erd,7kj1wexk,None,41
o1yn5kdq,8e9pwlpj,nd2e9erd,jdrlexgd,None,8
o1yn5kdq,8e9pwlpj,nd2e9erd,q25gyyyd,None,42
o1yn5kdq,8e9pwlpj,nd2e9erd,mkeqm06k,None,71
o1yn5kdq,8e9pwlpj,yd4oppg1,jdrl8ngd,None,5
o1yn5kdq,8e9pwlpj,4d7mv3d7,9kvx1082,None,14
o1yn5kdq,8e9pwlpj,y65ex46e,7kjrv032,None,88
o1yn5kdq,8e9pwlpj,3dxk23v1,wkp903w2,None,2
o1yn5kdq,8e9pwlpj,nd2e9erd,vdom79v2,None,39
o1yn5kdq,8e9pwlpj,nd2e9erd,q25gyyyd,None,30
o1yn5kdq,8e9pwlpj,nd2e9erd,ndx5pwjk,None,8
o1yn5kdq,8e9pwlpj,nd2e9erd,ndx5pwjk,None,32
o1yn5kdq,8e9pwlpj,pd0wpq21,ndx79m12,r9grxj5w,125
o1yn5kdq,8e9pwlpj,nd2e9erd,mkelpj9d,None,46
o1yn5kdq,8e9pwlpj,nd2e9erd,vdom79v2,None,35
o1yn5kdq,8e9pwlpj,w6j78e6j,jdz74vkv,None,5
o1yn5kdq,8e9pwlpj,y654r7ed,jdrx5ond,None,2
o1yn5kdq,8e9pwlpj,k6q474zd,9kv9g702,None,1
o1yn5kdq,8e9pwlpj,k6q474zd,9d83z7l2,None,12
o1yn5kdq,8e9pwlpj,k6q474zd,8240o13d,None,4
o1yn5kdq,8e9pwlpj,pd0py36e,vdo3oqyd,None,231
o1yn5kdq,8e9pwlpj,k6q474zd,xd1vz6wd,None,1
o1yn5kdq,8e9pwlpj,k6q474zd,q25m6zyd,None,1
o1yn5kdq,8e9pwlpj,y654r7ed,zdn46j9k,None,2
o1yn5kdq,8e9pwlpj,y654r7ed,wk6ommqk,None,3
o1yn5kdq,8e9pwlpj,y654r7ed,5dw800ed,None,2
o1yn5kdq,8e9pwlpj,nd2elmvd,7kj6jxx2,None,1
o1yn5kdq,xz7kplrj,o1yn5kdq,7kjvog4k,None,15
o1yn5kdq,18v03zvx,o1yn5kdq,n2yqevmk,None,69
o1yn5kdq,98r521qx,kdk4e21m,vdo4e5o2,rw6vx569,13
o1yn5kdq,98r521qx,k6q4ogxd,ndx4yx12,None,4
o1yn5kdq,98r521qx,kdk4e21m,vdo4e5o2,rw6vx569,37
o1yn5kdq,98r521qx,kdkz99xd,7kj6vxn2,None,7
o1yn5kdq,98r521qx,o6gxkxd2,wk61z4od,None,7
o1yn5kdq,98r521qx,v1pz3pd8,jdrp16l2,n9302ee9,3
o1yn5kdq,98r521qx,v1pz3pd8,jdrp16l2,ywe4zprd,2
o1yn5kdq,98r521qx,v1pz3pd8,jdrp16l2,69zrm0od,2
o1yn5kdq,98r521qx,m1m3rk62,xk969xk0,gdr62zdz,7
o1yn5kdq,98r521qx,m1m3rk62,xk969xk0,ldyl2z93,5
o1yn5kdq,98r521qx,v1pooq46,jdrxl3nd,None,29
o1yn5kdq,98r521qx,yd487k6e,ndxo1rdq,None,45
o1yn5kdq,98r521qx,yd487k6e,9kv4m8kg,rw67xp97,39
o1yn5kdq,98r521qx,yd487k6e,9kv4m8kg,ewp25y9n,20
o1yn5kdq,98r521qx,yd487k6e,9kv4m8kg,495qnm9p,25
o1yn5kdq,98r521qx,yd487k6e,9kv4m8kg,gdr07edz,30
o1yn5kdq,98r521qx,yd487k6e,9kv4m8kg,ywevpldl,51
o1yn5kdq,98r521qx,m1m3rk62,jdrmpg26,n93zoew0,13
o1yn5kdq,98r521qx,m1m3rk62,xk969xk0,rw6537d7,22
o1yn5kdq,98r521qx,46w3y5l1,mkerl76d,29v2k53d,2
o1yn5kdq,98r521qx,46w3y5l1,mkerl76d,5925ono9,2
o1yn5kdq,98r521qx,j1ne4y91,7kjpejnk,None,90
o1yn5kdq,98r521qx,o1yn5kdq,n2yqevmk,None,66
o1yn5kdq,v8le7p4x,o1yn5kdq,n2yqevmk,None,5
o1yn5kdq,dx316dq8,o1yn5kdq,7kjvog4k,None,10
o1yn5kdq,xzlrrqn8,o1yn5kdq,n2yqevmk,None,67
o1yn5kdq,xzlrrqn8,m1zje236,zd38wo8k,None,5
o1yn5kdq,8qreq5oj,o1yn5kdq,n2yqevmk,None,55
o1yn5kdq,8q3701wj,76r48418,mkev0626,None,2
o1yn5kdq,8q3701wj,o1yn5kdq,n2yqevmk,None,54
o1yn5kdq,8gezkw7j,o1y9wo6q,7kjpp4k3,None,171
o1yn5kdq,8gezkw7j,o1y9wo6q,wkpoo02r,None,311
o1yn5kdq,8gezkw7j,o1y9wo6q,7dgrrxk4,None,492
o1yn5kdq,8gezkw7j,j1nekx1p,vdo0lp6d,None,8
o1yn5kdq,8gezkw7j,j1nekx1p,vdo37p1d,29v281ld,4
o1yn5kdq,8gezkw7j,j1nekx1p,vdo37p1d,5wkpmgpd,4
o1yn5kdq,8gezkw7j,j1nekx1p,vdo37p1d,y9m8mkxd,4
o1yn5kdq,8gezkw7j,j1nekx1p,vdo37p1d,xd1xzv59,4
o1yn5kdq,8gezkw7j,j1nekx1p,vdo37p1d,xd0xev4d,3
o1yn5kdq,8gezkw7j,j1nekx1p,vdo37p1d,59256v39,4
o1yn5kdq,8gezkw7j,o1y9wo6q,n2y55mko,None,505
o1yn5kdq,8gezkw7j,o1ymwk1q,7kjrxx42,None,296
o1yn5kdq,8gezkw7j,o1yn5kdq,wdmrrqxk,rdn8q0qd,7
o1yn5kdq,8gezkw7j,o1yn5kdq,wdmrrqxk,gdrlye6d,4
o1yn5kdq,8gezkw7j,o1ymwk1q,7dggqwxd,None,168
o1yn5kdq,8gezkw7j,9dowpe1p,824m5e25,5d77z5dy,79
o1yn5kdq,xkmmdo2j,o1yn5kdq,wdmrrqxk,rdn8q0qd,8
o1yn5kdq,xkmmdo2j,o1yn5kdq,wdmrrqxk,rdn8q0qd,8
o1yn5kdq,18vm7n8l,9do8kjk1,jdzl8mg2,29v6mp1w,1
o1yn5kdq,18vm7n8l,9do8kjk1,jdzl8mg2,592k0lg9,1
o1yn5kdq,18vm7n8l,9do8kjk1,jdzl8mg2,n931q37d,1
o1yn5kdq,18vm7n8l,9do8kjk1,jdzl8mg2,xd01ko0w,1
o1yn5kdq,18vm7n8l,9do8kjk1,7kjgpe4k,None,1
o1yn5kdq,18vm7n8l,9do8kjk1,jdzl8mg2,owoj7nv9,1
o1yn5kdq,18vm7n8l,9do8kjk1,jdzl8mg2,kwjg7jrw,1
o1yn5kdq,18vm7n8l,9do8kjk1,jdzl8mg2,rdq8zrmd,1
o1yn5kdq,18vm7n8l,9do8kjk1,jdzl8mg2,4952kg29,1
o1yn5kdq,18vm7n8l,9do8kjk1,jdzl8mg2,o9xg1q6d,1
o1yn5kdq,18vm7n8l,lde35g56,n2ygry12,None,2
o1yn5kdq,18vm7n8l,9do8kjk1,jdzl8mg2,5wkxko59,1
o1yn5kdq,18vm7n8l,9do8kjk1,jdzl8mg2,nwl5gvpd,1
o1yn5kdq,18vm7n8l,9do8kjk1,jdzl8mg2,ywey27qd,1
o1yn5kdq,18vm7n8l,9do8kjk1,jdzl8mg2,y9m65zlw,1
o1yn5kdq,18vm7n8l,9do8kjk1,jdzl8mg2,69z5p069,1
o1yn5kdq,18vm7n8l,76rozq68,9kvxlzo2,None,6
o1yn5kdq,18vm7n8l,w6jlkn4d,z271o942,xd18qlzw,1
o1yn5kdq,18vm7n8l,w6jlkn4d,z271o942,69zngex9,1
o1yn5kdq,18vm7n8l,w6jlkn4d,z271o942,nwlpj4o9,1
o1yn5kdq,18vm7n8l,w6jlkn4d,z271o942,ywemexld,1
o1yn5kdq,18vm7n8l,369p0r31,zd3xzr8d,None,127
o1yn5kdq,18vm7n8l,w6jlkn4d,z271o942,n93yjz2d,2
o1yn5kdq,18vm7n8l,w6jlkn4d,z271o942,rdn2145d,2
o1yn5kdq,18vm7n8l,w6jlkn4d,z271o942,o9x3er39,3
o1yn5kdq,18vm7n8l,w6jlkn4d,7kj6q732,None,1
o1yn5kdq,18vm7n8l,w6jlkn4d,z271o942,ldy8zlpw,2
o1yn5kdq,18vm7n8l,369p0r31,9kv91lo2,None,241
o1yn5kdq,18vm7n8l,w6jlkn4d,z271o942,z98gk4rw,2
o1yn5kdq,18vm7n8l,w6jlkn4d,z271o942,495l1xmd,2
o1yn5kdq,18vm7n8l,w6jlkn4d,z271o942,592n7e79,2
o1yn5kdq,18vm7n8l,w6jlkn4d,z271o942,z98gkprw,1
o1yn5kdq,18vm7n8l,w6jlkn4d,z271o942,ldy8zqpw,1
o1yn5kdq,18vm7n8l,w6jlkn4d,z271o942,gdr13rew,2
o1yn5kdq,18vm7n8l,w6jlkn4d,z271o942,r9g1g6j9,1
o1yn5kdq,18vm7n8l,w6jlkn4d,z271o942,495l1pmd,1
o1yn5kdq,18vm7n8l,w6jlkn4d,z271o942,n93yjk2d,1
o1yn5kdq,18vm7n8l,w6jlkn4d,z271o942,ewp064yd,3
o1yn5kdq,18vm7n8l,w6jlkn4d,z271o942,owoqp8jd,1
o1yn5kdq,18vm7n8l,w6jlkn4d,z271o942,gdr136ew,3
o1yn5kdq,18vm7n8l,w6jlkn4d,z271o942,5wk174vd,3
o1yn5kdq,18vm7n8l,w6jlkn4d,z271o942,rdn2135d,2
o1yn5kdq,18vm7n8l,w6jlkn4d,z271o942,29v5rnqd,2
o1yn5kdq,18vm7n8l,w6jlkn4d,z271o942,o9x3e639,1
o1yn5kdq,18vm7n8l,w6jlkn4d,z271o942,5d7zmpqw,1
o1yn5kdq,18vm7n8l,w6jlkn4d,z271o942,rdq5k4od,2
o1yn5kdq,18vm7n8l,w6jlkn4d,z271o942,y9m1o4z9,3
o1yn5kdq,18vm7n8l,w6jlkn4d,z271o942,r9g1gqj9,3
o1yn5kdq,18vm7n8l,w6jlkn4d,z271o942,592n7m79,1
o1yn5kdq,18vm7n8l,w6jlkn4d,z271o942,5d7zmqqw,3
o1yn5kdq,18vm7n8l,w6jlkn4d,z271o942,rw6e65pd,1
o1yn5kdq,18vm7n8l,w6jlkn4d,z271o942,xd0356md,1
o1yn5kdq,18vm7n8l,w6jlkn4d,z271o942,xd4rogq9,1
o1yn5kdq,18vm7n8l,pdv8x46w,5dwjryek,29vmvqq9,5
o1yn5kdq,18vm7n8l,pdv8x46w,5dwjryek,ewp7vlyw,4
o1yn5kdq,18vm7n8l,w6jlkn4d,z271o942,rdq5kyod,2
o1yn5kdq,18vm7n8l,w6jlkn4d,zdn817nd,69zngex9,1
o1yn5kdq,18vm7n8l,9d3rvngd,q253yjjk,None,1
o1yn5kdq,18vm7n8l,4d7lyg17,9d8vxe6k,None,1
o1yn5kdq,18vm7n8l,o6glnxod,5dw5lqgd,None,1
o1yn5kdq,18vm7n8l,4d7lyg17,02qjpmjd,None,1
o1yn5kdq,18vm7n8l,nd24lq10,w2010jvk,None,11
o1yn5kdq,18vm7n8l,nd24lq10,wdm40gxd,None,10
o1yn5kdq,18vm7n8l,369ppy01,9kvm7l8k,None,2
o1yn5kdq,18vm7n8l,j1ne99e1,zd37l782,rdnzv75d,2
o1yn5kdq,18vm7n8l,j1ne99e1,zd37l782,ywe57ylw,2
o1yn5kdq,18vm7n8l,j1ne99e1,zd37l782,gdrxvred,2
o1yn5kdq,18vm7n8l,j1ne99e1,zd37l782,rdnzv46d,3
o1yn5kdq,18vm7n8l,o6glnxod,rklq7en2,592qrlo9,1
o1yn5kdq,18vm7n8l,o6glnxod,rklq7en2,5wk6e059,2
o1yn5kdq,18vm7n8l,o6glnxod,rklq7en2,ewpxonld,1
o1yn5kdq,18vm7n8l,369py821,zdn45lnk,None,1
o1yn5kdq,18vm7n8l,o1yrn26q,9kv8ljdg,None,7
o1yn5kdq,18vm7n8l,o6glnxod,q25q1jv2,None,1
o1yn5kdq,18vm7n8l,3dxpp56y,9d8veqlk,None,1
o1yn5kdq,18vm7n8l,369ppy01,824619gd,None,2
o1yn5kdq,18vm7n8l,k6qew96g,7kjzy63d,None,226
o1yn5kdq,18vm7n8l,3dxww51y,vdoqle1k,None,3
o1yn5kdq,18vm7n8l,nd2vo310,xd13o48k,None,1
o1yn5kdq,18vm7n8l,nd2vo310,9kvj360k,None,1
o1yn5kdq,18vm7n8l,nd2vo310,zd3l4ond,None,1
o1yn5kdq,18vm7n8l,o1ylzr6q,wdm4gred,None,1
o1yn5kdq,18vm7n8l,o1ylzr6q,mkez51jk,xd0ggkmw,1
o1yn5kdq,18vm7n8l,o1ylzr6q,mkez51jk,rw644qp9,1
o1yn5kdq,18vm7n8l,o1ylzr6q,mkez51jk,xd0ggkmw,1
o1yn5kdq,18vm7n8l,o1ylzr6q,mkez51jk,rw644qp9,1
o1yn5kdq,18vm7n8l,o1ylzr6q,mkez51jk,5wkjj2vd,1
o1yn5kdq,18vm7n8l,o1ylzr6q,mkez51jk,5wkjj2vd,1
o1yn5kdq,18vm7n8l,o6gmpx62,mkerrmjd,None,111
o1yn5kdq,18vm7n8l,yd4z5g6e,5dwjppnk,None,1
o1yn5kdq,18vm7n8l,9dolrmdp,zdnqrnqd,29vy1539,7
o1yn5kdq,18vm7n8l,pd0wq31e,zdn1jxkq,None,267
o1yn5kdq,18vm7n8l,9dolrmdp,xk9ljpyk,None,4
o1yn5kdq,18vm7n8l,o1y542dq,9d81x3kn,None,9
o1yn5kdq,18vm7n8l,pdv8x46w,wkpj6qgk,None,10
o1yn5kdq,18vm7n8l,yd4z5g6e,vdo0441d,None,1
o1yn5kdq,18vm7n8l,yd4z5g6e,vdo0441d,None,1
o1yn5kdq,18vm7n8l,9dolrmdp,zdnqrnqd,5wk2g12w,6
o1yn5kdq,18vm7n8l,xlde0x63,w9d85ldn,None,5
o1yn5kdq,18vm7n8l,2689851p,7kj85zd3,None,3
o1yn5kdq,18vm7n8l,369png1l,q25qzg2o,None,147
o1yn5kdq,18vm7n8l,o1yn5kdq,n2yqevmk,None,56
o1yn5kdq,x7mzkzyx,9do8mm1p,7kjr9nx2,None,40
o1yn5kdq,x7mzkzyx,9do8mm1p,rkllonkn,None,74
o1yn5kdq,x7mzkzyx,3dxz7p1y,wkp54wdr,None,3
o1yn5kdq,x7mzkzyx,3dxz7p1y,wk6xyek1,None,4
o1yn5kdq,x7mzkzyx,o1yn5kdq,n2yqevmk,None,35
o1yn5kdq,x7mzkzyx,o1y9wo6q,7dgrrxk4,None,823
o1yn5kdq,x7mzkzyx,o1y9wo6q,n2y55mko,None,340
o1yn5kdq,x7mg4zvx,o1yn5kdq,n2yqevmk,None,21
o1yn5kdq,xk12m36j,o1yn5kdq,n2yqevmk,None,13
o1yn5kdq,xk12m36j,m1zk3w21,7kj79qnk,None,1
o1yn5kdq,8w0g1glj,4d795gn1,7dg0qw7k,None,3
o1yn5kdq,8w0g1glj,4d795gn1,7dg0qw7k,None,2
o1yn5kdq,8w0g1glj,o1yn5kdq,xd1qvgw2,nwl12l09,1
o1yn5kdq,8w0g1glj,9d3rk79d,jdz931g2,None,29
o1yn5kdq,8w0g1glj,o1yn5kdq,9d8n3nqd,None,2
o1yn5kdq,8w0g1glj,o1yn5kdq,xd1qvgw2,rdn8q0qd,1
o1yn5kdq,8w0g1glj,j1n8pq91,wdm5lwo2,None,22
o1yn5kdq,8w0g1glj,o1yn5kdq,xd1qvgw2,gdrlye6d,1
o1yn5kdq,8w0g1glj,o1yn5kdq,xd1qvgw2,ywegq1yd,1
o1yn5kdq,8w0g1glj,o1yn5kdq,82490gnd,None,1
o1yn5kdq,zx7qoly8,j1nenx1p,7kjpq4k3,None,5
o1yn5kdq,zx7qoly8,yd4k82x6,mkeyzzn2,None,1
o1yn5kdq,zx7qoly8,pdv7lodw,w20zp6zd,None,1
o1yn5kdq,zx7qoly8,pd0q9331,7kjlqxn2,None,1
o1yn5kdq,zx7qoly8,9do4e76p,xk9qg420,None,31
o1yn5kdq,zx7qoly8,ldejy951,zdnynnqk,None,4
o1yn5kdq,zx7qoly8,lde33ee6,jdrwn9xk,None,1
o1yn5kdq,zx7qoly8,k6q4zozd,wk6o9qek,None,1
o1yn5kdq,zx7qoly8,4d7xkl17,mkeo6vjd,None,3
o1yn5kdq,zx7qoly8,o1y9wo6q,n2y55mko,None,446
o1yn5kdq,zx7qoly8,k6qykmdg,wkpy3ngk,None,2
o1yn5kdq,zx7qoly8,j1nenx1p,7kjpq4k3,None,51
o1yn5kdq,zx7qoly8,pdvzywv6,xk9ezjv2,None,89
o1yn5kdq,zx7qoly8,k6q5y06g,9d8v117k,None,5
o1yn5kdq,zx7qoly8,4d7xkl17,mkeo6vjd,None,12
o1yn5kdq,zx7qoly8,46wgrqdr,jdrpnpn2,None,9
o1yn5kdq,zx7qoly8,9do7076p,mke4z692,None,3
o1yn5kdq,zx7qoly8,m1zj0j26,q25gl1wd,None,4
o1yn5kdq,zx7qoly8,o6gvm962,wk6p85pd,None,2
o1yn5kdq,zx7qoly8,w6j2v71j,jdzpxqvk,None,2
o1yn5kdq,zx7qoly8,j1nex0y1,jdrvvvg2,None,3
o1yn5kdq,zx7qoly8,o1y9wo6q,7dgrrxk4,None,380
o1yn5kdq,zx7qoly8,9doww5m1,w20wxe5d,None,6
o1yn5kdq,zx7qoly8,369po901,w20yj4zk,None,2
o1yn5kdq,zx7qoly8,nd2e25qd,xk981qg2,None,9
o1yn5kdq,zx7qoly8,j1nenx1p,jdz0zg2v,None,32
o1yn5kdq,zx7qoly8,j1neq2e1,wkpm9nwk,None,13
o1yn5kdq,zx7qoly8,k6q8po6g,02q30j9k,None,1
o1yn5kdq,zx7qoly8,76rxy346,8241x5w2,None,14
o1yn5kdq,zx7qoly8,9d3kxw1l,ndxn57rk,None,8
o1yn5kdq,zx7qoly8,9doww5m1,mkezlw6k,None,3
o1yn5kdq,zx7qoly8,9d3wgy1l,w208nvdn,None,28
o1yn5kdq,zx7qoly8,yd4vq5de,n2yqonzk,None,3
o1yn5kdq,zx7qoly8,k6qq3z6g,xk9l81yk,None,1
o1yn5kdq,zx7qoly8,k6qq3z6g,7kjr17x2,None,1
o1yn5kdq,zx7qoly8,4d77gld7,xk9gy36d,None,4
o1yn5kdq,zx7qoly8,o6gmpx62,5dw88z5d,None,84
o1yn5kdq,zx7qoly8,4d77gld7,z276p8zd,None,4
o1yn5kdq,zx7qoly8,9d3kxw1l,ndxn57rk,None,7
o1yn5kdq,zx7qoly8,76r55vd8,w20w1lzd,None,948
o1yn5kdq,zx7qoly8,4d77gld7,xk9gy36d,None,5
o1yn5kdq,zx7qoly8,om1m3625,w20p0zkn,None,852
o1yn5kdq,zx7qoly8,j1nenx1p,wdm4n4od,None,74
o1yn5kdq,zx7qoly8,4d7wwr67,7dg5y642,None,81
o1yn5kdq,zx7qoly8,j1n5yx1p,xd13zxrk,None,28
o1yn5kdq,zx7qoly8,j1n5yx1p,zd3lzmyd,None,9
o1yn5kdq,zx7qoly8,9do7076p,q25m8wjd,None,2
o1yn5kdq,zx7qoly8,pd0980de,9d8p1j6k,None,13
o1yn5kdq,zx7qoly8,pd0980de,9d8je6qk,r9g36x2w,3
o1yn5kdq,zx7qoly8,pd0980de,9d8je6qk,4958p449,3
o1yn5kdq,zx7qoly8,pd0980de,9d8je6qk,rdq1ylg9,7
o1yn5kdq,zx7qoly8,pd0980de,9d8je6qk,5d73p8e9,2
o1yn5kdq,zx7qoly8,j1np0w6p,9kvrj32g,None,69
o1yn5kdq,zx7qoly8,9d3wgy1l,zdnwj8xd,None,13
o1yn5kdq,zx7qoly8,m1m0qj62,wdmzg532,None,5
o1yn5kdq,zx7qoly8,kdkvl21m,7kj99423,None,41
o1yn5kdq,zx7qoly8,3dx4l46y,02q8lqz2,None,4
o1yn5kdq,zx7qoly8,2687xkdp,7kjzry3d,None,26
o1yn5kdq,zx7qoly8,kdk4gl1m,7dggj4ld,None,2
o1yn5kdq,zx7qoly8,om1m3625,wdmz042q,None,327
o1yn5kdq,zx7qoly8,4d73n317,02qgm7jd,None,220
o1yn5kdq,zx7qoly8,268mnydp,9d8jxj7k,None,3
o1yn5kdq,zx7qoly8,y658876e,02qj0xzd,None,42
o1yn5kdq,zx7qoly8,o1y3qv6q,ndxjjoj2,None,10
o1yn5kdq,zx7qoly8,o1y7pv1q,q25409gd,None,11
o1yn5kdq,zx7qoly8,o1y7pv1q,mke53vnk,None,72
o1yn5kdq,zx7qoly8,2680o91p,zd3y63e2,None,13
o1yn5kdq,zx7qoly8,ldewjld3,8245v3k5,None,200
o1yn5kdq,zx7qoly8,ldewjld3,zd3xpoed,None,69
o1yn5kdq,zx7qoly8,o1y3qv6q,jdrqj9lk,None,3
o1yn5kdq,zx7qoly8,369e92dl,vdo0l91d,None,2
o1yn5kdq,zx7qoly8,pdv8vv6w,w20p77vk,None,4
o1yn5kdq,zx7qoly8,v1p0l468,824pmy32,None,2
o1yn5kdq,zx7qoly8,v1p0l468,9d8vj7qk,None,3
o1yn5kdq,zx7qoly8,v1p0l468,jdz5pqxd,None,1
o1yn5kdq,zx7qoly8,v1p0l468,02qj8qzd,None,1
o1yn5kdq,zx7qoly8,o6g0yxd2,xd1rn9rk,None,4
o1yn5kdq,zx7qoly8,o6gvm962,mkeo46nd,None,1
o1yn5kdq,zx7qoly8,kdkonq6m,q254ozjd,None,3
o1yn5kdq,zx7qoly8,o6g0yxd2,zd301nyd,None,2
o1yn5kdq,zx7qoly8,w6jjn56j,ndxj0mo2,None,31
o1yn5kdq,zx7qoly8,9do4e76p,jdrn97gk,None,9
o1yn5kdq,zx7qoly8,o1yn5kdq,n2yqevmk,None,72
o1yn5kdq,zx7qoly8,4d74xld7,vdo9j1dp,None,49
o1yn5kdq,zx7qoly8,kyd4pxde,824p8g25,None,133
o1yn5kdq,zx7qoly8,kyd4pxde,wkpynwkr,None,26
o1yn5kdq,zx7qoly8,o1y3qv6q,q25orrvk,ldy1zjrd,20
o1yn5kdq,zx7qoly8,kyd4pxde,vdo4yv2p,None,33
o1yn5kdq,zx7qoly8,9dopv76p,jdz556vd,None,5
o1yn5kdq,zx7qoly8,kyd4pxde,xd1nz828,None,44
o1yn5kdq,zx7qoly8,o1y3qv6q,w20pprzk,None,11
o1yn5kdq,zx7qoly8,9do4e76p,z27n60k0,ewpv24wn,3
o1yn5kdq,zx7qoly8,kdkvl21m,02qrryky,n93nl2w0,8
o1yn5kdq,zx7qoly8,pd040w6e,rklxxy6k,rdno3ynw,1
o1yn5kdq,zx7qoly8,9do4e76p,zd3gre2n,None,14
o1yn5kdq,zx7qoly8,o1y9wo6q,wkpoo02r,None,117
o1yn5kdq,zx7qoly8,9do4e76p,z27n60k0,ewpv24wn,4
o1yn5kdq,zx7qoly8,9do4e76p,zdn8q37d,ewpv24wn,3
o1yn5kdq,zx7qoly8,pd0lowde,02qgv59d,None,6
o1yn5kdq,zx7qoly8,pd040w6e,rklxxy6k,5d7o8g9y,1
o1yn5kdq,zx7qoly8,pd040w6e,q25o4ovk,None,7
o1yn5kdq,zx7qoly8,9do4e76p,5dwomg2g,None,33
o1yn5kdq,zx7qoly8,pd040w6e,rklxxy6k,kwjn5n9g,8
o1yn5kdq,zx7qoly8,j1n8ow1p,7dg68gk4,None,27
o1yn5kdq,98r2lvqx,m1m8e4d2,ndxmnxv2,None,1
o1yn5kdq,98r2lvqx,m1m8e4d2,xk9jrg6d,None,6
o1yn5kdq,98r2lvqx,76rqr4d8,z27363zd,None,4
o1yn5kdq,98r2lvqx,369e92dl,vdo0l91d,None,5
o1yn5kdq,98r2lvqx,o1yn5kdq,n2yqevmk,None,6
o1yn5kdq,8d4pdgg8,o1yn5kdq,n2yqevmk,None,11
o1yn5kdq,7j424wx1,j1l9nz1g,ndx49m52,None,7
o1yn5kdq,7j424wx1,y659l41e,xk9njzv2,None,2
o1yn5kdq,7j424wx1,j1ll34v1,jdronlgd,None,3
o1yn5kdq,7j424wx1,pdvzywv6,wk6eelo2,None,21
o1yn5kdq,7j424wx1,pd0wq31e,n2y1y72o,None,65
o1yn5kdq,7j424wx1,ldeex5d3,02qvojjd,None,3
o1yn5kdq,7j424wx1,369png1l,jdrxyld6,None,16
o1yn5kdq,7j424wx1,9d3ryzwd,xd1lngzk,None,8
o1yn5kdq,7j424wx1,k6q40l9d,q253y7gk,None,1
o1yn5kdq,7j424wx1,k6q40l9d,z27lnood,None,3
o1yn5kdq,7j424wx1,k6q40l9d,z27lnood,None,3
o1yn5kdq,7j424wx1,yd4oy7x1,9kv7rxek,None,2
o1yn5kdq,7j424wx1,26825y6p,02qg9vzd,None,85
o1yn5kdq,7j424wx1,26825y6p,02qg9vzd,None,85
o1yn5kdq,7j424wx1,k6q4jqzd,wkpmypgk,None,1
o1yn5kdq,7j424wx1,w6jp3e6j,9d8j5w6k,None,56
o1yn5kdq,7j424wx1,nd2ezjed,wk6o9gek,None,7
o1yn5kdq,7j424wx1,369r7l6l,02q83692,None,1
o1yn5kdq,7j424wx1,4d7q8r67,9d8pqm7k,None,4
o1yn5kdq,7j424wx1,9d3r49dl,wdmwge2q,None,10
o1yn5kdq,7j424wx1,k6q85z6g,jdz3nq62,None,2
o1yn5kdq,7j424wx1,3dx23wg1,9d8g4n3k,None,1
o1yn5kdq,7j424wx1,ldev0e13,q258m0j2,None,3
o1yn5kdq,7j424wx1,j1lpozdg,02qg9o7d,None,1
o1yn5kdq,7j424wx1,k6qk2x6g,9kvplm3k,None,4
o1yn5kdq,7j424wx1,9d39j0dl,mke5vz9k,None,1
o1yn5kdq,7j424wx1,9d39j0dl,mke5vz9k,None,1
o1yn5kdq,7j424wx1,46w32gq1,w20w5wjd,None,11
o1yn5kdq,7j424wx1,lde337l6,5dw59xld,None,4
o1yn5kdq,7j424wx1,9d3rr0dl,wk6jz5rd,None,251
o1yn5kdq,7j424wx1,j1n50e1p,mkej6mx2,None,3
o1yn5kdq,7j424wx1,4d79jz17,wdmw8x2q,None,32
o1yn5kdq,7j424wx1,9doww0o1,zd36v6nd,None,5
o1yn5kdq,7j424wx1,o1ymmv1q,wk61p4pd,None,4
o1yn5kdq,7j424wx1,o1ykz4dq,jdrpnjx2,None,3
o1yn5kdq,7j424wx1,3dx2jrg1,5dw55gld,None,6
o1yn5kdq,7j424wx1,3dx2jrg1,wk6778xd,None,6
o1yn5kdq,7j424wx1,76roll68,jdrlm7nd,None,2
o1yn5kdq,7j424wx1,w6j7xe6j,xd1g8wd8,None,4
o1yn5kdq,7j424wx1,m1ze5x10,n2yqe57k,None,2
o1yn5kdq,7j424wx1,w6j2841j,9kvjz1jk,None,2
o1yn5kdq,7j424wx1,kdkn9ldm,7kjzo53d,None,26
o1yn5kdq,7j424wx1,k6qew96g,7kjzy63d,None,120
o1yn5kdq,7j424wx1,46wwy96r,5dwj955k,None,13
o1yn5kdq,7j424wx1,76r5jed8,w201jp8k,None,5
o1yn5kdq,7j424wx1,kdkk8ldm,jdz3eng2,None,5
o1yn5kdq,7j424wx1,kdkk8ldm,w20vn6ok,z98e4kp9,5
o1yn5kdq,7j424wx1,kdkk8ldm,w20vn6ok,rdnr417w,6
o1yn5kdq,7j424wx1,kdkk8ldm,w20vn6ok,ldyjlzrd,5
o1yn5kdq,7j424wx1,kdkk8ldm,w20vn6ok,gdrg63lw,5
o1yn5kdq,7j424wx1,kdkk8ldm,w20vn6ok,nwln4jed,5
o1yn5kdq,7j424wx1,m1m2rpd2,wk6pqwod,None,2
o1yn5kdq,7j424wx1,9d342e6l,wkpqzq8d,None,4
o1yn5kdq,7j424wx1,m1mwoxd2,n2yqeoek,None,3
o1yn5kdq,7j424wx1,kdkzmxdm,jdz9jv2v,None,26
o1yn5kdq,7j424wx1,pd0wq31e,q257ngdo,None,69
o1yn5kdq,7j424wx1,j1l3nv1g,824m4xg2,None,2
o1yn5kdq,7j424wx1,j1lqme6g,z27r0od0,None,2
o1yn5kdq,7j424wx1,j1lqme6g,7kj3jz23,None,1
o1yn5kdq,7j424wx1,j1lqme6g,xk9rogk0,None,2
o1yn5kdq,7j424wx1,pdvprvdw,824xlr3d,None,6
o1yn5kdq,7j424wx1,j1n4z96p,q25e8j2o,None,5
o1yn5kdq,7j424wx1,m1zwzz10,xd1ml68d,None,2
o1yn5kdq,7j424wx1,nd23pe60,jdrpp152,None,3
o1yn5kdq,7j424wx1,m1m2rpd2,n2yqlv7k,None,3
o1yn5kdq,7j424wx1,om1m3625,wdmz042q,None,110
o1yn5kdq,7j424wx1,46w3jl1r,zdnxmxq2,None,27
o1yn5kdq,7j424wx1,v1po4m68,zdn47qkq,None,1
o1yn5kdq,7j424wx1,v1pyvz18,824x1egd,None,3
o1yn5kdq,7j424wx1,nd2ee0rd,vdoo1e9d,None,11
o1yn5kdq,7j424wx1,nd22g3d0,rklx9vwk,None,2
o1yn5kdq,7j424wx1,v1ppk418,mkeo3xnd,None,2
o1yn5kdq,7j424wx1,3690k26l,jdr1gox2,None,2
o1yn5kdq,7j424wx1,v1pyvz18,824x1egd,None,4
o1yn5kdq,7j424wx1,4d7qxz67,7dg8p8p2,None,1
o1yn5kdq,7j424wx1,ldeqpld3,wdm4ge5d,None,22
o1yn5kdq,7j424wx1,o6g7e562,7dgq6p24,None,1
o1yn5kdq,7j424wx1,j1nw3w1p,7dggpexd,None,1
o1yn5kdq,7j424wx1,ldeqg5d3,mke5mpxk,None,5
o1yn5kdq,7j424wx1,kdk40g1m,5dwpzenk,None,6
o1yn5kdq,7j424wx1,w6jkzx1j,7kjrwy42,None,2
o1yn5kdq,7j424wx1,nd223qd0,xd1rjg8k,None,2
o1yn5kdq,7j424wx1,j1nqzl1p,q25ox1vk,None,2
o1yn5kdq,7j424wx1,m1m3m362,mke5179k,None,17
o1yn5kdq,7j424wx1,268487dp,z277zq02,None,3
o1yn5kdq,7j424wx1,26843kdp,xd170e4d,None,10
o1yn5kdq,7j424wx1,4d7m9nd7,q254p4gd,None,13
o1yn5kdq,7j424wx1,j1nw7y1p,824pewg2,None,9
o1yn5kdq,7j424wx1,k6qlmz1g,02qjw5pd,None,44
o1yn5kdq,7j424wx1,46wn3n6r,zd3ym7e2,None,2
o1yn5kdq,7j424wx1,pd0zq21e,w20p0ojk,None,5
o1yn5kdq,7j424wx1,pdvrvo1w,rkl4qrdn,None,5
o1yn5kdq,7j424wx1,o6gww812,wdm9e3kq,None,10
o1yn5kdq,7j424wx1,y65jw7de,xk9l10gk,None,2
o1yn5kdq,7j424wx1,y65jw7de,z277ygo2,None,1
o1yn5kdq,7j424wx1,k6qkxz6g,mkeop1xd,None,73
o1yn5kdq,7j424wx1,369wz2dl,zd3xlndn,None,7
o1yn5kdq,7j424wx1,y65jw7de,7kjr4vz2,None,1
o1yn5kdq,7j424wx1,pd0j0v6e,rklgmmqd,None,8
o1yn5kdq,7j424wx1,j1nnkl1p,z2779152,None,4
o1yn5kdq,7j424wx1,v1p8ymd8,wdmqr3o2,None,7
o1yn5kdq,7j424wx1,46wvy3dr,9d8p5q3k,None,15
o1yn5kdq,7j424wx1,76rmnl18,vdo4gg12,None,4
o1yn5kdq,7j424wx1,k6qonx1g,zdnq787d,None,1
o1yn5kdq,7j424wx1,y655076e,n2y3x8do,None,24
o1yn5kdq,7j424wx1,3dx24g1y,q25q982o,None,9
o1yn5kdq,7j424wx1,4d7je3d7,02qjr1pd,None,1
o1yn5kdq,7j424wx1,ldee4xd3,824preg2,None,4
o1yn5kdq,7j424wx1,j1lqlz6g,vdo3oodp,None,36
o1yn5kdq,7j424wx1,lder2l63,jdz5qv3d,None,63
o1yn5kdq,7j424wx1,46w2396r,ndx1mj2q,None,7
o1yn5kdq,7j424wx1,j1lz8z6g,z27ggx42,None,39
o1yn5kdq,7j424wx1,3dxqw41y,wdmzrgo2,None,12
o1yn5kdq,7j424wx1,46w407dr,5dwp8r5k,None,1
o1yn5kdq,7j424wx1,3693w86l,vdo4q012,None,11
o1yn5kdq,7j424wx1,9dop7o6p,824pyrm2,None,5
o1yn5kdq,7j424wx1,4d7j4zd7,zd3yqry2,None,4
o1yn5kdq,7j424wx1,9d3jee6l,xd1m5q7d,None,2
o1yn5kdq,7j424wx1,o1yppv1q,w20zwlzd,None,3
o1yn5kdq,7j424wx1,ldeox563,jdz5w7gd,None,3
o1yn5kdq,7j424wx1,o1ywo4dq,ndx840rk,None,7
o1yn5kdq,7j424wx1,nd20jq60,n2y1e5e2,None,1
o1yn5kdq,7j424wx1,4d78jr67,zd3673nd,None,2
o1yn5kdq,7j424wx1,4d799r17,zd3yer2n,None,53
o1yn5kdq,7j424wx1,pd0wq31e,7kjrn323,None,37
o1yn5kdq,7j424wx1,yd4w456e,7kjrqj32,None,1
o1yn5kdq,7j424wx1,pd0wq31e,02qjj79d,None,71
o1yn5kdq,7j424wx1,o1ywo4dq,xd1mvq7d,None,12
o1yn5kdq,7j424wx1,9d38pw1l,z27r8od0,None,4
o1yn5kdq,7j424wx1,yd4y3gde,q25owo8k,None,14
o1yn5kdq,7j424wx1,pdvvx4dw,mkeo1znd,None,3
o1yn5kdq,7j424wx1,369elldl,zdnweqed,None,2
o1yn5kdq,7j424wx1,pdvj2vdw,z2755zk0,None,95
o1yn5kdq,7j424wx1,nd28v5d0,zdn05x2q,None,5
o1yn5kdq,7j424wx1,yd4y3gde,rklxmg8k,ldy180kd,11
o1yn5kdq,7j424wx1,yd4y3gde,rklxmg8k,gdrp176w,5
o1yn5kdq,7j424wx1,yd4y3gde,zd304lrd,gdrp176w,4
o1yn5kdq,7j424wx1,yd4y3gde,rklxmg8k,nwlgpe09,5
o1yn5kdq,7j424wx1,268kp76p,ndxjrq52,None,2
o1yn5kdq,7j424wx1,46wyz3dr,w2045zkn,None,3
o1yn5kdq,7j424wx1,pd0wk21e,9d86o62n,None,148
o1yn5kdq,7j424wx1,268n5y6p,jdz5lzvd,None,20
o1yn5kdq,7j424wx1,w6jyz26j,rklxlgwk,None,5
o1yn5kdq,7j424wx1,y65o801e,9d8py96k,None,5
o1yn5kdq,7j424wx1,pd0nkw1e,xk9eqg20,None,24
o1yn5kdq,7j424wx1,y65o801e,xd10v4k8,None,12
o1yn5kdq,7j424wx1,lden0ld3,zdnwny9d,None,13
o1yn5kdq,7j424wx1,3692g2dl,wkpj9ojk,None,1
o1yn5kdq,7j424wx1,4d7njz67,7kj38423,None,3
o1yn5kdq,7j424wx1,w6jyn56j,q25o3owk,None,16
o1yn5kdq,7j424wx1,o6gv3x62,xk90nmgk,None,5
o1yn5kdq,7j424wx1,o1ywo4dq,9kvx9lo2,None,5
o1yn5kdq,7j424wx1,pd0wq31e,zdn1jxkq,None,92
o1yn5kdq,7j424wx1,9donxm1p,vdo0xj9d,None,12
o1yn5kdq,7j424wx1,v1pegpd8,02qg987d,None,3
o1yn5kdq,7j424wx1,y650z81e,jdzrz32v,None,3
o1yn5kdq,7j424wx1,268n5y6p,xd1evyw2,None,8
o1yn5kdq,7j424wx1,m1zeqx10,zd30v7nd,None,2
o1yn5kdq,7j424wx1,pdvp0vdw,jdz3e8r2,None,3
o1yn5kdq,7j424wx1,369go31l,02q6ezky,None,185
o1yn5kdq,7j424wx1,m1meg4d2,q25e9y2o,None,46
o1yn5kdq,7j424wx1,268n5y6p,mkeqz09k,None,13
o1yn5kdq,7j424wx1,v1ppk418,zdnw60qd,None,3
o1yn5kdq,7j424wx1,j1nqgl1p,wdmz9642,None,3
o1yn5kdq,7j424wx1,46ww596r,z27gm642,None,5
o1yn5kdq,7j424wx1,pd0p7l6e,9d8po6wk,None,2
o1yn5kdq,7j424wx1,o1y9v46q,xd17zn7d,None,95
o1yn5kdq,7j424wx1,268n5y6p,9d8p0p6k,None,10
o1yn5kdq,7j424wx1,pd0qkw1e,mke94xd6,None,30
o1yn5kdq,7j424wx1,nd2exrd0,zd36lndn,None,4
o1yn5kdq,7j424wx1,9d38o91l,rklx8mqk,None,2
o1yn5kdq,7j424wx1,m1mnojd2,wk6o5pk1,None,23
o1yn5kdq,7j424wx1,4d7x9l17,z2711z20,None,3
o1yn5kdq,7j424wx1,yd4rkk1e,z2719020,None,2
o1yn5kdq,7j424wx1,3dxklv1y,zd380nkn,None,2
o1yn5kdq,7j424wx1,m1menxd2,02qvvydy,None,5
o1yn5kdq,7j424wx1,j1lqqj6g,xk9nn620,None,88
o1yn5kdq,7j424wx1,kyd49x1e,7dggn7d4,None,40
o1yn5kdq,7j424wx1,9don4o1p,7kjvo3gk,None,4
o1yn5kdq,7j424wx1,pd0p4l6e,xd1r178k,None,24
o1yn5kdq,7j424wx1,k6q99m1g,vdozrvkp,None,6
o1yn5kdq,7j424wx1,76rxq468,jdz8n3dv,None,14
o1yn5kdq,7j424wx1,pdv92v1w,zdn8n9dq,None,8
o1yn5kdq,7j424wx1,k6qjwxdg,mke75n26,None,9
o1yn5kdq,7j424wx1,pd0wq31e,ndx31odq,None,35
o1yn5kdq,7j424wx1,ldenxld3,zd30vwnd,None,5
o1yn5kdq,7j424wx1,o6g8xx12,7kjvop3k,None,5
o1yn5kdq,7j424wx1,ldeyle13,q25oe0jk,None,5
o1yn5kdq,7j424wx1,268n5y6p,9kvpepok,None,9
o1yn5kdq,7j424wx1,k6q82x6g,5dwj91nk,None,2
o1yn5kdq,7j424wx1,9donoe1p,jdz369x2,None,18
o1yn5kdq,7j424wx1,268n5y6p,zdnwvmed,None,9
o1yn5kdq,7j424wx1,2682xy6p,z27gmr52,None,8
o1yn5kdq,7j424wx1,o6gknx12,9kv96j2g,None,28
o1yn5kdq,7j424wx1,y658506e,jdrp0w02,None,2
o1yn5kdq,7j424wx1,y658506e,q254p5wd,None,5
o1yn5kdq,7j424wx1,v1pe3pd8,9d8poxqk,None,16
o1yn5kdq,7j424wx1,9dowzm1p,82469gd5,None,7
o1yn5kdq,7j424wx1,k6qroz1g,jdrz7gk6,None,5
o1yn5kdq,7j424wx1,4pd0e21e,wk6j8qd1,None,17
o1yn5kdq,7j424wx1,x369rg6l,7kjr6n23,None,5
o1yn5kdq,7j424wx1,9d35qg1l,02q9qm7k,None,9
o1yn5kdq,7j424wx1,9dokjk1p,zd3jye2n,None,33
o1yn5kdq,7j424wx1,pd0wq31e,n2y1y72o,None,87
o1yn5kdq,7j424wx1,m1mexxd2,w20e37zd,None,20
o1yn5kdq,7j424wx1,369252dl,02qg9lzd,None,2
o1yn5kdq,7j424wx1,3695g2dl,mkegj826,None,3
o1yn5kdq,7j424wx1,4d7xxr17,7kj67n23,None,8
o1yn5kdq,7j424wx1,76rogl68,zdnwn4nd,None,8
o1yn5kdq,7j424wx1,46w5y96r,rkl7erdn,None,6
o1yn5kdq,7j424wx1,4pd03de5,jdrq07lk,None,227
o1yn5kdq,7j424wx1,268n5y6p,w20p7p5k,None,38
o1yn5kdq,7j424wx1,4pdv79dw,zd30qvdn,None,5
o1yn5kdq,7j424wx1,268n5y6p,vdo0l0vd,None,12
o1yn5kdq,7j424wx1,9d38pw1l,xk9r3gk0,None,6
o1yn5kdq,7j424wx1,kdkyne1m,02qgmj7d,None,7
o1yn5kdq,7j424wx1,kdkyne1m,z277j6o2,None,12
o1yn5kdq,7j424wx1,yd4k856e,02ql19ky,None,85
o1yn5kdq,7j424wx1,o1yq9kdq,jdrqwygk,None,13
o1yn5kdq,7j424wx1,xv1pzd8r,mkewpxk6,None,42
o1yn5kdq,7j424wx1,3698qgdl,z27rmzd0,None,5
o1yn5kdq,7j424wx1,l3dxogdy,wk68zp21,None,511
o1yn5kdq,7j424wx1,m9dok1pr,pmker8d6,None,130
o1yn5kdq,7j424wx1,m9dok1pr,pmker8d6,None,130
o1yn5kdq,7j424wx1,y65l4e1e,zd3mey2n,None,16
o1yn5kdq,7j424wx1,3dxkk51y,z27oygd0,None,76
o1yn5kdq,7j424wx1,l3dx51yv,rklxwwkn,None,199
o1yn5kdq,7j424wx1,om1m3625,w20p0zkn,None,1164
o1yn5kdq,7j424wx1,kyd4gde4,jzd3gn2n,None,169
o1yn5kdq,7j424wx1,y654y0de,7dg5og24,None,7
o1yn5kdq,7j424wx1,268e9556,zd36zmyd,None,7
o1yn5kdq,7j424wx1,xkdklg6m,02qj3jdy,None,18
o1yn5kdq,7j424wx1,8m1zpm60,zdnqxedq,None,56
o1yn5kdq,7j424wx1,pdvzor6w,xk9nw420,None,15
o1yn5kdq,7j424wx1,y65457de,jdrvmx26,None,206
o1yn5kdq,7j424wx1,m1mxoj62,02q8py2y,None,111
o1yn5kdq,7j424wx1,3dxq5y1y,zd30v8nd,None,6
o1yn5kdq,7j424wx1,nd28gvd0,9kvyv3kg,None,246
o1yn5kdq,7j424wx1,y65rxe1e,wdm94ekq,None,22
o1yn5kdq,7j424wx1,o1yn5kdq,n2yqevmk,None,29
o1yn5kdq,7j424wx1,268n5y6p,9d8p0p3k,None,12
o1yn5kdq,7j424wx1,268n5y6p,xd1rnr4k,None,7
o1yn5kdq,5j59znxv,ldep0513,824gj5e2,None,8
o1yn5kdq,5j59znxv,ldep0513,824gj5e2,None,9
o1yn5kdq,5j59znxv,ldep0513,9d84e1wk,None,12
o1yn5kdq,5j59znxv,kdkql2dm,wk6prrrd,None,4
o1yn5kdq,5j59znxv,kdkql2dm,n2yqrrmk,None,8
o1yn5kdq,5j59znxv,kdkql2dm,7dgxzlk4,None,9
o1yn5kdq,5j59znxv,kdkql2dm,wdmz7q32,None,4
o1yn5kdq,5j59znxv,kdkql2dm,7kjvll4k,None,8
o1yn5kdq,5j59znxv,kdkql2dm,xk90556k,None,8
o1yn5kdq,5j59znxv,kdkql2dm,jdz3rrg2,None,5
o1yn5kdq,5j59znxv,kdkql2dm,02qgeeyd,None,2
o1yn5kdq,5j59znxv,o1yn5kdq,n2yqevmk,None,57
o1yn5kdq,5j59znxv,kdkql2dm,z27g55z2,None,4
o1yn5kdq,5j59znxv,kdkql2dm,wkp9p82r,None,3
o1yn5kdq,jmp04zzj,o1yn5kdq,wdmrrqxk,nwl12l09,4
o1yn5kdq,jmp04zzj,v1po25p6,9kv60vo2,None,3
o1yn5kdq,jmp04zzj,kdkokl6m,n2yjry82,kwj72v7w,14
o1yn5kdq,jmp04zzj,kdkokl6m,n2yjry82,kwj7norw,16
o1yn5kdq,jmp04zzj,kdkokl6m,n2yjry82,owo7r3k9,8
o1yn5kdq,jmp04zzj,kdkokl6m,n2yjry82,5d7yg26d,14
o1yn5kdq,jpmm74yj,o1yn5kdq,n2yqevmk,None,8
o1yn5kdq,810v063x,o1yn5kdq,n2yqevmk,None,61
o1yn5kdq,xk4r95kj,o1yn5kdq,n2yqevmk,None,4
o1yn5kdq,8e63rn2j,o1yn5kdq,n2yqevmk,None,39
o1yn5kdq,xkm5k77j,2687r9dp,ndxp7jj2,None,28
o1yn5kdq,xkm5k77j,o1yn5kdq,n2yqevmk,None,74
o1yn5kdq,8wk77eq8,o1yn5kdq,n2yqevmk,None,10
o1yn5kdq,8rpenodj,o1yn5kdq,n2yqevmk,None,17
o1yn5kdq,8rpenodj,46w38o31,q25m5eyd,None,29
o1yn5kdq,8rpenodj,yd4o9l51,xk9v38vd,None,4
o1yn5kdq,8rpenodj,yd4o9l51,9kv95ye2,None,21
o1yn5kdq,864newwj,o1yn5kdq,82490gnd,None,2
o1yn5kdq,8gm5md18,o1yn5kdq,wdmrrqxk,ywegq1yd,2
o1yn5kdq,8gm5md18,o1yn5kdq,7kjvog4k,None,7
o1yn5kdq,48g1n7p8,o1yn5kdq,7kjvog4k,None,1
o1yn5kdq,48g1n7p8,o1yn5kdq,9d8n3nwd,None,2
o1yn5kdq,48g1n7p8,o1yn5kdq,wdmrrqxk,rdn8q0qd,1
o1yn5kdq,48g1n7p8,o1yn5kdq,wdmrrqxk,gdrlye6d,1
o1yn5kdq,48g1n7p8,o1yn5kdq,wdmrrqxk,nwl12l09,2
o1yn5kdq,48g1n7p8,o1yn5kdq,wdmrrqxk,ywegq1yd,1
o1yn5kdq,48g1n7p8,o1yn5kdq,n2yqevmk,None,3
o1yn5kdq,1xyg66zx,o1yn5kdq,n2yqevmk,None,46
o1yn5kdq,zxzp7njq,46wyp3dr,jdzjnrkv,None,13
o1yn5kdq,zxzp7njq,o6ge7912,7dggvvxd,None,2
o1yn5kdq,zxzp7njq,9do8xoo1,q25xvn8k,None,1
o1yn5kdq,zxzp7njq,3dx0ppdy,02qz392y,None,12
o1yn5kdq,zxzp7njq,3dxx24dy,zdnqqpxd,None,8
o1yn5kdq,zxzp7njq,pdv0k41w,5dwz60dg,None,2
o1yn5kdq,zxzp7njq,268egxo6,wdmv0ved,None,2
o1yn5kdq,zxzp7njq,76rx9846,5dwg58lk,None,1
o1yn5kdq,zxzp7njq,76rx9846,9d8gpllk,None,1
o1yn5kdq,zxzp7njq,76rx9846,9d8gpllk,None,2
o1yn5kdq,zxzp7njq,kdk4e21m,wk68jzr2,None,13
o1yn5kdq,zxzp7njq,kdky2x1m,q25o36gk,None,1
o1yn5kdq,zxzp7njq,y654g3de,jdrxv6xd,owo0xkkw,3
o1yn5kdq,zxzp7njq,268xlo1p,82449325,None,2
o1yn5kdq,zxzp7njq,yd4gqwde,wkpzm8dr,None,49
o1yn5kdq,zxzp7njq,j1nmky6p,rklpxqdn,None,4
o1yn5kdq,zxzp7njq,46wjq3dr,9kvr902g,None,10
o1yn5kdq,zxzp7njq,9dowxjk1,mkezpp8k,None,2
o1yn5kdq,zxzp7njq,m1mpe412,zd3ym4y2,None,2
o1yn5kdq,zxzp7njq,y654g3de,jdrxv6xd,rdqjqz29,4
o1yn5kdq,zxzp7njq,y654g3de,jdrxv6xd,5d7vr76d,4
o1yn5kdq,zxzp7njq,o1yn5kdq,n2yqevmk,None,32
o1yn5kdq,zxzp7njq,y654g3de,zdn4zekq,None,26
o1yn5kdq,zxzp7njq,9d3kjw1l,8244jn25,None,5
o1yn5kdq,zxzp7njq,76r7z518,rklxqgwk,None,3
o1yn5kdq,zxzp7njq,268xlo1p,mkeognxd,None,2
o1yn5kdq,zxzp7njq,y654g3de,jdrxngd6,None,3
o1yn5kdq,zxzp7njq,k6q9qz1g,9kv858dg,None,8
o1yn5kdq,zxzp7njq,k6q9qz1g,9kv858dg,None,53
o1yn5kdq,zxzp7njq,4d73n317,jdz36o32,None,271
o1yn5kdq,18v2vqej,k6q24x6g,7kjr4zz2,ldyeq0jw,2
o1yn5kdq,18v2vqej,k6q24x6g,7kjr4zz2,495jpn2w,4
o1yn5kdq,18v2vqej,369yel1l,02q16zdy,gdrp0rkw,19
o1yn5kdq,18v2vqej,k6q24x6g,7dgg3gld,nwl60epw,7
o1yn5kdq,18v2vqej,k6q24x6g,7dgg3gld,ywe40pqd,6
o1yn5kdq,18v2vqej,k6q24x6g,mke585nk,495jpn2w,4
o1yn5kdq,18v2vqej,k6q24x6g,7dgg3gld,ldyeq0jw,7
o1yn5kdq,18v2vqej,k6q24x6g,zdnqprxd,ldyeq0jw,3
o1yn5kdq,18v2vqej,o1yn5kdq,7kjvog4k,None,16
o1yn5kdq,jmldp5y8,o1yn5kdq,n2yqevmk,None,12
o1yn5kdq,8ge26k1j,o1yn5kdq,7kjvog4k,None,9
o1yn5kdq,8ge26k1j,o1yn5kdq,n2yqevmk,None,37
o1yn5kdq,jo3w7p0j,v1pgq818,z2776eo2,None,16
o1yn5kdq,jo3w7p0j,o1ypz41q,zdnqr67d,None,2
o1yn5kdq,jo3w7p0j,lde3mrn6,xd1e01z2,None,9
o1yn5kdq,jo3w7p0j,nd29y360,ndxj6612,None,1
o1yn5kdq,jo3w7p0j,yd4nxw6e,jdrppp52,None,3
o1yn5kdq,jo3w7p0j,k6q4jo0d,xd177zzd,None,3
o1yn5kdq,jo3w7p0j,pdvz4j46,wkp044w2,None,7
o1yn5kdq,jo3w7p0j,ldeyrx13,ndxj91j2,None,5
o1yn5kdq,jo3w7p0j,j1lyw4dg,q25omygk,None,3
o1yn5kdq,jo3w7p0j,yd4ywgde,zdnwpy7d,None,4
o1yn5kdq,jo3w7p0j,lde3olx6,jdrv55g2,None,2
o1yn5kdq,jo3w7p0j,3dx5pp1y,zdne69dq,None,19
o1yn5kdq,jo3w7p0j,76rx20e6,02qp597d,None,4
o1yn5kdq,jo3w7p0j,nd2nqed0,9d8r432n,None,11
o1yn5kdq,jo3w7p0j,ldenw5d3,jdrqojlk,None,4
o1yn5kdq,jo3w7p0j,pdv5l46w,wkpj3ggk,None,3
o1yn5kdq,jo3w7p0j,w6jyre6j,9kvp970k,None,1
o1yn5kdq,jo3w7p0j,yd4gqwde,wkpzm8dr,None,55
o1yn5kdq,jo3w7p0j,yd4gqwde,7kje1xd3,5d71kgdy,7
o1yn5kdq,jo3w7p0j,o1yz0kdq,xk90novk,None,5
o1yn5kdq,jo3w7p0j,k6qwkv06,wdmmqm4d,None,3
o1yn5kdq,jo3w7p0j,k6qwkv06,ndx07q1d,None,3
o1yn5kdq,jo3w7p0j,v1po3v76,7kjqymxd,None,5
o1yn5kdq,jo3w7p0j,369pex01,z27vvvg2,None,5
o1yn5kdq,jo3w7p0j,o1yn5kdq,9d8n3nwd,None,3
o1yn5kdq,jo3w7p0j,o6go2od2,02qjl57d,None,9
o1yn5kdq,jo3w7p0j,pdv8mk6w,xd1ryp8k,None,6
o1yn5kdq,jo3w7p0j,pdv8mk6w,zd309end,None,13
o1yn5kdq,jo3w7p0j,4d743rd7,xk93l4k0,None,8
o1yn5kdq,jo3w7p0j,pdv8mk6w,xd1ryp8k,None,2
o1yn5kdq,jo3w7p0j,y658506e,rklezor2,None,240
o1yn5kdq,jo3w7p0j,4d73n317,02qgm7jd,None,48
o1yn5kdq,jo3w7p0j,o6gxkxd2,mkejoz82,None,3
o1yn5kdq,jo3w7p0j,268egxo6,wdmv0ved,None,4
o1yn5kdq,jo3w7p0j,o1yn5kdq,n2yqevmk,None,51
o1yn5kdq,jo3w7p0j,vo6g4962,xk90mvk0,None,7
o1yn5kdq,jo3w7p0j,9d3rr2wd,n2y5on8k,None,3
o1yn5kdq,jo3w7p0j,v1p3q868,q25ryvko,None,9
o1yn5kdq,jo3w7p0j,om1m3625,w20p0zkn,None,634
o1yn5kdq,jo3w7p0j,9dowjl71,zdnl48x2,None,1
o1yn5kdq,jo3w7p0j,m1m4y412,q25444vd,None,9
