original_game_id,user_id,game_id,category_id,level_id,position
9d3vl96l,xko64v78,9d3vl96l,wkp5vzvd,ywey85rd,11
9d3vl96l,xko64v78,k6q4vm9d,ndx51j5k,None,5
9d3vl96l,xko64v78,o6gxkxd2,wk61z4od,None,19
9d3vl96l,j26m43nx,9d3vl96l,7dg8op42,None,57
9d3vl96l,xz9l49n8,9d3vl96l,n2yqy91k,None,5
9d3vl96l,j203n1px,9d3vl96l,7dg8op42,None,29
9d3vl96l,8v5rkr5j,pd0qq8l1,jdr9mo5d,ldyqqvzw,2
9d3vl96l,8v5rkr5j,pd0qq8l1,jdzej6gd,ldyqqvzw,4
9d3vl96l,8v5rkr5j,pd0qq8l1,02q90myk,ldyqqvzw,4
9d3vl96l,8v5rkr5j,pd0qq8l1,824l3jwd,ldyqqvzw,2
9d3vl96l,8v5rkr5j,pd0qq8l1,q25xvevk,ldyqqvzw,2
9d3vl96l,8v5rkr5j,pd0qq8l1,z27mx4z2,ldyqqvzw,3
9d3vl96l,8v5rkr5j,pd0qq8l1,rkl919qk,rw62207d,2
9d3vl96l,8v5rkr5j,pd0qq8l1,xk9pme6d,n93kkpew,3
9d3vl96l,8v5rkr5j,pd0qq8l1,z27mx4z2,n93kkpew,2
9d3vl96l,8v5rkr5j,9d3vl96l,7kjvn8zk,None,4
9d3vl96l,8v5rkr5j,46w33zl1,xk9e7oy2,None,7
9d3vl96l,8v5rkr5j,9d3vl96l,7dg8op42,None,28
9d3vl96l,8v5rkr5j,76rxy346,02qpgyyd,None,46
9d3vl96l,8wlqm2lj,yd487k6e,ndxo1rdq,None,25
9d3vl96l,8wlqm2lj,yd487k6e,02qjevzd,None,53
9d3vl96l,8wlqm2lj,9d3vl96l,7dgg5jgd,None,4
9d3vl96l,8wlqm2lj,9d3vl96l,z27gx4o2,None,2
9d3vl96l,8wlqm2lj,9d3vl96l,7kjvn8zk,None,2
9d3vl96l,8wlqm2lj,369vyg1l,7dg89yp2,None,3
9d3vl96l,8wlqm2lj,w6jn7x1j,7kj6poz2,None,7
9d3vl96l,8wlqm2lj,j1llx4e1,mkey8pn2,None,1
9d3vl96l,8wlqm2lj,j1llx4e1,5dw6xvl2,None,1
9d3vl96l,8wlqm2lj,j1llx4e1,vdo1omv2,None,2
9d3vl96l,8wlqm2lj,j1llx4e1,n2y9mx8d,None,1
9d3vl96l,8wlqm2lj,j1llx4e1,9d8nglqd,None,1
9d3vl96l,8wlqm2lj,j1llx4e1,ndxngq5k,None,2
9d3vl96l,8wlqm2lj,4d722r67,jdr1x0l2,None,1
9d3vl96l,8wlqm2lj,3dxqm51y,q25ojewk,None,1
9d3vl96l,8wlqm2lj,w6jmm26j,8246xjgd,rw64e469,2
9d3vl96l,8wlqm2lj,pd0lk0de,rklxrx6k,rdnnn47d,4
9d3vl96l,8wlqm2lj,k6qw4lo6,xd11568d,None,2
9d3vl96l,8wlqm2lj,j1llx4e1,wk6e46x2,None,2
9d3vl96l,8wlqm2lj,j1llx4e1,wkp3omw2,None,2
9d3vl96l,8wlqm2lj,yd487k6e,w20ry52n,None,51
9d3vl96l,8wlqm2lj,kdk29qdm,5dwjejlk,5920rjrd,2
9d3vl96l,8wlqm2lj,kdk29qdm,5dwjejlk,ewp7opzw,1
9d3vl96l,8wlqm2lj,kdk29qdm,5dwjejlk,rdqzo01d,1
9d3vl96l,8wlqm2lj,kdk29qdm,5dwjejlk,y9m5ge1d,2
9d3vl96l,8wlqm2lj,kdk29qdm,5dwjejlk,n93qlyrw,1
9d3vl96l,8wlqm2lj,kdk29qdm,5dwjejlk,xd40e6p9,3
9d3vl96l,8wlqm2lj,kdk29qdm,5dwjejlk,xd0kn3j9,1
9d3vl96l,8wlqm2lj,kdk29qdm,5dwjejlk,5wkke2qw,1
9d3vl96l,8wlqm2lj,w6jn7x1j,jdr58nk6,None,13
9d3vl96l,8wlqm2lj,w6jn7x1j,jdr16jx2,None,10
9d3vl96l,8lp59l7j,w6j2kx1j,zd36q9rd,None,1
9d3vl96l,8lp59l7j,m1mxlkj6,5dw4l6gk,None,1
9d3vl96l,8lp59l7j,2689591p,ndx4zv2q,None,55
9d3vl96l,8lp59l7j,9d3vl96l,7dgg5jgd,None,6
9d3vl96l,8lp59l7j,9d3vl96l,xd1394wk,None,4
9d3vl96l,8lp59l7j,k6q4jwxd,zd37yre2,None,1
9d3vl96l,8rple3dj,9d3vl96l,n2yqy91k,None,4
9d3vl96l,xz7ml9ej,9d3vl96l,7dg8op42,None,17
9d3vl96l,864y4v5j,9d3vl96l,7dg8op42,None,18
9d3vl96l,x3wpnykj,9d3vl96l,7dg8op42,None,62
9d3vl96l,x76ov1qj,kdkm5ol1,ndx0vzod,None,128
9d3vl96l,x76ov1qj,9d3vl96l,7dg8op42,None,5
9d3vl96l,x76ov1qj,pd0qq4v1,jdze0ovd,None,13
9d3vl96l,81qgeopj,9d3vl96l,7dg8op42,None,24
9d3vl96l,8dgw6pl8,9d3vl96l,7dg8op42,None,43
9d3vl96l,8d0kmvlx,9d3vl96l,7dg8op42,None,51
9d3vl96l,8v2n092j,9d3vl96l,wkp5vzvd,ywey85rd,16
9d3vl96l,7j4r0kl8,pd0wq31e,n2y1y72o,None,1377
9d3vl96l,7j4r0kl8,j1neq2e1,mkeqvy6k,None,5
9d3vl96l,7j4r0kl8,w6jmm26j,9d86pe32,kwj51519,17
9d3vl96l,7j4r0kl8,w6jmm26j,9d86pe32,5d7vzved,23
9d3vl96l,7j4r0kl8,46w0n91r,02ql37pk,None,121
9d3vl96l,7j4r0kl8,nd2mev10,w2014vjk,None,11
9d3vl96l,7j4r0kl8,nd2mev10,w2014vjk,None,15
9d3vl96l,7j4r0kl8,y65px8de,wk61lgrd,n937262d,224
9d3vl96l,7j4r0kl8,46w0n91r,mkejvej2,None,63
9d3vl96l,7j4r0kl8,46w0n91r,vdoqz66k,None,134
9d3vl96l,7j4r0kl8,46w0n91r,824rg9gd,None,321
9d3vl96l,7j4r0kl8,46w0n91r,7dg5xzg2,None,68
9d3vl96l,7j4r0kl8,46w0n91r,5dwy905k,None,63
9d3vl96l,7j4r0kl8,46w0n91r,7dg5xzg2,None,69
9d3vl96l,7j4r0kl8,46w0n91r,5dwy905k,None,35
9d3vl96l,7j4r0kl8,46w0n91r,02ql37pk,None,135
9d3vl96l,7j4r0kl8,46w0n91r,5dwy905k,None,34
9d3vl96l,7j4r0kl8,46w0n91r,7dg5xzg2,None,43
9d3vl96l,7j4r0kl8,46w0n91r,5dwy905k,None,37
9d3vl96l,7j4r0kl8,46w0n91r,mkejvej2,None,47
9d3vl96l,7j4r0kl8,46w0n91r,mkejvej2,None,41
9d3vl96l,7j4r0kl8,46w0n91r,7dg5xzg2,None,163
9d3vl96l,7j4r0kl8,46w0n91r,mkejvej2,None,44
9d3vl96l,7j4r0kl8,46w0n91r,wdm4veed,None,222
9d3vl96l,7j4r0kl8,nd2zw3d0,mkej89j2,None,6
9d3vl96l,7j4r0kl8,9d3j006l,824poyg2,ldyergzw,8
9d3vl96l,7j4r0kl8,9d3j006l,824poyg2,69zrl2od,4
9d3vl96l,7j4r0kl8,nd259qd0,wk6pnpod,None,6
9d3vl96l,7j4r0kl8,xv1pg718,xw20x52n,None,148
9d3vl96l,7j4r0kl8,9d3vl96l,z27gx4o2,None,32
9d3vl96l,7j4r0kl8,9d3vl96l,7dg8op42,None,66
9d3vl96l,7j4r0kl8,pd0ngw1e,5dw9y52g,None,228
9d3vl96l,7j4r0kl8,369vyg1l,7dg89yp2,None,3
9d3vl96l,7j4r0kl8,xv1pg718,lvdoxvdp,None,104
9d3vl96l,7j4r0kl8,xv1pg718,37dg0pk4,None,92
9d3vl96l,7j4r0kl8,xv1pg718,xwdmvodq,None,100
9d3vl96l,7j4r0kl8,k6q9jm1g,q25jogdo,None,11
9d3vl96l,7j4r0kl8,xv1pg718,4xk94vd0,None,62
9d3vl96l,7j4r0kl8,9d3evg1l,q25r5gko,None,3
9d3vl96l,7j4r0kl8,xv1pg718,7wkp0w2r,None,97
9d3vl96l,x7qyg008,46w33zl1,wk6oeeqk,5d7q6ngw,4
9d3vl96l,x7qyg008,9d3vl96l,7dg8op42,None,6
9d3vl96l,x7qyg008,yd4q256e,q255e8y2,rdn5l17d,1
9d3vl96l,x7qyg008,y65px8de,7kjzny4d,gdrej7z9,1
9d3vl96l,x7qyg008,46w33zl1,5dw59w0d,None,1
9d3vl96l,x7qyg008,9d3vl96l,7kjvn8zk,None,3
9d3vl96l,x7qyg008,46w33zl1,9d86xpq2,None,1
9d3vl96l,x7qyg008,m1m3rk62,7kjrel32,rw6537d7,4
9d3vl96l,x7qyg008,46w33zl1,5dw59w0d,None,1
9d3vl96l,x7qyg008,nd2evoqd,zd3o3qyd,None,5
9d3vl96l,x7qyg008,nd2evoqd,wdmv5ned,None,1
9d3vl96l,x7qyg008,m1mxxrx6,02qo94jk,None,2
9d3vl96l,x7qyg008,9d3vl96l,wkp5vzvd,ywey85rd,5
9d3vl96l,x7qyg008,nd2evoqd,wdmvrrod,None,1
9d3vl96l,x7qyg008,nd2evoqd,9d8el53d,None,1
9d3vl96l,x7qyg008,nd2evoqd,zd3oq5vd,None,1
9d3vl96l,x7qyg008,kdkom26m,wk6nojq2,5d7e2pgw,1
9d3vl96l,x7qyg008,w6jn7x1j,ndxe54rk,None,2
9d3vl96l,x7qyg008,y65px8de,7kjzny4d,ywe1x67d,2
9d3vl96l,x7qyg008,y65px8de,7kjzny4d,ywe14prd,1
9d3vl96l,x7qyg008,y6545g3d,02qoewjk,rdq7z6m9,1
9d3vl96l,x7qyg008,y6545g3d,02qoewjk,owo67gvw,1
9d3vl96l,x7qyg008,y6545g3d,02qoewjk,5d74y65d,1
9d3vl96l,x7qyg008,y6545g3d,02qoewjk,kwjz7or9,1
9d3vl96l,x7qyg008,y6545g3d,02qoewjk,xd12jvqw,1
9d3vl96l,x7qyg008,y6545g3d,02qoewjk,ewpx7kld,1
9d3vl96l,x7qyg008,y6545g3d,02qoewjk,ewpx7kld,1
9d3vl96l,x7qyg008,9d3vl96l,7kjvn8zk,None,3
9d3vl96l,x7qyg008,y6545g3d,jdz8rlgd,None,2
9d3vl96l,x7qyg008,46w33zl1,wk6oeeqk,69zemyl9,3
9d3vl96l,x7qyg008,46w33zl1,wk6oeeqk,o9xrm809,3
9d3vl96l,x7qyg008,46w33zl1,wk6oeeqk,r9gqke5d,4
9d3vl96l,x7qyg008,m1mxxrx6,jdz8el3d,None,4
9d3vl96l,x7qyg008,76r70q18,xd1ml7rd,None,73
9d3vl96l,x7qyg008,yd4oppg1,zd3x53ed,None,4
9d3vl96l,x7qyg008,46w33zl1,wkp3x4w2,None,4
9d3vl96l,x7qyg008,3dxz7p1y,mkex06d6,xd165y9o,1
9d3vl96l,x7qyg008,yd4oppg1,jdzwon3d,None,6
9d3vl96l,x7qyg008,y65px8de,7kjzny4d,ldyye0zd,2
9d3vl96l,x7qyg008,y65px8de,7kjzny4d,owo0k2vw,2
9d3vl96l,x7qyg008,y65px8de,7kjzny4d,nwll6erw,2
9d3vl96l,x7qyg008,y65px8de,7kjzny4d,n937262d,2
9d3vl96l,x7qyg008,y65px8de,7kjzny4d,z98621rd,2
9d3vl96l,8e6zg92j,pd0w2o21,rkljl16d,None,114
9d3vl96l,8e6zg92j,9d3vl96l,z27gx4o2,None,36
9d3vl96l,8lpwmwlj,v1pxpw86,7kjg6x4k,4952ry39,1
9d3vl96l,8lpwmwlj,v1pxpw86,7kjg6x4k,rdq83g2d,1
9d3vl96l,8lpwmwlj,v1pxpw86,7kjg6x4k,kwjg887w,1
9d3vl96l,8lpwmwlj,kdkmqrq1,824l5n3d,None,1
9d3vl96l,8lpwmwlj,v1pxpw86,7kjg6x4k,o9xgzkpd,1
9d3vl96l,8lpwmwlj,j1n29w1p,5dw496ek,None,83
9d3vl96l,8lpwmwlj,v1pxpw86,n2yvgwm2,None,1
9d3vl96l,8lpwmwlj,o1yj5n21,02qrgm7k,69zll5gd,1
9d3vl96l,8lpwmwlj,o1yj5n21,02qrgm7k,rdqmm829,1
9d3vl96l,8lpwmwlj,o1yj5n21,02qrgm7k,xd1zzz5w,1
9d3vl96l,8lpwmwlj,o1yj5n21,02qrgm7k,y9mmmmx9,1
9d3vl96l,8lpwmwlj,o1yj5n21,02qrgm7k,5wkmmmpd,1
9d3vl96l,8lpwmwlj,j1ne0qx1,mkelgg6d,None,1
9d3vl96l,8lpwmwlj,o1yj5n21,02qrgm7k,5926663d,1
9d3vl96l,8lpwmwlj,o1yj5n21,02qrgm7k,29v888ld,1
9d3vl96l,8lpwmwlj,o1yj5n21,02qrgm7k,xd4555rw,1
9d3vl96l,8lpwmwlj,46w3ovl1,wdm7gl4d,495rk43d,1
9d3vl96l,8lpwmwlj,9d38lw91,9d8lyj72,None,2
9d3vl96l,8lpwmwlj,pd0wg921,wdm63v4k,None,1
9d3vl96l,8lpwmwlj,j1n8yme1,9kvnnpjd,495gl32w,1
9d3vl96l,8lpwmwlj,o1yj5n21,02qrgm7k,ywevvy7d,1
9d3vl96l,8lpwmwlj,v1pxk7m6,w205j6od,oworlvvw,1
9d3vl96l,8lpwmwlj,v1pxk7m6,w205j6od,xd1n6oqw,1
9d3vl96l,8lpwmwlj,ldejrrj1,xd1wjzz2,592pyl3w,1
9d3vl96l,8lpwmwlj,pd0wg921,w2037xz2,None,1
9d3vl96l,8lpwmwlj,m1zkgg01,xd1qyyw2,None,2
9d3vl96l,8lpwmwlj,pd0wg921,w2037xz2,None,1
9d3vl96l,8lpwmwlj,9d38y201,vdop6862,None,1
9d3vl96l,8lpwmwlj,2687r9dp,w201vpzk,None,1
9d3vl96l,8lpwmwlj,4d7nexl6,9kvny30d,None,1
9d3vl96l,8lpwmwlj,4d7nexl6,9kvny30d,None,3
9d3vl96l,8lpwmwlj,2687r9dp,ndxp7jj2,None,1
9d3vl96l,8lpwmwlj,v1pxk7m6,w205j6od,kwj23mr9,1
9d3vl96l,8lpwmwlj,ldej4y51,wkpr6902,rdnyrk79,1
9d3vl96l,8lpwmwlj,pdv2pw46,vdoy93o2,rdn8656d,1
9d3vl96l,8lpwmwlj,pdv2pw46,vdoy93o2,z98qyj19,1
9d3vl96l,8lpwmwlj,m1zkgg01,zd3rp48d,None,2
9d3vl96l,8lpwmwlj,9d38y201,wdmm0led,None,1
9d3vl96l,8lpwmwlj,76r3ylv6,zd3qqyyk,rdqrn1kw,1
9d3vl96l,8lpwmwlj,kdkmg5q1,02q7gvzd,4951kjjw,1
9d3vl96l,8lpwmwlj,kdkmg5q1,02q7gvzd,rdqkz01d,1
9d3vl96l,8lpwmwlj,kdkmg5q1,02q7gvzd,5d7my7vd,1
9d3vl96l,8lpwmwlj,kdkmg5q1,02q7gvzd,kwjq7yz9,1
9d3vl96l,8lpwmwlj,kdkmg5q1,jdzo3wx2,owop7ky9,1
9d3vl96l,8lpwmwlj,kdkmg5q1,02q7gvzd,ldyz1ezw,1
9d3vl96l,8lpwmwlj,kdkmg5q1,xk990vxk,None,1
9d3vl96l,8lpwmwlj,kdkmg5q1,02q7gvzd,owop7ky9,1
9d3vl96l,8lpwmwlj,9d38n2y1,7kj7gozk,ldyz6o7w,1
9d3vl96l,8lpwmwlj,46w3ovl1,jdrvppg2,rw6xo7pw,1
9d3vl96l,8lpwmwlj,76r3ylv6,zd3qqyyk,ywegq8yd,1
9d3vl96l,8lpwmwlj,76r3ylv6,zd3qqyyk,69zj84lw,1
9d3vl96l,8lpwmwlj,76r3ylv6,zd3qqyyk,r9g5735d,1
9d3vl96l,8lpwmwlj,m1zkgg01,7kj7j64k,495e5jj9,1
9d3vl96l,8lpwmwlj,j1n8m7w1,mkex3nnd,rw67ezp9,1
9d3vl96l,8lpwmwlj,kdkmg5q1,jdzo3wx2,4951kjjw,1
9d3vl96l,8lpwmwlj,kdkmg5q1,02q7gvzd,o9xe121w,1
9d3vl96l,8lpwmwlj,76r3ylv6,zd3qqyyk,495gm80w,1
9d3vl96l,8lpwmwlj,76r3ylv6,zd3qqyyk,o9xqxl0w,1
9d3vl96l,8lpwmwlj,76r3ylv6,zd3qqyyk,nwl12709,1
9d3vl96l,8lpwmwlj,76r3xq46,mkevyl82,nwl0loew,1
9d3vl96l,8lpwmwlj,76r3xq46,mkevyl82,ywe01579,1
9d3vl96l,8lpwmwlj,76r3xq46,mkevyl82,69z732gw,1
9d3vl96l,8lpwmwlj,76r3xq46,mkevyl82,r9g624pw,1
9d3vl96l,8lpwmwlj,m1mnjo3d,xk9xx06k,z98qmj79,1
9d3vl96l,8lpwmwlj,m1mnjo3d,xk9xx06k,ldy63ek9,1
9d3vl96l,8lpwmwlj,46w3ovl1,w20vjyok,rw6xo7pw,1
9d3vl96l,8lpwmwlj,m1mnjo3d,xk9xx06k,29vxzy1w,1
9d3vl96l,8lpwmwlj,m1mnjo3d,xk9xx06k,rdn8q5qd,1
9d3vl96l,8lpwmwlj,o1yjnmr1,7kjljnx2,r9gogyjw,1
9d3vl96l,8lpwmwlj,9d38lw91,q251j4vd,None,2
9d3vl96l,8lpwmwlj,nd2844qd,zd3r1ped,None,1
9d3vl96l,8lpwmwlj,m1mn4xpd,5dwqgmnd,None,1
9d3vl96l,8lpwmwlj,pd0wg921,xd1vn18d,None,1
9d3vl96l,8lpwmwlj,pd0wg921,wdm63v4k,None,1
9d3vl96l,8lpwmwlj,pd0wg921,w2037xz2,None,1
9d3vl96l,8lpwmwlj,pd0w79v1,jdr7r102,None,6
9d3vl96l,8lpwmwlj,pd0w79v1,02ql48zk,None,9
9d3vl96l,8lpwmwlj,pd0w79v1,824rnm3d,None,1
9d3vl96l,8lpwmwlj,pd0w79v1,9d8gyjqk,None,2
9d3vl96l,8lpwmwlj,pd0w79v1,xd17j38d,None,2
9d3vl96l,8lpwmwlj,pd0w79v1,zd37jln2,None,2
9d3vl96l,8lpwmwlj,pd0w79v1,9kvy8j0k,None,2
9d3vl96l,8lpwmwlj,pd0w79v1,rklj5qwd,None,2
9d3vl96l,8lpwmwlj,pd0w79v1,ndx13mj2,None,2
9d3vl96l,8lpwmwlj,76r3lrq6,jdzn5zgd,None,2
9d3vl96l,8lpwmwlj,m1mnjo3d,xk9xx06k,ywegq4yd,1
9d3vl96l,8lpwmwlj,4d7nexl6,9kvny30d,None,1
9d3vl96l,8lpwmwlj,j1nwmx1p,jdrvn752,None,1
9d3vl96l,8lpwmwlj,m1zkgg01,vdon6gyk,None,3
9d3vl96l,8lpwmwlj,m1mnelpd,jdzl3p62,None,1
9d3vl96l,8lpwmwlj,4d7nexl6,9kvny30d,None,1
9d3vl96l,8lpwmwlj,m1mnelpd,jdzl3p62,None,1
9d3vl96l,8lpwmwlj,m1mnelpd,jdzl3p62,None,1
9d3vl96l,8lpwmwlj,m1mnelpd,jdzl3p62,None,1
9d3vl96l,8lpwmwlj,m1mnelpd,jdzl3p62,None,1
9d3vl96l,8lpwmwlj,m1mnelpd,jdzl3p62,None,1
9d3vl96l,8lpwmwlj,m1mnelpd,jdzl3p62,None,1
9d3vl96l,8lpwmwlj,4d7nexl6,9kvny30d,None,1
9d3vl96l,8lpwmwlj,4d7nexl6,9kvny30d,None,1
9d3vl96l,8lpwmwlj,4d7nexl6,9kvny30d,None,2
9d3vl96l,8lpwmwlj,m1mnelpd,jdzl3p62,None,1
9d3vl96l,8lpwmwlj,76rxlve6,9d85lzwd,None,1
9d3vl96l,8lpwmwlj,4d7nexl6,9kvny30d,None,1
9d3vl96l,8lpwmwlj,4d7nexl6,9kvny30d,None,1
9d3vl96l,8lpwmwlj,4d7nexl6,9kvny30d,None,1
9d3vl96l,8lpwmwlj,4d7nexl6,9kvny30d,None,1
9d3vl96l,8lpwmwlj,4d7nexl6,9kvny30d,None,1
9d3vl96l,8lpwmwlj,4d7nexl6,9kvny30d,None,1
9d3vl96l,8lpwmwlj,yd4kg9p6,rkl57zr2,5wkm60xd,1
9d3vl96l,8lpwmwlj,yd4kg9p6,rkl57zr2,5wkm60xd,1
9d3vl96l,8lpwmwlj,4d7nexl6,9kvny30d,None,2
9d3vl96l,8lpwmwlj,4d7nexl6,9kvny30d,None,2
9d3vl96l,8lpwmwlj,4d7nexl6,9kvny30d,None,2
9d3vl96l,8lpwmwlj,4d7nexl6,9kvny30d,None,1
9d3vl96l,8lpwmwlj,4d7nexl6,9kvny30d,None,1
9d3vl96l,8lpwmwlj,4d7nexl6,9kvny30d,None,1
9d3vl96l,8lpwmwlj,268elpk6,xd1vj47d,None,1
9d3vl96l,8lpwmwlj,268e7oy6,wk600qok,r9g6ygqw,1
9d3vl96l,8lpwmwlj,268e7oy6,xd1jrnrd,r9g6ygqw,1
9d3vl96l,8lpwmwlj,268e7oy6,n2yeel7k,r9g6ygqw,1
9d3vl96l,8lpwmwlj,268e7oy6,7kjoo032,r9g6ygqw,1
9d3vl96l,8lpwmwlj,j1n2k91p,z271wr02,r9g73y59,5
9d3vl96l,8lpwmwlj,268elpk6,rklr53rk,None,5
9d3vl96l,8lpwmwlj,268elpk6,rklr53rk,None,4
9d3vl96l,8lpwmwlj,268elpk6,rklr53rk,None,5
9d3vl96l,8lpwmwlj,4d7nexl6,9kvny30d,None,2
9d3vl96l,8lpwmwlj,4d7nexl6,9kvny30d,None,2
9d3vl96l,8lpwmwlj,9d3rn00d,wkp30zj2,59240xgw,7
9d3vl96l,8lpwmwlj,j1n8yme1,9kvnnpjd,o9xq386w,1
9d3vl96l,8lpwmwlj,4d7nexl6,9kvny30d,None,2
9d3vl96l,8lpwmwlj,4d7nexl6,9kvny30d,None,2
9d3vl96l,8lpwmwlj,j1nwmx1p,02qv0ypd,None,3
9d3vl96l,8lpwmwlj,9d38lw91,8248npwk,None,2
9d3vl96l,8lpwmwlj,9d38lw91,q2553782,None,2
9d3vl96l,8lpwmwlj,9d38lw91,q2553782,None,2
9d3vl96l,8lpwmwlj,9d38lw91,9d8lyj62,None,3
9d3vl96l,8lpwmwlj,46w3ovl1,wdmlg83k,rdq3zl2w,1
9d3vl96l,8lpwmwlj,268elpk6,8240zjwd,xd14y7zd,11
9d3vl96l,8lpwmwlj,nd283med,5dwqxpnd,rdnvo5v9,5
9d3vl96l,8lpwmwlj,9d3k791l,n2yv8vm2,69zlqj4d,1
9d3vl96l,8lpwmwlj,9d3k791l,n2yv8vm2,495qrn49,1
9d3vl96l,8lpwmwlj,9d38lw91,9kvn8jod,None,4
9d3vl96l,8lpwmwlj,9d38lw91,rkl0q1qk,None,4
9d3vl96l,8lpwmwlj,9d38lw91,wdmr56ok,None,4
9d3vl96l,8lpwmwlj,46w3ovl1,wdmlg83k,495rk43d,1
9d3vl96l,8lpwmwlj,46w3ovl1,wdmlg83k,rdn8z85d,1
9d3vl96l,8lpwmwlj,46w3ovl1,wdmlg83k,rw6xo7pw,1
9d3vl96l,8lpwmwlj,46w3ovl1,w20vjyok,rdn8z85d,1
9d3vl96l,8lpwmwlj,nd283med,5dwqxpnd,rw60qk7w,1
9d3vl96l,8lpwmwlj,j1n8yme1,9kvnnpjd,nwl1pqp9,1
9d3vl96l,8lpwmwlj,j1n8yme1,9kvnnpjd,ywegmrqd,1
9d3vl96l,8lpwmwlj,4d7zpl67,7kjq934d,rw63rlnw,1
9d3vl96l,8lpwmwlj,j1n8yme1,9kvnnpjd,69zjny6w,1
9d3vl96l,8lpwmwlj,j1n8yme1,9kvnnpjd,r9g51eqd,1
9d3vl96l,8lpwmwlj,pd0w79v1,jdzvlpxk,None,6
9d3vl96l,8lpwmwlj,w6jl2eed,9kv6z902,None,1
9d3vl96l,8lpwmwlj,76r3ylv6,zd3qqyyk,gdrlyq6d,1
9d3vl96l,8lpwmwlj,nd28x53d,9kvrg132,29vv2zx9,3
9d3vl96l,8lpwmwlj,nd28x53d,rkl08o8k,29vv2zx9,3
9d3vl96l,8lpwmwlj,nd28x53d,ndxrwvvd,29vv2zx9,2
9d3vl96l,8lpwmwlj,nd28x53d,w20e49od,29vv2zx9,3
9d3vl96l,8lpwmwlj,nd28x53d,9kvrg132,xd4mxk8d,3
9d3vl96l,8lpwmwlj,nd28x53d,rkl08o8k,xd4mxk8d,2
9d3vl96l,8lpwmwlj,nd28x53d,ndxrwvvd,xd4mxk8d,3
9d3vl96l,8lpwmwlj,nd28x53d,w20e49od,xd4mxk8d,2
9d3vl96l,8lpwmwlj,nd28x53d,9kvrg132,xd0jx4jw,3
9d3vl96l,8lpwmwlj,nd28x53d,rkl08o8k,xd0jx4jw,2
9d3vl96l,8lpwmwlj,nd28x53d,ndxrwvvd,xd0jx4jw,1
9d3vl96l,8lpwmwlj,nd28x53d,w20e49od,xd0jx4jw,3
9d3vl96l,8lpwmwlj,76r3ylv6,zd3qqyyk,z98qm8g9,1
9d3vl96l,8lpwmwlj,46wkwq6r,7dgxyogk,xd14re6d,4
9d3vl96l,8lpwmwlj,kdkmg5q1,jdzo3wx2,kwjq7yz9,1
9d3vl96l,8lpwmwlj,kdkmg5q1,jdzo3wx2,o9xe121w,1
9d3vl96l,8lpwmwlj,kdkmg5q1,jdzo3wx2,rdqkz01d,1
9d3vl96l,8lpwmwlj,kdkmg5q1,jdzo3wx2,5d7my7vd,1
9d3vl96l,8lpwmwlj,lde3grj6,8241w1n2,gdr8pgl9,1
9d3vl96l,8lpwmwlj,lde3grj6,q253rggk,None,3
9d3vl96l,8lpwmwlj,nd28x53d,9kvrg132,49504m4d,2
9d3vl96l,8lpwmwlj,nd28x53d,rkl08o8k,49504m4d,4
9d3vl96l,8lpwmwlj,nd28x53d,ndxrwvvd,49504m4d,3
9d3vl96l,8lpwmwlj,nd28x53d,w20e49od,49504m4d,4
9d3vl96l,8lpwmwlj,nd28x53d,9kvrg132,rdqvlng9,4
9d3vl96l,8lpwmwlj,nd28x53d,9kvrg132,xd1ox4y9,3
9d3vl96l,8lpwmwlj,nd28x53d,rkl08o8k,xd1ox4y9,2
9d3vl96l,8lpwmwlj,nd28x53d,ndxrwvvd,xd1ox4y9,3
9d3vl96l,8lpwmwlj,nd28x53d,w20e49od,xd1ox4y9,3
9d3vl96l,8lpwmwlj,nd28x53d,9kvrg132,ewpvr84w,3
9d3vl96l,8lpwmwlj,nd28x53d,rkl08o8k,ewpvr84w,3
9d3vl96l,8lpwmwlj,nd28x53d,ndxrwvvd,ewpvr84w,3
9d3vl96l,8lpwmwlj,nd28x53d,w20e49od,ewpvr84w,3
9d3vl96l,8lpwmwlj,nd28x53d,9kvrg132,y9mv8209,2
9d3vl96l,8lpwmwlj,nd28x53d,rkl08o8k,y9mv8209,1
9d3vl96l,8lpwmwlj,nd28x53d,ndxrwvvd,y9mv8209,3
9d3vl96l,8lpwmwlj,nd28x53d,w20e49od,y9mv8209,1
9d3vl96l,8lpwmwlj,nd28x53d,9kvrg132,5wkvpqxd,3
9d3vl96l,8lpwmwlj,nd28x53d,rkl08o8k,5wkvpqxd,1
9d3vl96l,8lpwmwlj,nd28x53d,ndxrwvvd,5wkvpqxd,2
9d3vl96l,8lpwmwlj,nd28x53d,w20e49od,5wkvpqxd,2
9d3vl96l,8lpwmwlj,nd28x53d,9kvrg132,5921546w,3
9d3vl96l,8lpwmwlj,o1yjnmr1,zd3q9oyk,None,1
9d3vl96l,8lpwmwlj,9d3rn00d,wkp30zj2,r9g7yvq9,16
9d3vl96l,8lpwmwlj,9d3rn00d,wkp30zj2,nwl2grpd,9
9d3vl96l,8lpwmwlj,9d3rn00d,wkp30zj2,ewp87gl9,11
9d3vl96l,8lpwmwlj,lde3grj6,8241w1n2,rw6lqrgw,1
9d3vl96l,8lpwmwlj,76r3xq46,mkevyl82,n93k74zw,4
9d3vl96l,8lpwmwlj,76r3xq46,mkevyl82,rdn30z7w,2
9d3vl96l,8lpwmwlj,76r3xq46,mkevyl82,ldyqygrw,1
9d3vl96l,8lpwmwlj,76r3xq46,mkevyl82,gdrrexld,3
9d3vl96l,8lpwmwlj,9d3rn00d,wkp30zj2,y9m25lld,7
9d3vl96l,8lpwmwlj,76r3xq46,mkevyl82,z98p67pw,1
9d3vl96l,8lpwmwlj,m1mnjo3d,xk9xx06k,nwl12609,1
9d3vl96l,8lpwmwlj,m1mnjo3d,xk9xx06k,z98qmjg9,1
9d3vl96l,8lpwmwlj,yd487k6e,02qjevzd,None,222
9d3vl96l,8lpwmwlj,268elpk6,z2719qo2,None,4
9d3vl96l,8lpwmwlj,268elpk6,z2719qo2,None,11
9d3vl96l,8lpwmwlj,9d3rn00d,wkp30zj2,rdnqoend,2
9d3vl96l,8lpwmwlj,j1n8yme1,9kvnnpjd,gdrl1m8d,1
9d3vl96l,8lpwmwlj,lde3grj6,8241w1n2,z98zrep9,1
9d3vl96l,8lpwmwlj,4d7zpl67,7kjq934d,5d78ll5w,1
9d3vl96l,8lpwmwlj,76r3xq46,zdnny8ed,None,1
9d3vl96l,8lpwmwlj,268e7oy6,n2yeel7k,69z7pg6w,1
9d3vl96l,8lpwmwlj,268e7oy6,7kjoo032,69z7pg6w,1
9d3vl96l,8lpwmwlj,268e7oy6,xd1jrnrd,69z7pg6w,1
9d3vl96l,8lpwmwlj,268e7oy6,wk600qok,69z7pg6w,4
9d3vl96l,8lpwmwlj,76r3xq46,mkevyl82,29vg32l9,1
9d3vl96l,8lpwmwlj,j1n894e1,jdrr44xd,None,54
9d3vl96l,8lpwmwlj,m1mnjo3d,xk9xx06k,r9g57z5d,1
9d3vl96l,8lpwmwlj,m1mnjo3d,xk9xx06k,o9xqx20w,1
9d3vl96l,8lpwmwlj,v1p2mzd8,7kjzeg3d,nwllgjgw,3
9d3vl96l,8lpwmwlj,j1n8yme1,9kvnnpjd,ldy68nj9,1
9d3vl96l,8lpwmwlj,m1mnjo3d,xk9xx06k,n93em0nw,1
9d3vl96l,8lpwmwlj,m1mnjo3d,xk9xx06k,n93em07w,1
9d3vl96l,8lpwmwlj,76r3xq46,z27mv102,None,3
9d3vl96l,8lpwmwlj,46wk276r,wdm41r4d,None,5
9d3vl96l,8lpwmwlj,pd0w79v1,w20yqwzk,None,4
9d3vl96l,8lpwmwlj,pd0w79v1,jdzvlpxk,None,12
9d3vl96l,8lpwmwlj,76r3ylv6,zd3qqyyk,ldy63pk9,1
9d3vl96l,8lpwmwlj,j1n8yme1,9kvnnpjd,rdn826nd,1
9d3vl96l,8lpwmwlj,268elpk6,02qv6myd,xd14y7zd,8
9d3vl96l,8lpwmwlj,9d3rn00d,7dg60pgk,rdnqoend,13
9d3vl96l,8lpwmwlj,pd0w79v1,02ql48zk,None,3
9d3vl96l,8lpwmwlj,k6qv5xdg,7kjz4q3d,n93grgnd,1
9d3vl96l,8lpwmwlj,m1mnjo3d,xk9xx06k,gdrlyj6d,1
9d3vl96l,8lpwmwlj,m1mnjo3d,xk9xx06k,ldy63ej9,1
9d3vl96l,8lpwmwlj,ldejk951,zdnze6qd,None,1
9d3vl96l,8lpwmwlj,268elpk6,9kv986o2,None,1
9d3vl96l,8lpwmwlj,9d3rn00d,wkp30zj2,ldy31mj9,8
9d3vl96l,8lpwmwlj,o6gnovx1,7kjlye32,None,1
9d3vl96l,8lpwmwlj,4d7mv3d7,9kvx1082,None,207
9d3vl96l,8lpwmwlj,76r3ylv6,zd3qqyyk,rdn8qpqd,1
9d3vl96l,8lpwmwlj,k6qv5xdg,7kjz4q3d,xd43l329,1
9d3vl96l,8lpwmwlj,3dxqm51y,q25ojewk,None,7
9d3vl96l,8lpwmwlj,k6qv5xdg,7kjz4q3d,n93grgnd,1
9d3vl96l,8lpwmwlj,46wwol6r,wdmz59x2,None,7
9d3vl96l,8lpwmwlj,lde3grj6,8241w1n2,rdnlor7w,1
9d3vl96l,8lpwmwlj,y65jv7de,wk6j6ood,rw6v2jr9,16
9d3vl96l,8lpwmwlj,y65jv7de,wk6j6ood,rw6v2jr9,3
9d3vl96l,8lpwmwlj,y65jv7de,wk6j6ood,rw6v2jr9,9
9d3vl96l,8lpwmwlj,j1nlwldp,vdoqnwvk,None,21
9d3vl96l,8lpwmwlj,m1mnjo3d,xk9xx06k,69zj8rlw,1
9d3vl96l,8lpwmwlj,j1nlwldp,zdnnrxxd,None,10
9d3vl96l,8lpwmwlj,j1nlwldp,zdnnrxxd,None,8
9d3vl96l,8lpwmwlj,j1nlwldp,zdnnrxxd,None,6
9d3vl96l,8lpwmwlj,j1nlwldp,z27morg2,None,5
9d3vl96l,8lpwmwlj,j1nlwldp,z27morg2,None,5
9d3vl96l,8lpwmwlj,46wkwq6r,7dgxyogk,5d725kvw,9
9d3vl96l,8lpwmwlj,nd28x53d,9kvrg132,ywe7lq4d,3
9d3vl96l,8lpwmwlj,nd28x53d,rkl08o8k,ywe7lq4d,1
9d3vl96l,8lpwmwlj,nd28x53d,ndxrwvvd,ywe7lq4d,1
9d3vl96l,8lpwmwlj,nd28x53d,w20e49od,ywe7lq4d,3
9d3vl96l,8lpwmwlj,nd28x53d,9kvrg132,69zvz84w,3
9d3vl96l,8lpwmwlj,nd28x53d,rkl08o8k,69zvz84w,3
9d3vl96l,8lpwmwlj,nd28x53d,w20e49od,69zvz84w,3
9d3vl96l,8lpwmwlj,nd28x53d,ndxrwvvd,69zvz84w,1
9d3vl96l,8lpwmwlj,nd28x53d,9kvrg132,r9gox72w,2
9d3vl96l,8lpwmwlj,nd28x53d,rkl08o8k,r9gox72w,1
9d3vl96l,8lpwmwlj,nd28x53d,ndxrwvvd,r9gox72w,3
9d3vl96l,8lpwmwlj,nd28x53d,w20e49od,r9gox72w,1
9d3vl96l,8lpwmwlj,nd28x53d,9kvrg132,o9xv4x7d,1
9d3vl96l,8lpwmwlj,nd28x53d,rkl08o8k,o9xv4x7d,3
9d3vl96l,8lpwmwlj,nd28x53d,ndxrwvvd,o9xv4x7d,4
9d3vl96l,8lpwmwlj,nd28x53d,w20e49od,o9xv4x7d,3
9d3vl96l,8lpwmwlj,268er7y6,zdnn46ed,None,15
9d3vl96l,8lpwmwlj,268er7y6,w20x9jo2,None,54
9d3vl96l,8lpwmwlj,4d790zr1,z27o39od,59256r79,1
9d3vl96l,8lpwmwlj,nd28x53d,9kvrg132,owovyq39,4
9d3vl96l,8lpwmwlj,nd28x53d,rkl08o8k,owovyq39,4
9d3vl96l,8lpwmwlj,nd28x53d,ndxrwvvd,owovyq39,4
9d3vl96l,8lpwmwlj,nd28x53d,w20e49od,owovyq39,4
9d3vl96l,8lpwmwlj,nd28x53d,9kvrg132,xd1ox8y9,4
9d3vl96l,8lpwmwlj,nd28x53d,rkl08o8k,xd1ox8y9,2
9d3vl96l,8lpwmwlj,nd28x53d,ndxrwvvd,xd1ox8y9,4
9d3vl96l,8lpwmwlj,nd28x53d,w20e49od,xd1ox8y9,4
9d3vl96l,8lpwmwlj,nd28x53d,9kvrg132,ewpvr04w,4
9d3vl96l,8lpwmwlj,nd28x53d,rkl08o8k,ewpvr04w,1
9d3vl96l,8lpwmwlj,nd28x53d,ndxrwvvd,ewpvr04w,2
9d3vl96l,8lpwmwlj,nd28x53d,w20e49od,ewpvr04w,1
9d3vl96l,8lpwmwlj,nd28x53d,9kvrg132,y9mv8109,1
9d3vl96l,8lpwmwlj,nd28x53d,rkl08o8k,y9mv8109,1
9d3vl96l,8lpwmwlj,nd28x53d,ndxrwvvd,y9mv8109,3
9d3vl96l,8lpwmwlj,nd28x53d,w20e49od,y9mv8109,1
9d3vl96l,8lpwmwlj,nd28x53d,9kvrg132,5wkvp1xd,1
9d3vl96l,8lpwmwlj,nd28x53d,rkl08o8k,5wkvp1xd,2
9d3vl96l,8lpwmwlj,nd28x53d,9kvrg132,59215n6w,2
9d3vl96l,8lpwmwlj,nd28x53d,rkl08o8k,59215n6w,4
9d3vl96l,8lpwmwlj,nd28x53d,ndxrwvvd,59215n6w,2
9d3vl96l,8lpwmwlj,nd28x53d,w20e49od,59215n6w,2
9d3vl96l,8lpwmwlj,nd28x53d,9kvrg132,29vv25x9,1
9d3vl96l,8lpwmwlj,nd28x53d,rkl08o8k,29vv25x9,4
9d3vl96l,8lpwmwlj,nd28x53d,ndxrwvvd,29vv25x9,3
9d3vl96l,8lpwmwlj,nd28x53d,w20e49od,29vv25x9,3
9d3vl96l,8lpwmwlj,nd28x53d,9kvrg132,xd4mxr8d,1
9d3vl96l,8lpwmwlj,nd28x53d,rkl08o8k,xd4mxr8d,2
9d3vl96l,8lpwmwlj,nd28x53d,ndxrwvvd,xd4mxr8d,5
9d3vl96l,8lpwmwlj,nd28x53d,w20e49od,xd4mxr8d,3
9d3vl96l,8lpwmwlj,nd28x53d,9kvrg132,z980ng1d,3
9d3vl96l,8lpwmwlj,nd28x53d,rkl08o8k,z980ng1d,1
9d3vl96l,8lpwmwlj,nd28x53d,w20e49od,z980ng1d,5
9d3vl96l,8lpwmwlj,nd28x53d,9kvrg132,rdnvn269,5
9d3vl96l,8lpwmwlj,nd28x53d,rkl08o8k,rdnvn269,4
9d3vl96l,8lpwmwlj,nd28x53d,ndxrwvvd,rdnvn269,2
9d3vl96l,8lpwmwlj,nd28x53d,w20e49od,rdnvn269,5
9d3vl96l,8lpwmwlj,nd28x53d,9kvrg132,ldyv287d,3
9d3vl96l,8lpwmwlj,nd28x53d,rkl08o8k,ldyv287d,3
9d3vl96l,8lpwmwlj,nd28x53d,w20e49od,ldyv287d,4
9d3vl96l,8lpwmwlj,nd28x53d,ndxrwvvd,ldyv287d,3
9d3vl96l,8lpwmwlj,k6qv5xdg,jdr16mg2,n93grgnd,1
9d3vl96l,8lpwmwlj,lde3grj6,8241w1n2,y9mr5rxw,1
9d3vl96l,8lpwmwlj,4d7zpl67,7kjq934d,nwl3nkgw,1
9d3vl96l,8lpwmwlj,lde3grj6,zdnxe0x2,None,5
9d3vl96l,8lpwmwlj,k6qv5xdg,jdr16mg2,5d73g7g9,1
9d3vl96l,8lpwmwlj,4d7nexl6,vdopono2,z98l5gpd,3
9d3vl96l,8lpwmwlj,lde3grj6,8241w1n2,n93nq8zw,1
9d3vl96l,8lpwmwlj,lde3grj6,8241w1n2,rdq3zg2w,1
9d3vl96l,8lpwmwlj,4d7nexl6,wdmr8jxk,n93e28rw,1
9d3vl96l,8lpwmwlj,yd4y8kde,02q8wzj2,z988xzl9,35
9d3vl96l,8lpwmwlj,9d38n2y1,7kj7gozk,gdr3lmed,1
9d3vl96l,8lpwmwlj,9d3k791l,n2yv8vm2,5d7mx5ed,1
9d3vl96l,8lpwmwlj,9d38n2y1,7kj7gozk,xd1qrgyw,1
9d3vl96l,8lpwmwlj,9d38n2y1,7kj7gozk,69zgjyxw,1
9d3vl96l,8lpwmwlj,m1mnjo3d,xk9xx06k,xd0y400w,1
9d3vl96l,8lpwmwlj,pd0wol1e,824860nk,n93x6qr9,12
9d3vl96l,8lpwmwlj,4d7zpl67,7kjq934d,nwl3nypw,1
9d3vl96l,8lpwmwlj,9d38n2y1,7kj7gozk,ldyz6npw,1
9d3vl96l,8lpwmwlj,m1mnjo3d,xk9xx06k,rdn8q5nd,1
9d3vl96l,8lpwmwlj,9d38n2y1,7kj7gozk,ewp6yg4d,1
9d3vl96l,8lpwmwlj,9d38n2y1,7kj7gozk,y9mo3l0w,1
9d3vl96l,8lpwmwlj,4d7zpl67,7kjq934d,kwjp33rw,1
9d3vl96l,8lpwmwlj,4d7zpl67,7kjq934d,rdqlggmw,1
9d3vl96l,8lpwmwlj,k6qv5xdg,7kjz4q3d,5d73g7g9,1
9d3vl96l,8lpwmwlj,m1mnjo3d,xk9xx06k,xd4zk60w,1
9d3vl96l,8lpwmwlj,4d7zpl67,7kjq934d,xd0xl20d,1
9d3vl96l,8lpwmwlj,m1mnjo3d,xk9xx06k,rw6xmvnw,1
9d3vl96l,8lpwmwlj,y6552e46,xd15p8w2,None,8
9d3vl96l,8lpwmwlj,m1mnjo3d,xk9xx06k,592l40gd,1
9d3vl96l,8lpwmwlj,o1yxkk6q,vdo3v9vd,None,12
9d3vl96l,8lpwmwlj,o1y9m226,wk6rmjpk,None,2
9d3vl96l,8lpwmwlj,9d38n2y1,7kj7gozk,owopnz39,1
9d3vl96l,8lpwmwlj,9d38n2y1,xd1qj4w2,None,1
9d3vl96l,8lpwmwlj,m1mnjo3d,xk9xx06k,5wkoqk59,1
9d3vl96l,8lpwmwlj,9d38n2y1,7kj7gozk,yweegrlw,1
9d3vl96l,8lpwmwlj,9d38n2y1,7kj7gozk,nwlj1rg9,1
9d3vl96l,8lpwmwlj,9d38n2y1,7kj7gozk,yweeg64w,1
9d3vl96l,8lpwmwlj,9d38n2y1,7kj7gozk,r9gg5v29,1
9d3vl96l,8lpwmwlj,9d38n2y1,7kj7gozk,ldyz67pw,1
9d3vl96l,8lpwmwlj,k6qv5xdg,jdr16mg2,gdrqzj69,2
9d3vl96l,8lpwmwlj,9d38n2y1,7kj7gozk,rdn18y69,1
9d3vl96l,8lpwmwlj,9d38n2y1,7kj7gozk,z98kqx19,1
9d3vl96l,8lpwmwlj,k6q4rqzd,9kv7gzok,ywey1vld,1
9d3vl96l,8lpwmwlj,k6q4rqzd,9d8xw932,ywey1vld,1
9d3vl96l,8lpwmwlj,pd0wg921,w2037xz2,None,1
9d3vl96l,8lpwmwlj,nd2eo7ed,z2747n02,None,1
9d3vl96l,8lpwmwlj,9d38n2y1,7kj7gozk,yweegklw,1
9d3vl96l,8lpwmwlj,9d38n2y1,7kj7gozk,n93jerrd,1
9d3vl96l,8lpwmwlj,9d38n2y1,7kj7gozk,gdr3l5kd,1
9d3vl96l,8lpwmwlj,k6q4rqzd,9kv7gzok,rdn23y7d,1
9d3vl96l,8lpwmwlj,k6q4rqzd,9d8xw932,rdn23y7d,1
9d3vl96l,8lpwmwlj,k6q4rqzd,9kv7gzok,z98evep9,1
9d3vl96l,8lpwmwlj,k6q4rqzd,9d8xw932,z98evep9,1
9d3vl96l,8lpwmwlj,9d38n2y1,7kj7gozk,rw66xz6w,1
9d3vl96l,8lpwmwlj,k6q4950d,9d8g70qk,None,7
9d3vl96l,8lpwmwlj,o1yxkk6q,n2yj5e82,None,44
9d3vl96l,8lpwmwlj,k6q4rqzd,9d8xw932,owojgnv9,1
9d3vl96l,8lpwmwlj,nd282yqd,vdoy7nv2,rdqrk5mw,1
9d3vl96l,8lpwmwlj,k6qv5xdg,jdr16mg2,gdrqzj69,1
9d3vl96l,8lpwmwlj,k6q4rqzd,9kv7gzok,n9317gzd,1
9d3vl96l,8lpwmwlj,k6q4rqzd,9kv7gzok,owojgnv9,1
9d3vl96l,8lpwmwlj,nd282yqd,wdmrj7ok,5d75mz5w,1
9d3vl96l,8lpwmwlj,pd0wg921,xd1vn18d,None,1
9d3vl96l,8lpwmwlj,k6q4rqzd,9d8xw932,29v5n01d,1
9d3vl96l,8lpwmwlj,v1p4p818,5dwg14ek,nwl27g0d,10
9d3vl96l,8lpwmwlj,k6q4rqzd,9kv7gzok,o9x65p09,1
9d3vl96l,8lpwmwlj,4d7nxxr6,5dwqp3nd,495nl439,1
9d3vl96l,8lpwmwlj,k6q4rqzd,9kv7gzok,29v5n01d,1
9d3vl96l,8lpwmwlj,k6q47lxd,n2ye008k,None,1
9d3vl96l,8lpwmwlj,j1n2k91p,z271wr02,5d723ygw,12
9d3vl96l,8lpwmwlj,j1n2k91p,zdn8z0ed,5d723ygw,4
9d3vl96l,8lpwmwlj,j1nwmx1p,wdmqpox2,None,1
9d3vl96l,8lpwmwlj,w6j7xq76,7kjln9n2,xd1oz3e9,1
9d3vl96l,8lpwmwlj,j1n8r4w1,wk6r6wxk,None,1
9d3vl96l,8lpwmwlj,pd0wg921,wdm63v4k,None,1
9d3vl96l,8lpwmwlj,pd0w79v1,02ql48zk,None,3
9d3vl96l,8lpwmwlj,k6qv5xdg,7kjz4q3d,29vkqk3d,1
9d3vl96l,8lpwmwlj,pdv270r6,xd1w19r2,None,10
9d3vl96l,8lpwmwlj,9do87ve1,z27541gk,592plk3w,1
9d3vl96l,8lpwmwlj,pd0w79v1,w20yqwzk,None,3
9d3vl96l,8lpwmwlj,pd0w79v1,wdm85w42,None,1
9d3vl96l,8lpwmwlj,pd0w79v1,w20yqwzk,None,2
9d3vl96l,8lpwmwlj,w6j7xq76,7kjln9n2,29vv8gl9,1
9d3vl96l,8lpwmwlj,w6j7xq76,7kjln9n2,29vv8gl9,1
9d3vl96l,8lpwmwlj,w6j7xq76,7kjln9n2,5d70jq69,1
9d3vl96l,8lpwmwlj,w6j7xq76,7kjln9n2,29vv8gl9,1
9d3vl96l,8lpwmwlj,w6j7xq76,7kjln9n2,xd1oz3e9,1
9d3vl96l,8lpwmwlj,268er7y6,ndx5vzvk,None,35
9d3vl96l,8lpwmwlj,4d790zr1,z27o39od,y9m8mgzd,1
9d3vl96l,8lpwmwlj,4d790zr1,z27o39od,rdnz126d,19
9d3vl96l,8lpwmwlj,4d790zr1,02ql96pk,None,34
9d3vl96l,8lpwmwlj,o6gl3mnd,9d8g467k,nwlox1gw,2
9d3vl96l,8lpwmwlj,4d790zr1,z27o39od,z987kg1w,34
9d3vl96l,8lpwmwlj,4d790zr1,7kjqz7zd,None,38
9d3vl96l,8lpwmwlj,4d790zr1,z27o39od,xd4xkk09,1
9d3vl96l,8lpwmwlj,nd28x53d,rkl08o8k,49504l4d,4
9d3vl96l,8lpwmwlj,nd28x53d,ndxrwvvd,49504l4d,12
9d3vl96l,8lpwmwlj,nd28x53d,9kvrg132,rdqvl5g9,4
9d3vl96l,8lpwmwlj,nd28x53d,rkl08o8k,rdqvl5g9,4
9d3vl96l,8lpwmwlj,nd28x53d,ndxrwvvd,rdqvl5g9,2
9d3vl96l,8lpwmwlj,nd28x53d,w20e49od,rdqvl5g9,2
9d3vl96l,8lpwmwlj,nd28x53d,rkl08o8k,5d708ze9,3
9d3vl96l,8lpwmwlj,nd28x53d,ndxrwvvd,5d708ze9,1
9d3vl96l,8lpwmwlj,nd28x53d,9kvrg132,kwjmp11w,5
9d3vl96l,8lpwmwlj,nd28x53d,rkl08o8k,kwjmp11w,7
9d3vl96l,8lpwmwlj,nd28x53d,ndxrwvvd,kwjmp11w,3
9d3vl96l,8lpwmwlj,o6gl3mnd,9d8g467k,nwlox1gw,2
9d3vl96l,8lpwmwlj,pd0w79v1,w20yqwzk,None,3
9d3vl96l,8lpwmwlj,pd0w79v1,wdm85w42,None,2
9d3vl96l,8lpwmwlj,pd0w79v1,vdo35ood,None,1
9d3vl96l,8lpwmwlj,j1lq2446,7dgyw37d,None,2
9d3vl96l,8lpwmwlj,j1lq2446,mkeyg882,None,2
9d3vl96l,8lpwmwlj,nd282yqd,vdoy7nv2,ywegemqd,1
9d3vl96l,8lpwmwlj,nd282yqd,wdmrj7ok,495g1l2w,1
9d3vl96l,8lpwmwlj,nd2eo7ed,z2747n02,None,1
9d3vl96l,8lpwmwlj,nd282yqd,vdoy7nv2,nwl1jpp9,1
9d3vl96l,8lpwmwlj,nd282yqd,wdmrj7ok,69zjgn6w,1
9d3vl96l,8lpwmwlj,nd282yqd,wdmrj7ok,r9g5g1qd,1
9d3vl96l,8lpwmwlj,nd282yqd,wdmrj7ok,o9xqe36w,1
9d3vl96l,8lpwmwlj,nd282yqd,wdmrj7ok,ywegemqd,1
9d3vl96l,8lpwmwlj,k6qv5xdg,jdr16mg2,y9mpnp59,2
9d3vl96l,8lpwmwlj,nd28k2ed,mkevzp92,None,5
9d3vl96l,8lpwmwlj,j1llwz1g,9kvnmy3d,gdr0z7ld,1
9d3vl96l,8lpwmwlj,yd4xjx1e,7kj3e742,None,14
9d3vl96l,8lpwmwlj,m1mnelpd,jdzl3p62,None,1
9d3vl96l,8lpwmwlj,m1mnelpd,rkl5xv62,None,1
9d3vl96l,8lpwmwlj,nd2803qd,wkprpoj2,None,1
9d3vl96l,8lpwmwlj,ldejrrj1,xd1wjzz2,y9mzn3xd,1
9d3vl96l,8lpwmwlj,ldejrrj1,xd1wjzz2,5wkl3op9,1
9d3vl96l,8lpwmwlj,4d74qgd7,zd3l4nvd,None,1
9d3vl96l,8lpwmwlj,yd4xjx1e,zd3w94yk,None,13
9d3vl96l,8lpwmwlj,yd4xjx1e,zd3w94yk,None,8
9d3vl96l,8lpwmwlj,yd4xjx1e,zd3w94yk,None,8
9d3vl96l,8lpwmwlj,yd4xjx1e,zd3w94yk,None,10
9d3vl96l,8lpwmwlj,yd4jl5de,9d84zl7k,rdn0vv5w,22
9d3vl96l,8lpwmwlj,yd4jl5de,9d84zl7k,z98600rd,31
9d3vl96l,8lpwmwlj,kdkz852d,wk6o3gxk,None,1
9d3vl96l,8lpwmwlj,4d74qgd7,jdznz16d,None,4
9d3vl96l,8lpwmwlj,kdkz852d,vdo3yevd,None,1
9d3vl96l,8lpwmwlj,kdkz852d,7kjq90xd,None,1
9d3vl96l,8lpwmwlj,kdkz852d,wkpvnwwk,None,1
9d3vl96l,8lpwmwlj,kdkz852d,wk6o3gxk,None,1
9d3vl96l,8lpwmwlj,kdkz852d,wk6o3gxk,None,1
9d3vl96l,8lpwmwlj,ldelvl63,wkpvmj0k,None,31
9d3vl96l,8lpwmwlj,ldelvl63,xd17744d,None,90
9d3vl96l,8lpwmwlj,ldelvl63,xd17744d,None,12
9d3vl96l,8lpwmwlj,k6q474zd,q25m6zyd,None,1
9d3vl96l,8lpwmwlj,nd28k2ed,mkevzp92,None,3
9d3vl96l,8lpwmwlj,ldelvl63,xd17744d,None,14
9d3vl96l,8lpwmwlj,nd28k2ed,mkevzp92,None,2
9d3vl96l,8lpwmwlj,ldelvl63,wkpvmj0k,None,12
9d3vl96l,8lpwmwlj,kdkz852d,9d8glz3k,None,1
9d3vl96l,8lpwmwlj,kdkz852d,mkeryp6d,None,8
9d3vl96l,8lpwmwlj,kdkz852d,wkpgng8k,None,1
9d3vl96l,8lpwmwlj,kdkz852d,7dg1y1ld,None,1
9d3vl96l,8lpwmwlj,ldelvl63,xd17744d,None,7
9d3vl96l,8lpwmwlj,w6j7nv26,5dwnejgd,None,5
9d3vl96l,8lpwmwlj,j1lq2446,5dwnmved,None,5
9d3vl96l,8lpwmwlj,kdkz852d,5dw8neld,None,1
9d3vl96l,8lpwmwlj,9d3000dl,xd1v5w4d,xd04qgxw,30
9d3vl96l,8lpwmwlj,nd28k2ed,mkevzp92,None,5
9d3vl96l,8lpwmwlj,ldelvl63,wkpvmj0k,None,2
9d3vl96l,8lpwmwlj,ldelvl63,xd17744d,None,8
9d3vl96l,8lpwmwlj,nd28j23d,n2ym3482,None,1
9d3vl96l,8lpwmwlj,j1nwmx1p,xd1vlg4d,None,2
9d3vl96l,8lpwmwlj,ldelvl63,wkpvmj0k,None,1
9d3vl96l,8lpwmwlj,9d3mqy6l,jdr1ol52,None,28
9d3vl96l,8lpwmwlj,ldelvl63,xd17744d,None,43
9d3vl96l,8lpwmwlj,9d3rv59d,jdre5jgk,None,1
9d3vl96l,8lpwmwlj,k6qv5xdg,7kjz4q3d,xd0787xw,1
9d3vl96l,8lpwmwlj,ldelvl63,xd17744d,None,7
9d3vl96l,8lpwmwlj,4d722r67,w20y7o8k,None,12
9d3vl96l,8lpwmwlj,nd282yqd,wdmrj7ok,nwl1jpp9,1
9d3vl96l,8lpwmwlj,y65ej76e,xk95l442,None,6
9d3vl96l,8lpwmwlj,ldejk951,9d8y1r3k,None,1
9d3vl96l,8lpwmwlj,k6q474zd,q25m6zyd,None,1
9d3vl96l,8lpwmwlj,yd4xjx1e,q25gn9vd,None,4
9d3vl96l,8lpwmwlj,ldelvl63,xd17744d,None,12
9d3vl96l,8lpwmwlj,ldelvl63,xd17744d,None,1
9d3vl96l,8lpwmwlj,ldejk951,zdnze6qd,None,1
9d3vl96l,8lpwmwlj,pdv27l46,z2755z4k,rdnvk3n9,1
9d3vl96l,8lpwmwlj,pdv27l46,xk955zv2,rdnvk3n9,1
9d3vl96l,8lpwmwlj,j1nezqe1,w20yr7vk,None,1
9d3vl96l,8lpwmwlj,4d74qgd7,mke45ln2,None,1
9d3vl96l,8lpwmwlj,4d79mmr1,rklrrz8k,None,16
9d3vl96l,8lpwmwlj,4d79mmr1,w20335o2,None,39
9d3vl96l,8lpwmwlj,4d722r67,jdr1x0l2,None,1
9d3vl96l,8lpwmwlj,j1l754dg,5dw8z1gd,5wkpx5pd,1
9d3vl96l,8lpwmwlj,9d3vl96l,wkp5vzvd,r9gl3xkw,14
9d3vl96l,8lpwmwlj,j1ne0qx1,mkelgg6d,None,1
9d3vl96l,8lpwmwlj,y655ey76,5dwxjqn2,None,1
9d3vl96l,8lpwmwlj,y655ey76,wk64prrd,ywepoz4d,1
9d3vl96l,8lpwmwlj,y655ey76,wk64prrd,69z01m4d,1
9d3vl96l,8lpwmwlj,y655ey76,wk64prrd,r9g8pk2d,1
9d3vl96l,8lpwmwlj,y655ey76,wk64prrd,o9x0jm79,1
9d3vl96l,8lpwmwlj,y655ey76,wk64prrd,495nev49,1
9d3vl96l,8lpwmwlj,y655ey76,wk64prrd,rdqqe6gd,1
9d3vl96l,8lpwmwlj,y655ey76,wk64prrd,5d7rg6e9,1
9d3vl96l,8lpwmwlj,y655ey76,wk64prrd,kwjr2o1d,1
9d3vl96l,8lpwmwlj,y655ey76,wk64prrd,owoxrg3w,1
9d3vl96l,8lpwmwlj,m1mxxw46,9kv98382,None,121
9d3vl96l,8lpwmwlj,9d38lw91,rkln5er2,None,3
9d3vl96l,8lpwmwlj,w6jmm26j,8246xjgd,5d7vzved,16
9d3vl96l,8lpwmwlj,j1l754dg,5dw8z1gd,ewpr31jd,2
9d3vl96l,8lpwmwlj,o1yjnvr1,7kj9xg42,5d7r38v9,2
9d3vl96l,8lpwmwlj,yd4kvvg6,w20508zd,None,2
9d3vl96l,8lpwmwlj,k6qv5xdg,zdnrp1n2,None,1
9d3vl96l,8lpwmwlj,k6qv5xdg,jdr16mg2,69z41rlw,1
9d3vl96l,8lpwmwlj,w6jn7x1j,jdr16jx2,None,1
9d3vl96l,8lpwmwlj,y65ej76e,zdnoqje2,495nlxj9,3
9d3vl96l,8lpwmwlj,y65ej76e,q2554ny2,495nlxj9,2
9d3vl96l,8lpwmwlj,4d74qgd7,jdznz16d,None,1
9d3vl96l,8lpwmwlj,268gw5dp,jdr1ezn2,None,60
9d3vl96l,8lpwmwlj,268elpk6,jdzwnvgd,None,22
9d3vl96l,8lpwmwlj,k6qv5xdg,jdr16mg2,5wkr3r29,1
9d3vl96l,8lpwmwlj,k6q4950d,9d8g70qk,None,4
9d3vl96l,8lpwmwlj,k6q4950d,xk9nymx2,None,4
9d3vl96l,8lpwmwlj,ldejk951,9d8y1rlk,None,1
9d3vl96l,8lpwmwlj,k6q4950d,xk9nymx2,None,5
9d3vl96l,8lpwmwlj,ldejk951,9d8y1r3k,None,2
9d3vl96l,8lpwmwlj,ldelvl63,824rrjgd,None,22
9d3vl96l,8lpwmwlj,nd28k2ed,mkevzp92,None,11
9d3vl96l,8lpwmwlj,nd28k2ed,mkevzp92,None,3
9d3vl96l,8lpwmwlj,3698940d,zd350yrk,owoxy83w,1
9d3vl96l,8lpwmwlj,3698940d,zd350yrk,592p5m6w,1
9d3vl96l,8lpwmwlj,o1yjnmr1,ndxr87od,None,1
9d3vl96l,8lpwmwlj,y65ej76e,q2554ny2,rw6ye579,2
9d3vl96l,8lpwmwlj,y65ej76e,zdnoqje2,nwlep2rd,3
9d3vl96l,8lpwmwlj,pdv27l46,jdrwwynk,None,1
9d3vl96l,8lpwmwlj,y65ej76e,zdnoqje2,rw6ye579,2
9d3vl96l,8lpwmwlj,v1pxo4p6,wkp9nl82,None,62
9d3vl96l,8lpwmwlj,y65ej76e,xk95l442,None,48
9d3vl96l,8lpwmwlj,pd0ql2l1,9d8ly8w2,None,1
9d3vl96l,8lpwmwlj,9doxy3dp,jdzp09rk,ewpqlxj9,1
9d3vl96l,8lpwmwlj,9doxy3dp,02q8w372,ewpqlxj9,1
9d3vl96l,8lpwmwlj,y65ej76e,q2554ny2,rdqq5ygd,3
9d3vl96l,8lpwmwlj,y65ej76e,zdnoqje2,n933yzr9,1
9d3vl96l,8lpwmwlj,y65ej76e,q2554ny2,n933yzr9,1
9d3vl96l,8lpwmwlj,ldelvl63,824rrjgd,None,23
9d3vl96l,8lpwmwlj,ldelvl63,wkpvmj0k,None,12
9d3vl96l,8lpwmwlj,ldelvl63,9d8gge3k,None,9
9d3vl96l,8lpwmwlj,ldelvl63,xd17744d,None,12
9d3vl96l,8lpwmwlj,ldelvl63,xd17744d,None,7
9d3vl96l,8lpwmwlj,ldelvl63,xd17744d,None,7
9d3vl96l,8lpwmwlj,v1pooe86,7dgrxepk,None,1
9d3vl96l,8lpwmwlj,76r3lrq6,q25146vd,None,2
9d3vl96l,8lpwmwlj,ldejk951,xd1j904d,None,1
9d3vl96l,8lpwmwlj,76r3lrq6,jdzn6n6d,None,2
9d3vl96l,8lpwmwlj,w6jn7x1j,7kj6poz2,None,4
9d3vl96l,8lpwmwlj,268gw5dp,9d84jwwk,None,1
9d3vl96l,8lpwmwlj,o1yjq3v1,9d8yyo3k,None,5
9d3vl96l,8lpwmwlj,ldejk951,zd3jngv2,None,1
9d3vl96l,8lpwmwlj,ldejk951,9d8y1rlk,None,1
9d3vl96l,8lpwmwlj,ldejk951,xd1j90wd,None,1
9d3vl96l,8lpwmwlj,9d38lw91,wdmr5e4k,None,3
9d3vl96l,8lpwmwlj,yd4xjx1e,9kv9m932,None,7
9d3vl96l,8lpwmwlj,o6gnovx1,xk9564v2,None,1
9d3vl96l,8lpwmwlj,o6gnovx1,wk6rg5ok,None,2
9d3vl96l,8lpwmwlj,kdkzjkqd,zdn11yqk,None,2
9d3vl96l,8lpwmwlj,kdkzjkqd,824rr8gd,None,1
9d3vl96l,8lpwmwlj,pdv27l46,z2755z4k,n93p2k7d,1
9d3vl96l,8lpwmwlj,j1n8xj91,q2555x82,None,1
9d3vl96l,8lpwmwlj,j1n8xj91,q2555x82,None,1
9d3vl96l,8lpwmwlj,pdv27l46,xk955zv2,n93p2k7d,1
9d3vl96l,8lpwmwlj,o6gnkxo1,7kjojex2,None,1
9d3vl96l,8lpwmwlj,ldelvl63,824rrjgd,None,21
9d3vl96l,8lpwmwlj,ldelvl63,xd17744d,None,5
9d3vl96l,8lpwmwlj,ldelvl63,9d8gge3k,None,7
9d3vl96l,8lpwmwlj,ldelvl63,xd17744d,None,1
9d3vl96l,8lpwmwlj,ldelvl63,xd17744d,None,1
9d3vl96l,8lpwmwlj,ldelvl63,wkpvmj0k,None,2
9d3vl96l,8lpwmwlj,nd28k2ed,mkevzp92,None,11
9d3vl96l,8lpwmwlj,j1n8xj91,q2555x82,None,1
9d3vl96l,8lpwmwlj,yd4kvvg6,9d8ll8l2,None,1
9d3vl96l,8lpwmwlj,9doxy3dp,02q8w372,r9g3p2pw,3
9d3vl96l,8lpwmwlj,yd4kvvg6,zdnyonqk,None,1
9d3vl96l,8lpwmwlj,w6j78746,7dg103gd,None,1
9d3vl96l,8lpwmwlj,o1yjnvr1,7kj9xg42,y9mzpy0d,1
9d3vl96l,8lpwmwlj,k6qv5xdg,jdr16mg2,xd0787xw,1
9d3vl96l,8lpwmwlj,369pge01,z27owo5d,None,3
9d3vl96l,8lpwmwlj,369pge01,xk9nwnx2,None,3
9d3vl96l,8lpwmwlj,ldelvl63,824rrjgd,None,33
9d3vl96l,8lpwmwlj,ldelvl63,xd17744d,None,8
9d3vl96l,8lpwmwlj,ldelvl63,9d8gge3k,None,11
9d3vl96l,8lpwmwlj,ldelvl63,xd17744d,None,1
9d3vl96l,8lpwmwlj,46w382n1,mkel4q8d,None,6
9d3vl96l,8lpwmwlj,ldelvl63,xd17744d,None,1
9d3vl96l,8lpwmwlj,ldejk951,q25jry8d,None,1
9d3vl96l,8lpwmwlj,o1yjygo1,02qe8l92,None,5
9d3vl96l,8lpwmwlj,y655ey76,vdop5mv2,ywepoz4d,1
9d3vl96l,8lpwmwlj,y655ey76,vdop5mv2,69z01m4d,1
9d3vl96l,8lpwmwlj,y655ey76,vdop5mv2,r9g8pk2d,1
9d3vl96l,8lpwmwlj,k6q4950d,7kjq5ngd,None,7
9d3vl96l,8lpwmwlj,kdkzjkqd,02qllrpk,None,1
9d3vl96l,8lpwmwlj,kdkzjkqd,jdzvvnvk,None,2
9d3vl96l,8lpwmwlj,o1yxkk6q,02qo5wzk,None,14
9d3vl96l,8lpwmwlj,k6qv5xdg,jdr16mg2,nwl78609,1
9d3vl96l,8lpwmwlj,k6qv5xdg,jdr16mg2,5wkr3r29,1
9d3vl96l,8lpwmwlj,k6qv5xdg,jdr16mg2,4958ej09,2
9d3vl96l,8lpwmwlj,y655ey76,vdop5mv2,o9x0jm79,1
9d3vl96l,8lpwmwlj,y655ey76,vdop5mv2,495nev49,1
9d3vl96l,8lpwmwlj,y655ey76,vdop5mv2,rdqqe6gd,1
9d3vl96l,8lpwmwlj,y655ey76,vdop5mv2,5d7rg6e9,1
9d3vl96l,8lpwmwlj,y655ey76,vdop5mv2,kwjr2o1d,1
9d3vl96l,8lpwmwlj,y655ey76,vdop5mv2,owoxrg3w,1
9d3vl96l,8lpwmwlj,y65ej76e,zdnoqje2,gdr71yzw,12
9d3vl96l,8lpwmwlj,y655ey76,rkl05vnk,None,1
9d3vl96l,8lpwmwlj,ldejk951,z27vzjo2,None,2
9d3vl96l,8lpwmwlj,ldelvl63,wkpvmj0k,None,1
9d3vl96l,8lpwmwlj,y65ej76e,zdnoqje2,ldy083z9,18
9d3vl96l,8lpwmwlj,o1yxkk6q,mkejq0j2,None,7
9d3vl96l,8lpwmwlj,nd28275d,9kvngg8d,None,4
9d3vl96l,8lpwmwlj,yd4kvvg6,jdrnn6lk,None,1
9d3vl96l,8lpwmwlj,o1yxkk6q,wkpvl4wk,None,41
9d3vl96l,8lpwmwlj,w6jl725d,02qoyzyk,None,39
9d3vl96l,8lpwmwlj,yd4kvvg6,02qre9pk,None,1
9d3vl96l,8lpwmwlj,y65ej76e,q2554ny2,495nlzj9,2
9d3vl96l,8lpwmwlj,k6qv5xdg,jdr16mg2,y9mpnp59,1
9d3vl96l,8lpwmwlj,k6qv5xdg,jdr16mg2,rw6nznrd,2
9d3vl96l,8lpwmwlj,yd4kvvg6,82488enk,None,1
9d3vl96l,8lpwmwlj,ldelvl63,wkpvmj0k,None,2
9d3vl96l,8lpwmwlj,k6qv5xdg,xk987562,None,1
9d3vl96l,8lpwmwlj,ldelvl63,824rrjgd,None,62
9d3vl96l,8lpwmwlj,ldelvl63,wkpvmj0k,None,3
9d3vl96l,8lpwmwlj,k6qv5xdg,jdr16mg2,4958ej09,1
9d3vl96l,8lpwmwlj,k6qv5xdg,jdr16mg2,rw6nznrd,1
9d3vl96l,8lpwmwlj,76r3lrq6,mkey5mx2,None,2
9d3vl96l,8lpwmwlj,k6qv5xdg,7kjz4q3d,kwje2yn9,1
9d3vl96l,8lpwmwlj,k6qv5xdg,jdr16mg2,rdq1e0k9,1
9d3vl96l,8lpwmwlj,268yw5dp,w201lw5k,ewpjr74w,6
9d3vl96l,8lpwmwlj,k6qv5xdg,jdr16mg2,kwje2yn9,1
9d3vl96l,8lpwmwlj,yd4kvvg6,02qrrw9k,None,1
9d3vl96l,8lpwmwlj,76r3lrq6,mkey5mx2,None,4
9d3vl96l,8lpwmwlj,k6qv5xdg,7kjz4q3d,y9mpnp59,1
9d3vl96l,8lpwmwlj,k6qv5xdg,7kjz4q3d,y9mpnp59,1
9d3vl96l,8lpwmwlj,k6qv5xdg,jdr16mg2,xd43l329,1
9d3vl96l,8lpwmwlj,yd4kvvg6,jdznn06d,None,1
9d3vl96l,8lpwmwlj,yd4kvvg6,8248qlgk,None,1
9d3vl96l,8lpwmwlj,yd4kvvg6,q2511wgd,None,1
9d3vl96l,8lpwmwlj,nd28k2ed,mkevzp92,None,8
9d3vl96l,8lpwmwlj,k6qv5xdg,jdr16mg2,r9g3pz5w,1
9d3vl96l,8lpwmwlj,nd28k2ed,mkevzp92,None,6
9d3vl96l,8lpwmwlj,ldelvl63,wkpvmj0k,None,15
9d3vl96l,8lpwmwlj,ldelvl63,xd17744d,None,13
9d3vl96l,8lpwmwlj,k6qv5xdg,jdr16mg2,xd15n0ew,1
9d3vl96l,8lpwmwlj,ldelvl63,xd17744d,None,2
9d3vl96l,8lpwmwlj,nd28k2ed,mkevzp92,None,9
9d3vl96l,8lpwmwlj,k6qv5xdg,q258w7j2,None,1
9d3vl96l,8lpwmwlj,nd28k2ed,mkevzp92,None,31
9d3vl96l,8lpwmwlj,3dxkmxv1,02qepop2,None,1
9d3vl96l,8lpwmwlj,k6qv5xdg,7kjz4q3d,kwje2yn9,1
9d3vl96l,8lpwmwlj,j1l754dg,5dw8z1gd,xd1xmk59,2
9d3vl96l,8lpwmwlj,nd28k2ed,mkevzp92,None,19
9d3vl96l,8lpwmwlj,nd28k2ed,mkevzp92,None,6
9d3vl96l,8lpwmwlj,76r3lrq6,mkey5mx2,None,1
9d3vl96l,8lpwmwlj,76r3lrq6,mkey5mx2,None,1
9d3vl96l,8lpwmwlj,76r3lrq6,jdrnp45k,None,1
9d3vl96l,8lpwmwlj,k6qv5xdg,7kjz4q3d,ewpqlqk9,1
9d3vl96l,8lpwmwlj,k6qv5xdg,7kjz4q3d,ewpqlqk9,1
9d3vl96l,8lpwmwlj,nd28k2ed,mkevzp92,None,8
9d3vl96l,8lpwmwlj,w6jn7x1j,ndxe54rk,None,28
9d3vl96l,8lpwmwlj,nd28275d,xd15xxw2,None,2
9d3vl96l,8lpwmwlj,nd28k2ed,mkevzp92,None,2
9d3vl96l,8lpwmwlj,k6qv5xdg,q258w7j2,None,1
9d3vl96l,8lpwmwlj,k6qv5xdg,7kjz4q3d,ywe8o4yw,1
9d3vl96l,8lpwmwlj,3dx27gp1,wk6nnrp2,kwj8g519,2
9d3vl96l,8lpwmwlj,k6qv5xdg,7kjz4q3d,nwl78609,1
9d3vl96l,8lpwmwlj,k6qv5xdg,7kjz4q3d,nwl78609,1
9d3vl96l,8lpwmwlj,k6qv5xdg,7kjz4q3d,rw6nznrd,1
9d3vl96l,8lpwmwlj,k6qv5xdg,7kjz4q3d,rw6nznrd,1
9d3vl96l,8lpwmwlj,k6qv5xdg,7kjz4q3d,5wkr3r29,1
9d3vl96l,8lpwmwlj,k6qv5xdg,7kjz4q3d,5wkr3r29,1
9d3vl96l,8lpwmwlj,k6qv5xdg,jdr16mg2,ywe8o4yw,1
9d3vl96l,8lpwmwlj,nd28k2ed,mkevzp92,None,7
9d3vl96l,8lpwmwlj,nd28k2ed,mkevzp92,None,13
9d3vl96l,8lpwmwlj,ldelvl63,xd17744d,None,5
9d3vl96l,8lpwmwlj,k6qv5xdg,jdr16mg2,29vkqk3d,1
9d3vl96l,8lpwmwlj,nd28k2ed,mkevzp92,None,18
9d3vl96l,8lpwmwlj,k6qv5xdg,jdr16mg2,592oyood,1
9d3vl96l,8lpwmwlj,k6qv5xdg,jdr16mg2,ewpqlqk9,2
9d3vl96l,8lpwmwlj,k6qv5xdg,7kjz4q3d,gdrqzj69,1
9d3vl96l,8lpwmwlj,k6qv5xdg,7kjz4q3d,ywe8o4yw,1
9d3vl96l,8lpwmwlj,k6qv5xdg,7kjz4q3d,69z41rlw,1
9d3vl96l,8lpwmwlj,k6qv5xdg,7kjz4q3d,69z41rlw,1
9d3vl96l,8lpwmwlj,k6qv5xdg,7kjz4q3d,r9g3pz5w,1
9d3vl96l,8lpwmwlj,k6qv5xdg,7kjz4q3d,r9g3pz5w,1
9d3vl96l,8lpwmwlj,k6qv5xdg,7kjz4q3d,o9xlj209,2
9d3vl96l,8lpwmwlj,k6qv5xdg,7kjz4q3d,rdq1e0k9,1
9d3vl96l,8lpwmwlj,k6qv5xdg,7kjz4q3d,owo2rkod,1
9d3vl96l,8lpwmwlj,k6qv5xdg,7kjz4q3d,592oyood,1
9d3vl96l,8lpwmwlj,k6qv5xdg,7kjz4q3d,592oyood,1
9d3vl96l,8lpwmwlj,k6qv5xdg,n2yjx372,None,1
9d3vl96l,8lpwmwlj,k6qv5xdg,7kjz4q3d,xd43l329,2
9d3vl96l,8lpwmwlj,46w305q1,7kj8oyzd,None,15
9d3vl96l,8lpwmwlj,k6qv5xdg,7kjz4q3d,xd15n0ew,1
9d3vl96l,8lpwmwlj,k6qv5xdg,7kjz4q3d,xd15n0ew,1
9d3vl96l,8lpwmwlj,k6qv5xdg,7kjz4q3d,29vkqk3d,1
9d3vl96l,8lpwmwlj,k6qv5xdg,7kjz4q3d,xd0787xw,1
9d3vl96l,8lpwmwlj,k6qv5xdg,7kjz4q3d,owo2rkod,1
9d3vl96l,8lpwmwlj,k6qv5xdg,7kjz4q3d,rdq1e0k9,1
9d3vl96l,8lpwmwlj,k6qv5xdg,7kjz4q3d,gdrqzj69,2
9d3vl96l,8lpwmwlj,k6qv5xdg,7kjz4q3d,4958ej09,1
9d3vl96l,8lpwmwlj,k6qv5xdg,7kjz4q3d,4958ej09,1
9d3vl96l,8lpwmwlj,76r3lrq6,mkey5mx2,None,3
9d3vl96l,8lpwmwlj,ldejk951,xd1j90wd,None,1
9d3vl96l,8lpwmwlj,o1yjnrk1,q251zowd,None,1
9d3vl96l,8lpwmwlj,46w305q1,vdox671d,None,67
9d3vl96l,8lpwmwlj,ldejk951,xd1j904d,None,1
9d3vl96l,8lpwmwlj,o1yjnmr1,ndxnx51k,None,1
9d3vl96l,8lpwmwlj,o1yjnmr1,zdnyjl9k,None,1
9d3vl96l,8lpwmwlj,nd28k2ed,mkevzp92,None,6
9d3vl96l,8lpwmwlj,w6jl725d,02qoyzyk,None,10
9d3vl96l,8lpwmwlj,pdv2pw46,vdoy93o2,o9xq8l7w,1
9d3vl96l,8lpwmwlj,nd28k2ed,mkevzp92,None,23
9d3vl96l,8lpwmwlj,46w305q1,7dg08l7k,o9xx5719,31
9d3vl96l,8lpwmwlj,46w305q1,7dg08l7k,r9g704k9,24
9d3vl96l,8lpwmwlj,pdv2pw46,vdoy93o2,495g384w,1
9d3vl96l,8lpwmwlj,nd28k2ed,mkevzp92,None,10
9d3vl96l,8lpwmwlj,pdv2pw46,vdoy93o2,r9g5e32d,1
9d3vl96l,8lpwmwlj,nd28k2ed,mkevzp92,None,11
9d3vl96l,8lpwmwlj,46w305q1,7dg08l7k,495mo5jw,12
9d3vl96l,8lpwmwlj,pdv2pw46,vdoy93o2,ywegr84d,1
9d3vl96l,8lpwmwlj,pdv2pw46,vdoy93o2,69zjy44w,1
9d3vl96l,8lpwmwlj,pdv2pw46,vdoy93o2,gdrlmqkd,2
9d3vl96l,8lpwmwlj,pdv2pw46,vdoy93o2,nwl1q7g9,2
9d3vl96l,8lpwmwlj,nd28k2ed,mkevzp92,None,19
9d3vl96l,8lpwmwlj,ldelvl63,wkpvmj0k,None,4
9d3vl96l,8lpwmwlj,nd28k2ed,mkevzp92,None,3
9d3vl96l,8lpwmwlj,pdv2pw46,vdoy93o2,ldy6ne79,2
9d3vl96l,8lpwmwlj,kdkzjkqd,q257718d,None,2
9d3vl96l,8lpwmwlj,y65ej76e,ndxr8x5d,None,2
9d3vl96l,8lpwmwlj,o1yjnrk1,w20n9pzd,None,2
9d3vl96l,8lpwmwlj,o1yjnrk1,rklnoxw2,None,1
9d3vl96l,8lpwmwlj,y65ej76e,q2554ny2,rdng2469,4
9d3vl96l,8lpwmwlj,268yw5dp,vdoqjovk,ewpjr74w,11
9d3vl96l,8lpwmwlj,ldejk951,zd3jngv2,None,1
9d3vl96l,8lpwmwlj,pdv2pw46,q251nqwd,None,1
9d3vl96l,8lpwmwlj,o1yjnrk1,7kj9e4n2,None,1
9d3vl96l,8lpwmwlj,268enl56,wkpm7rvk,None,19
9d3vl96l,8lpwmwlj,nd28k2ed,mkevzp92,None,9
9d3vl96l,8lpwmwlj,4d79mmr1,5dwggv0k,None,41
9d3vl96l,8lpwmwlj,4d79mmr1,wdm6673k,None,105
9d3vl96l,8lpwmwlj,4d79mmr1,zd3xxrrd,None,64
9d3vl96l,8lpwmwlj,4d79mmr1,9kv99l32,None,26
9d3vl96l,8lpwmwlj,9doxy3dp,02q8w372,4958e639,6
9d3vl96l,8lpwmwlj,9doxy3dp,02q8w372,ywe8o17w,2
9d3vl96l,8lpwmwlj,w6jn7x1j,ndxe54rk,None,20
9d3vl96l,8lpwmwlj,4d7nrpz6,9d8n8g6d,None,4
9d3vl96l,8lpwmwlj,ldelvl63,wkpvmj0k,None,14
9d3vl96l,8lpwmwlj,369p80g1,9d8gl7wk,69zzzk49,1
9d3vl96l,8lpwmwlj,w6jmm26j,8246xjgd,5d7vzved,74
9d3vl96l,8lpwmwlj,268yw5dp,w201lw5k,ewpjr74w,20
9d3vl96l,8lpwmwlj,268yw5dp,82405owd,ewpjr74w,5
9d3vl96l,8lpwmwlj,268yw5dp,wdm4ewod,ewpjr74w,3
9d3vl96l,8lpwmwlj,268yw5dp,9d831z72,ewpjr74w,3
9d3vl96l,8lpwmwlj,268yw5dp,9d831z72,ewpjr74w,16
9d3vl96l,8lpwmwlj,268yw5dp,82405owd,ewpjr74w,5
9d3vl96l,8lpwmwlj,268yw5dp,wdm4ewod,ewpjr74w,6
9d3vl96l,8lpwmwlj,ldelvl63,xd17744d,None,70
9d3vl96l,8w9qq4zj,9d3vl96l,wk6plepd,None,7
9d3vl96l,8vk429nj,9d3vl96l,7dg8op42,None,39
9d3vl96l,8vk429nj,o1ymwk1q,7kjrxx42,None,1073
9d3vl96l,jnp5d648,w6j7vpx6,z27weg5k,None,1364
9d3vl96l,jnp5d648,9d3vl96l,z27gx4o2,None,11
9d3vl96l,j06ne54j,j1n88xx1,z279lqzd,None,3
9d3vl96l,j06ne54j,9d3vl96l,wkp5vzvd,ywey85rd,14
9d3vl96l,j0glk33x,9d3vl96l,7dg8op42,None,55
9d3vl96l,qjo79d3x,9d3vl96l,xk90megk,None,3
9d3vl96l,dx3y1zk8,m1zj4406,02qvxejd,None,31
9d3vl96l,dx3y1zk8,o1ymwk1q,ndx390od,None,47
9d3vl96l,dx3y1zk8,4d7ne8n6,wkpn308d,None,14
9d3vl96l,dx3y1zk8,9d3kxw1l,02qlyopk,None,10
9d3vl96l,dx3y1zk8,4d7ne8n6,jdzoryx2,None,5
9d3vl96l,dx3y1zk8,pd0wg21e,rklq0n2n,None,53
9d3vl96l,dx3y1zk8,9d3kxw1l,xd1ezw28,None,95
9d3vl96l,dx3y1zk8,v1pxjz68,z27o9gd0,None,54
9d3vl96l,dx3y1zk8,76r55vd8,wk6719ed,None,107
9d3vl96l,dx3y1zk8,9d3kxw1l,xk9r63gk,None,14
9d3vl96l,dx3y1zk8,j1l9qz1g,q25g198d,None,119
9d3vl96l,dx3y1zk8,3dx07vdy,rklywrdn,None,11
9d3vl96l,dx3y1zk8,m1zj4406,8240oqmd,None,40
9d3vl96l,dx3y1zk8,pd0wg21e,zd365vdn,None,102
9d3vl96l,dx3y1zk8,kdkzlgdm,wk67rxd1,None,192
9d3vl96l,dx3y1zk8,v1pxjz68,n2y3r8do,None,269
9d3vl96l,dx3y1zk8,9d3kxw1l,7kjwl3d3,None,72
9d3vl96l,dx3y1zk8,4d7ne8n6,wk63evxk,None,12
9d3vl96l,dx3y1zk8,9d3kxw1l,7dg6xxpk,None,25
9d3vl96l,dx3y1zk8,o1ymwk1q,ndx390od,None,128
9d3vl96l,dx3y1zk8,j1n97wdp,z275l4k0,None,7
9d3vl96l,dx3y1zk8,pdvzywv6,wk6eelo2,None,100
9d3vl96l,dx3y1zk8,4d7ne8n6,5dwng90d,None,7
9d3vl96l,dx3y1zk8,j1n97wdp,zd358ekn,None,37
9d3vl96l,dx3y1zk8,pdvzxxk6,xk9wp842,None,1
9d3vl96l,dx3y1zk8,pdvzywv6,xk9ezjv2,None,12
9d3vl96l,dx3y1zk8,j1n97wdp,9d85xwdn,29v5kndv,7
9d3vl96l,dx3y1zk8,pdvzywv6,xk9ezjv2,None,103
9d3vl96l,dx3y1zk8,j1n97wdp,jdrwenk6,None,32
9d3vl96l,dx3y1zk8,pdvzywv6,wk6eelo2,None,34
9d3vl96l,dx3y1zk8,pdvzywv6,wk6eelo2,None,27
9d3vl96l,dx3y1zk8,kdkzlgdm,7kjplxk3,None,140
9d3vl96l,dx3y1zk8,pdvznzr6,824nn0mk,None,20
9d3vl96l,dx3y1zk8,pdvznzr6,824r35md,None,25
9d3vl96l,dx3y1zk8,y6552z86,ndxng4jk,None,28
9d3vl96l,dx3y1zk8,pdvznzr6,824nn0mk,None,13
9d3vl96l,dx3y1zk8,9do8mm1p,rkllonkn,None,719
9d3vl96l,dx3y1zk8,76r55vd8,w20w1lzd,None,1429
9d3vl96l,dx3y1zk8,9d3vl96l,7dgg5jgd,None,5
9d3vl96l,dx3y1zk8,o1y9wo6q,n2y55mko,None,444
9d3vl96l,dx3y1zk8,46w33zl1,jdz6zgv2,None,3
9d3vl96l,dx3y1zk8,46w33zl1,xk9e7oy2,None,5
9d3vl96l,dx3y1zk8,4d73n317,02qgm7jd,None,65
9d3vl96l,dx3y1zk8,46w33zl1,jdz6zgv2,None,2
9d3vl96l,dx3y1zk8,46w33zl1,jdz6zgv2,None,2
9d3vl96l,dx3y1zk8,46w22l6r,jdr77526,None,292
9d3vl96l,dx3y1zk8,k6q5jz6g,w20y8e5k,None,7
9d3vl96l,dx3y1zk8,4d73n317,z27lx14d,5923xo3d,21
9d3vl96l,dx3y1zk8,4d73n317,z27lx14d,ewpegqj9,11
9d3vl96l,dx3y1zk8,4d73n317,n2y17n82,None,43
9d3vl96l,dx3y1zk8,4d73n317,n2yq6q8k,None,17
9d3vl96l,dx3y1zk8,4d73n317,824xj9md,None,67
9d3vl96l,dx3y1zk8,pdvznzr6,824r35md,None,144
9d3vl96l,dx3y1zk8,w6jl8k7d,w20gyqok,None,12
9d3vl96l,dx3y1zk8,w6jl8k7d,wdmx853k,None,7
9d3vl96l,dx3y1zk8,4d73n317,jdz36o32,None,92
9d3vl96l,dx3y1zk8,o1ymwk1q,7kjrxx42,None,1042
9d3vl96l,dx3y1zk8,m1mxxw46,7kjp3wzk,None,541
9d3vl96l,dx3y1zk8,4d73n317,jdz36o32,None,56
9d3vl96l,dx3y1zk8,4d73n317,vdo10l12,None,5
9d3vl96l,dx3y1zk8,pdvznzr6,824r35md,None,60
9d3vl96l,dx3y1zk8,k6q5jz6g,ndx9yjrd,None,2
9d3vl96l,dx3y1zk8,m1mxxw46,w20w3rjd,None,73
9d3vl96l,dx3y1zk8,k6q5jz6g,02q8opj2,None,12
9d3vl96l,dx3y1zk8,k6q5jz6g,9d8jzewk,None,15
9d3vl96l,dx3y1zk8,4d73n317,vdo4nly2,None,45
9d3vl96l,jopq3m7x,9d3vl96l,7dg8op42,None,19
9d3vl96l,8635o238,9d3vl96l,7kjvn8zk,None,6
9d3vl96l,xkmlp17j,9d3vl96l,wkp5vzvd,ywey85rd,15
9d3vl96l,j4r13rd8,46w25v76,xk9x0qyk,None,24
9d3vl96l,j4r13rd8,9d3vl96l,n2yqy91k,None,5
9d3vl96l,j4r13rd8,9d3evg1l,wdmelo2q,None,9
9d3vl96l,j4r13rd8,4d74qgd7,mke45ln2,None,41
9d3vl96l,j4r13rd8,9d3evg1l,q25r5gko,None,10
9d3vl96l,7j495y58,o1yjjo21,z27mnx02,o9x6er69,1
9d3vl96l,7j495y58,o1yjjo21,z27mnx02,kwj0qvrd,1
9d3vl96l,7j495y58,ldej3o51,xk99n1xk,None,1
9d3vl96l,7j495y58,ldej3o51,xk99n1xk,None,1
9d3vl96l,7j495y58,ldej3o51,xk99n1xk,None,1
9d3vl96l,7j495y58,ldej3o51,xk99n1xk,None,2
9d3vl96l,7j495y58,ldej3o51,9d8on532,None,1
9d3vl96l,7j495y58,o1yjjo21,z27mnx02,z98px81w,1
9d3vl96l,7j495y58,ldej3o51,9d8on532,None,1
9d3vl96l,7j495y58,ldej3o51,9d8on532,None,1
9d3vl96l,7j495y58,ldej3o51,9d8on532,None,1
9d3vl96l,7j495y58,o1yjjo21,z27mnx02,ywe0eqq9,1
9d3vl96l,7j495y58,o1yjjo21,z27mnx02,y9m0o4lw,1
9d3vl96l,7j495y58,o1yjjo21,w2089gvd,None,1
9d3vl96l,7j495y58,ldej3o51,wk60wgpk,None,2
9d3vl96l,7j495y58,o1yjjo21,z27mnx02,xd1pq8zd,1
9d3vl96l,7j495y58,ldej3o51,wk60wgpk,None,1
9d3vl96l,7j495y58,ldej3o51,7kj996x2,None,1
9d3vl96l,7j495y58,o1yjjo21,z27mnx02,gdrr368d,1
9d3vl96l,7j495y58,ldej3o51,9d8on532,None,1
9d3vl96l,7j495y58,ldej3o51,wk60wgpk,None,1
9d3vl96l,7j495y58,ldej3o51,n2yev61k,None,3
9d3vl96l,7j495y58,nd2wk3d0,wdmy8odq,xd01z0wq,1
9d3vl96l,7j495y58,nd2wk3d0,wdmy8odq,ewp3lldn,1
9d3vl96l,7j495y58,nd2wk3d0,wdmy8odq,69z5k691,1
9d3vl96l,7j495y58,nd27qr10,jdzll732,69z5epx9,1
9d3vl96l,7j495y58,nd27qr10,jdzll732,rdn74o59,1
9d3vl96l,7j495y58,nd27qr10,jdzll732,owoj4gj9,1
9d3vl96l,7j495y58,nd27qr10,jdzll732,ewp34kyd,1
9d3vl96l,7j495y58,nd27qr10,jdzll732,y9m64kzw,1
9d3vl96l,7j495y58,nd27qr10,jdzll732,5wkx4gv9,1
9d3vl96l,7j495y58,nd27qr10,jdzll732,xd41gvqd,1
9d3vl96l,7j495y58,nd27qr10,jdzll732,rw615kp9,1
9d3vl96l,7j495y58,nd27qr10,jdzll732,xd016vmw,1
9d3vl96l,7j495y58,nd27qr10,jdzll732,n931zq2d,1
9d3vl96l,7j495y58,nd27qr10,jdzll732,yweyx2ld,1
9d3vl96l,7j495y58,nd2wk3d0,wdmy8odq,5wkx3594,1
9d3vl96l,7j495y58,nd2wk3d0,wdmy8odq,n93167d0,1
9d3vl96l,7j495y58,nd2wk3d0,wdmy8odq,29v6o1wv,1
9d3vl96l,7j495y58,o1yjjo21,jdrr3pnd,None,1
9d3vl96l,7j495y58,ldej3o51,9d8on532,None,1
9d3vl96l,7j495y58,o1yjjo21,z27mnx02,5d7pm25d,1
9d3vl96l,7j495y58,o1yjjo21,z27mnx02,5wk07q59,1
9d3vl96l,7j495y58,o1yjjo21,z27mnx02,495p1x2w,1
9d3vl96l,7j495y58,o1y90rk6,wk6n3yp2,69zny3o9,1
9d3vl96l,7j495y58,o1yjjo21,wdm9pxxk,None,1
9d3vl96l,7j495y58,ldej3o51,824l9qgd,None,1
9d3vl96l,7j495y58,o6gn7o12,7dg8g3l2,kwjnq19g,1
9d3vl96l,7j495y58,o6gn7o12,7dg8g3l2,rw6j6697,1
9d3vl96l,7j495y58,o6gn7o12,7dg8g3l2,69zkg491,39
9d3vl96l,7j495y58,o6gn7o12,jdreqnk6,None,5
9d3vl96l,7j495y58,nd27qr10,jdzll732,5wkm0q2d,1
9d3vl96l,7j495y58,ldej3o51,wk60wgpk,None,2
9d3vl96l,7j495y58,o1yjjo21,wk606gxk,None,1
9d3vl96l,7j495y58,o1yjjo21,w2089gvd,None,1
9d3vl96l,7j495y58,o1yjjo21,wk606gxk,None,1
9d3vl96l,7j495y58,o1yjjo21,wk606gxk,None,1
9d3vl96l,7j495y58,o1yjjo21,wk606gxk,None,1
9d3vl96l,7j495y58,o1yjjo21,jdrr3pnd,None,1
9d3vl96l,7j495y58,o1yjjo21,jdrr3pnd,None,1
9d3vl96l,7j495y58,o1yjjo21,jdrr3pnd,None,1
9d3vl96l,7j495y58,o1yjjo21,jdrr3pnd,None,1
9d3vl96l,7j495y58,o1yjjo21,wk606gxk,None,1
9d3vl96l,7j495y58,o1yjjo21,z27mnx02,z98pkmrw,1
9d3vl96l,7j495y58,o1yjjo21,w2089gvd,None,1
9d3vl96l,7j495y58,o1yjjo21,z27mnx02,495p1m2w,1
9d3vl96l,7j495y58,o1yjjo21,w2089gvd,None,1
9d3vl96l,7j495y58,o1yjjo21,z27mnx02,owo8p3vd,2
9d3vl96l,7j495y58,o1yjjo21,q25xyvyk,ldyqz3pw,1
9d3vl96l,7j495y58,o1yjjo21,z27mnx02,rw626gnd,1
9d3vl96l,7j495y58,o1yjjo21,z27mnx02,rw626epd,1
9d3vl96l,7j495y58,o1yjjo21,z27mnx02,gdrr3y8d,1
9d3vl96l,7j495y58,o1yjjo21,z27mnx02,z98pkp7w,1
9d3vl96l,7j495y58,o1yjjo21,z27mnx02,y9m0o1zw,1
9d3vl96l,7j495y58,o1yjjo21,z27mnx02,ldyqz3jw,1
9d3vl96l,7j495y58,ldej3o51,824l9qgd,None,1
9d3vl96l,7j495y58,o1yjjo21,wdm9pxxk,None,1
9d3vl96l,7j495y58,o1yjjo21,wdm9pxxk,None,1
9d3vl96l,7j495y58,o1yjjo21,wdm9pxxk,None,1
9d3vl96l,7j495y58,o1yjjo21,wdm9pxxk,None,1
9d3vl96l,7j495y58,o1yjjo21,z27mnx02,29vgr5q9,1
9d3vl96l,7j495y58,o1yjjo21,z27mnx02,ewpn60y9,1
9d3vl96l,7j495y58,o1yjjo21,wdm9pxxk,None,1
9d3vl96l,7j495y58,ldej3o51,824l9qgd,None,2
9d3vl96l,7j495y58,o1yjjo21,z27mnx02,o9x6ex69,1
9d3vl96l,7j495y58,o1yjjo21,z27mnx02,kwj0q10d,1
9d3vl96l,7j495y58,o1yjjo21,z27mnx02,5wk071v9,1
9d3vl96l,7j495y58,o1yjjo21,wk606gxk,None,1
9d3vl96l,7j495y58,o1yjjo21,z27mnx02,xd0p5p0w,1
9d3vl96l,7j495y58,o1yjjo21,q25xyvyk,kwj0q10d,2
9d3vl96l,7j495y58,o1yjjo21,z27mnx02,5d7pmzqd,1
9d3vl96l,7j495y58,o1yjjo21,w2089gvd,None,1
9d3vl96l,7j495y58,o1yjjo21,q25xyvyk,rw626epd,2
9d3vl96l,7j495y58,o1yjjo21,z27mnx02,69z7g86w,1
9d3vl96l,7j495y58,o1yjjo21,z27mnx02,xd4poe0d,1
9d3vl96l,7j495y58,o1yjjo21,z27mnx02,xd4pop0d,1
9d3vl96l,7j495y58,o1yjjo21,z27mnx02,xd4porqd,1
9d3vl96l,7j495y58,o1yjjo21,z27mnx02,nwl0j4pw,1
9d3vl96l,7j495y58,o1yjjo21,z27mnx02,592m74gw,1
9d3vl96l,7j495y58,o1yjjo21,z27mnx02,rw6262nd,1
9d3vl96l,7j495y58,o1yjjo21,z27mnx02,n93kjk7w,1
9d3vl96l,7j495y58,o1yjjo21,z27mnx02,69z7ge6w,1
9d3vl96l,7j495y58,o1yjjo21,z27mnx02,kwj0q4rd,1
9d3vl96l,7j495y58,o1yjjo21,z27mnx02,owo8pqjd,1
9d3vl96l,7j495y58,o1yjjo21,z27mnx02,nwl0j2pw,1
9d3vl96l,7j495y58,o1yjjo21,z27mnx02,xd1pqyqd,1
9d3vl96l,7j495y58,o1yjjo21,wdm9pxxk,None,3
9d3vl96l,7j495y58,pd0wj421,7dgnqzp2,None,189
9d3vl96l,7j495y58,4pd0n31e,wk6pexd1,None,500
9d3vl96l,7j495y58,nd27qr10,7kj8mzd3,None,1
9d3vl96l,7j495y58,nd27qr10,xd1jjv7d,None,1
9d3vl96l,7j495y58,o1y90rk6,wk6n3yp2,r9g653jw,1
9d3vl96l,7j495y58,o1y90rk6,wk6n3yp2,xd4p7o2d,1
9d3vl96l,7j495y58,o6gn7o12,7kjvjngk,None,6
9d3vl96l,7j495y58,o6gn7o12,7dg8g3l2,owozp3d6,4
9d3vl96l,7j495y58,o6gn7o12,7dg8g3l2,y9mlo0w5,6
9d3vl96l,7j495y58,o6gn7o12,7dg8g3l2,69zkg491,22
9d3vl96l,7j495y58,o1yjjo21,z27mnx02,ewpn68l9,2
9d3vl96l,7j495y58,o1yjjo21,z27mnx02,r9g6g7qw,1
9d3vl96l,7j495y58,nd27qr10,jdzll732,r9glqyjw,1
9d3vl96l,7j495y58,nd27qr10,jdzll732,o9xgr13d,1
9d3vl96l,7j495y58,nd27qr10,jdzll732,z9834rrd,1
9d3vl96l,7j495y58,nd27qr10,jdzll732,ldyxl1p9,1
9d3vl96l,7j495y58,nd27qr10,jdzll732,gdrn6pe9,1
9d3vl96l,7j495y58,o1yjjo21,z27mnx02,ldyqz3pw,1
9d3vl96l,7j495y58,o1yjjo21,z27mnx02,rdn31qnw,1
9d3vl96l,7j495y58,o1yjjo21,z27mnx02,xd1pqlqd,1
9d3vl96l,7j495y58,o1yjjo21,z27mnx02,ewpn64l9,1
9d3vl96l,7j495y58,o1yjjo21,z27mnx02,r9g6gqqw,1
9d3vl96l,7j495y58,o1yjjo21,z27mnx02,xd0p53mw,1
9d3vl96l,7j495y58,o1yjjo21,z27mnx02,y9m0oglw,1
9d3vl96l,7j495y58,o1yjjo21,z27mnx02,owo8p4vd,1
9d3vl96l,7j495y58,o1yjjo21,z27mnx02,xd1pq4qd,2
9d3vl96l,7j495y58,o1yjjo21,z27mnx02,owo8p5vd,2
9d3vl96l,7j495y58,o1yjjo21,z27mnx02,z98pkm7w,1
9d3vl96l,7j495y58,o1yjjo21,z27mnx02,rdqyk4m9,1
9d3vl96l,7j495y58,o1yjjo21,z27mnx02,xd0p5n0w,1
9d3vl96l,7j495y58,o1yjjo21,z27mnx02,5wk07e59,1
9d3vl96l,7j495y58,o1yjjo21,z27mnx02,29vgr019,1
9d3vl96l,7j495y58,o1yjjo21,z27mnx02,5d7pmq5d,1
9d3vl96l,7j495y58,o1yjjo21,z27mnx02,xd4pog0d,1
9d3vl96l,7j495y58,o6gn7o12,7dg8g3l2,5d7y7yqd,7
9d3vl96l,7j495y58,o6gn7o12,wkp3yj2r,None,20
9d3vl96l,7j495y58,yd4r4x1e,q255og2o,None,20
9d3vl96l,7j495y58,o1yjjo21,z27mnx02,ywe0exq9,1
9d3vl96l,7j495y58,9d37o96l,jdr9w5d6,xd0x3mdq,21
9d3vl96l,7j495y58,o1yjjo21,z27mnx02,ldyqzljw,1
9d3vl96l,7j495y58,o1yjjo21,z27mnx02,n93kjz7w,1
9d3vl96l,7j495y58,o1yjjo21,z27mnx02,592m7n7w,1
9d3vl96l,7j495y58,o1yjjo21,z27mnx02,y9m0o2lw,1
9d3vl96l,7j495y58,o1yjjo21,z27mnx02,n93kjm7w,1
9d3vl96l,7j495y58,m1m3yk62,zd3mzy2n,None,21
9d3vl96l,7j495y58,o1y90rk6,xd11w8zd,None,1
9d3vl96l,7j495y58,o6gn7o12,7dg8g3l2,rdqxkgwx,13
9d3vl96l,7j495y58,o6gn7o12,7dg8g3l2,r9gvg292,40
9d3vl96l,7j495y58,o6gn7o12,7dg8g3l2,y9mlo0w5,9
9d3vl96l,7j495y58,pd0qxgl1,jdze71gd,owo4r2y9,2
9d3vl96l,7j495y58,pd0qxgl1,jdze71gd,rdn4yp69,3
9d3vl96l,7j495y58,m1m3yk62,xd17l44d,rdn4ykv9,3
9d3vl96l,7j495y58,m1m3yk62,ndxjl7o2,n93qm4rw,4
9d3vl96l,7j495y58,m1m3yk62,ndxjl7o2,rdn4ykv9,3
9d3vl96l,7j495y58,pd0qxgl1,jdze71gd,n93zrgew,1
9d3vl96l,7j495y58,m1m3yk62,ndxjl7o2,z98rm71d,6
9d3vl96l,7j495y58,o6gn7o12,7dg8g3l2,xd1gqydo,7
9d3vl96l,7j495y58,o6gn7o12,7dg8g3l2,ewpg64wn,10
9d3vl96l,7j495y58,o6gn7o12,7dg8g3l2,5wky7xd4,6
9d3vl96l,7j495y58,o6gn7o12,wdmzryo2,None,4
9d3vl96l,7j495y58,o6gn7o12,q253ojko,None,10
9d3vl96l,7j495y58,o6gn7o12,7dg8g3l2,rdqxkgwx,5
9d3vl96l,7j495y58,o6gn7o12,7dg8g3l2,xd4qo8wm,6
9d3vl96l,7j495y58,o6gn7o12,7dg8g3l2,69zkg491,2
9d3vl96l,7j495y58,o6gn7o12,7dg8g3l2,xd1gqydo,10
9d3vl96l,7j495y58,m1m3yk62,ndxjl7o2,kwj7vp1w,6
9d3vl96l,7j495y58,o6gn7o12,7dg8g3l2,n936jr90,7
9d3vl96l,7j495y58,o6gn7o12,7dg8g3l2,5d7ome9y,7
9d3vl96l,7j495y58,o6gn7o12,7dg8g3l2,495kjkm9,1
9d3vl96l,7j495y58,o6gn7o12,7dg8g3l2,495714wp,9
9d3vl96l,7j495y58,o6gn7o12,7dg8g3l2,xd1gqydo,9
9d3vl96l,7j495y58,9d3vl96l,7dg8op42,None,18
9d3vl96l,7j495y58,m1m3yk62,ndxjl7o2,rdqznlgd,12
9d3vl96l,7j495y58,m1m3yk62,xd17l44d,xd1j42yd,11
9d3vl96l,7j495y58,m1m3yk62,ndxjl7o2,59204q6d,7
9d3vl96l,7j495y58,o6gn7o12,7dg8g3l2,495714wp,15
9d3vl96l,7j495y58,o6gn7o12,7dg8g3l2,nwl76er9,1
9d3vl96l,7j495y58,o6gn7o12,7dg8g3l2,xd0z5j9q,1
9d3vl96l,7j495y58,y654m20d,7kjpz54k,ywe1xzrd,2
9d3vl96l,7j495y58,268eep56,jdz6j032,None,2
9d3vl96l,7j495y58,m1m3yk62,xd17l44d,xd40k289,4
9d3vl96l,7j495y58,m1m3yk62,xd17l44d,xd40k289,4
9d3vl96l,7j495y58,o6gn7o12,7dg8g3l2,592x76d6,1
9d3vl96l,7j495y58,o1y90rk6,wk6n3yp2,owoqoeyd,3
9d3vl96l,7j495y58,y659p81e,n2y59ezk,None,14
9d3vl96l,7j495y58,o6gn7o12,7dg8g3l2,r9gvg292,1
9d3vl96l,7j495y58,o6glxod2,7kjz6nd3,None,51
9d3vl96l,7j495y58,ok6q001g,9d8zwqdn,gdrp28wz,1
9d3vl96l,7j495y58,ok6q001g,9d8zwqdn,nwlg3p9v,2
9d3vl96l,7j495y58,n268nk6p,7dg8xp24,None,260
9d3vl96l,7j495y58,pd0w94l1,5dw7l9gk,None,1
9d3vl96l,7j495y58,n268nk6p,ndxj4qr2,495k529p,3
9d3vl96l,7j495y58,ok6q001g,xk9ln6k0,z98rn7dl,1
9d3vl96l,7j495y58,n268nk6p,xd1rzwk8,rw6q3nd7,8
9d3vl96l,7j495y58,9do7m76p,jdz850rd,None,13
9d3vl96l,7j495y58,3dx23z51,wdm84r32,None,2
9d3vl96l,7j495y58,n268nk6p,ndxj4qr2,rw6q3nd7,1
9d3vl96l,7j495y58,n268nk6p,ndxj4qr2,rw6q3nd7,2
9d3vl96l,7j495y58,n268nk6p,ndxj4qr2,xd40x09m,1
9d3vl96l,7j495y58,n268nk6p,ndxj4qr2,69zp26w1,2
9d3vl96l,7j495y58,n268nk6p,ndxj4qr2,r9gy4q92,6
9d3vl96l,7j495y58,n268nk6p,xd1rzwk8,rw6q3nd7,10
9d3vl96l,7j495y58,n268nk6p,xd1rzwk8,xd40x09m,7
9d3vl96l,7j495y58,ok6q001g,9d8zwqdn,r9gyxq92,3
9d3vl96l,7j495y58,ok6q001g,xk9ln6k0,gdrp28wz,1
9d3vl96l,kj90nrj4,46w0n91r,mkejvej2,None,10
9d3vl96l,kj90nrj4,46w0n91r,7dg5xzg2,None,2
9d3vl96l,kj90nrj4,46w0n91r,wdm4veed,None,8
9d3vl96l,kj90nrj4,o1y9wo6q,7kjpp4k3,None,18
9d3vl96l,kj90nrj4,46w0n91r,7dg5xzg2,None,3
9d3vl96l,kj90nrj4,46w0n91r,7dg5xzg2,None,4
9d3vl96l,kj90nrj4,46w0n91r,7dg5xzg2,None,2
9d3vl96l,kj90nrj4,46w0n91r,7kj9e532,None,4
9d3vl96l,kj90nrj4,o1y9w8v6,xk9x4yvk,None,2
9d3vl96l,kj90nrj4,46w0n91r,824rg9gd,None,25
9d3vl96l,kj90nrj4,46w0n91r,vdoqz66k,None,11
9d3vl96l,kj90nrj4,46w0n91r,wkpq9pjd,None,4
9d3vl96l,kj90nrj4,46w0n91r,02ql37pk,None,9
9d3vl96l,kj90nrj4,o1y9wo6q,n2y55mko,None,16
9d3vl96l,kj90nrj4,46w0n91r,5dwy905k,None,7
9d3vl96l,kj90nrj4,o1y9wo6q,wkpoo02r,None,23
9d3vl96l,kj90nrj4,76rxlnq6,zdn133ek,None,1
9d3vl96l,kj90nrj4,76rxlnq6,q257ppyd,None,1
9d3vl96l,kj90nrj4,y654lv3d,q25793wd,None,2
9d3vl96l,kj90nrj4,76rxlnq6,jdr70yg2,None,2
9d3vl96l,kj90nrj4,o1y9wo6q,7dgrrxk4,None,19
9d3vl96l,kj90nrj4,o1ymwk1q,vdoq6z9k,None,9
9d3vl96l,kj90nrj4,o1ymwk1q,7kj8wz3d,None,3
9d3vl96l,kj90nrj4,46w0n91r,824rg9gd,None,33
9d3vl96l,kj90nrj4,46w0n91r,02ql37pk,None,18
9d3vl96l,kj90nrj4,46w0n91r,wdm4veed,None,16
9d3vl96l,kj90nrj4,46w0n91r,vdoqz66k,None,11
9d3vl96l,kj90nrj4,46w0n91r,wkpq9pjd,None,11
9d3vl96l,kj90nrj4,46w0n91r,7dg5xzg2,None,22
9d3vl96l,kj90nrj4,46w0n91r,7dg5xzg2,None,18
9d3vl96l,kj90nrj4,46w0n91r,mkejvej2,None,9
9d3vl96l,kj90nrj4,o1ymwk1q,rklgppqd,None,7
9d3vl96l,kj90nrj4,k6q9jm1g,zdnzwxdq,None,3
9d3vl96l,kj90nrj4,o1ymwk1q,7kjrxx42,None,90
9d3vl96l,kj90nrj4,kdkzlgdm,wk67rxd1,None,188
9d3vl96l,kj90nrj4,o1ymwk1q,n2yg5wm2,None,16
9d3vl96l,kj90nrj4,9d3r20wd,9d8xo832,None,20
9d3vl96l,kj90nrj4,o1y9wo6q,7dgrrxk4,None,478
9d3vl96l,kj90nrj4,o1ymwk1q,7dggqwxd,None,106
9d3vl96l,kj90nrj4,j1n8ow1p,w20pe0ok,None,8
9d3vl96l,kj90nrj4,o1y9wo6q,n2y55mko,None,437
9d3vl96l,kj90nrj4,k6q9jm1g,zdnzwxdq,None,2
9d3vl96l,kj90nrj4,9d3r20wd,9d8xo832,None,67
9d3vl96l,kj90nrj4,y65z836e,w20pe5vk,None,14
9d3vl96l,kj90nrj4,k6q9jm1g,q25301jk,None,3
9d3vl96l,kj90nrj4,j1np9e6p,mkex49d6,None,2
9d3vl96l,kj90nrj4,46w3ewl1,zd3739y2,None,3
9d3vl96l,kj90nrj4,kdkzlgdm,ndxjyvo2,gdr2q0z9,5
9d3vl96l,kj90nrj4,kdkzlgdm,zdn1lvxk,rdqkxodx,6
9d3vl96l,kj90nrj4,y654lv3d,q25793wd,None,2
9d3vl96l,kj90nrj4,y654lv3d,zdn1yexk,None,4
9d3vl96l,kj90nrj4,y654lv3d,wkpvn68k,None,4
9d3vl96l,kj90nrj4,y654lv3d,w20y978k,None,3
9d3vl96l,kj90nrj4,yd4z7k6e,824xyw3d,None,18
9d3vl96l,kj90nrj4,yd48w56e,jdrp8mg2,None,13
9d3vl96l,kj90nrj4,k6q9jm1g,9d8g906k,None,2
9d3vl96l,kj90nrj4,kyd4pxde,xd1m7rd8,None,24
9d3vl96l,kj90nrj4,k6q9jm1g,xd17vw4d,None,2
9d3vl96l,kj90nrj4,pd0lowde,wkpj0vvk,None,87
9d3vl96l,kj90nrj4,yd48w56e,jdrp8mg2,None,5
9d3vl96l,kj90nrj4,yd48w56e,wdmq83e2,None,5
9d3vl96l,kj90nrj4,o6gxkxd2,9kvpqrjk,None,118
9d3vl96l,kj90nrj4,yd48w56e,jdrp8mg2,None,8
9d3vl96l,kj90nrj4,yd48w56e,jdrp8mg2,None,7
9d3vl96l,kj90nrj4,yd48w56e,wdmq83e2,None,7
9d3vl96l,kj90nrj4,268py7dp,wkpgq8kr,None,21
9d3vl96l,kj90nrj4,yd48w56e,wdmq83e2,None,9
9d3vl96l,kj90nrj4,l3dxogdy,7kj6mz23,None,125
9d3vl96l,kj90nrj4,9d3vl96l,7dg8op42,None,60
9d3vl96l,kj90nrj4,9d3vl96l,z27gx4o2,None,29
9d3vl96l,kj90nrj4,9do8p71p,wk6vqxd1,None,105
9d3vl96l,kj90nrj4,yd4g2pde,5dwrrn2g,None,2
9d3vl96l,kj90nrj4,yd4g2pde,5dwrrn2g,None,2
9d3vl96l,8r292w6x,9d3vl96l,7dg8op42,None,63
9d3vl96l,86nz19px,9d3vl96l,z27gx4o2,None,28
9d3vl96l,86nz19px,nd2z5qd0,n2yo608d,None,561
9d3vl96l,x7mo20rx,9do89pk1,9kvlw702,ldyv70kd,1
9d3vl96l,x7mo20rx,9do89pk1,9kvlw702,rdnvjgq9,1
9d3vl96l,x7mo20rx,268wwqy6,ndxe6jok,ywe003y9,3
9d3vl96l,x7mo20rx,9d3evg1l,9kvr5v82,None,3
9d3vl96l,x7mo20rx,9d3evg1l,q25r5gko,None,4
9d3vl96l,x7mo20rx,268wwqy6,9d8o0pw2,None,3
9d3vl96l,x7mo20rx,v1pxokm6,q25jxrwd,None,4
9d3vl96l,x7mo20rx,v1pxokm6,jdrr950d,None,3
9d3vl96l,x7mo20rx,4d73n317,7dg68jxk,None,20
9d3vl96l,x7mo20rx,4d74qgd7,jdznz16d,None,6
9d3vl96l,x7mo20rx,9d3evg1l,wdmelo2q,None,6
9d3vl96l,x7mo20rx,9d3vl96l,n2yqy91k,None,4
9d3vl96l,x7mo20rx,4d74qgd7,jdznz16d,None,6
9d3vl96l,x7mo20rx,4d74qgd7,zd3l4nvd,None,5
9d3vl96l,x7mo20rx,4d74qgd7,7kjmlzk3,None,5
9d3vl96l,x7mo20rx,4d74qgd7,mke45ln2,None,14
9d3vl96l,x7mo20rx,9d3evg1l,q25r5gko,None,2
9d3vl96l,x7mo20rx,9d3evg1l,q25r5gko,None,3
9d3vl96l,x7mo20rx,9d3vl96l,7dg8op42,None,15
9d3vl96l,x7mo20rx,4d74qgd7,jdznz16d,None,6
9d3vl96l,x7mo20rx,4d74qgd7,jdznz16d,None,5
9d3vl96l,x7mo20rx,4d74qgd7,jdznz16d,None,8
9d3vl96l,x7mo20rx,w6jn7x1j,ndxe54rk,None,8
9d3vl96l,x7mo20rx,w6jn7x1j,ndxe54rk,None,14
9d3vl96l,x7mo20rx,w6jn7x1j,jdr58nk6,None,12
9d3vl96l,x7mo20rx,w6jn7x1j,jdr16jx2,None,3
9d3vl96l,x7mo20rx,w6jn7x1j,7kj6poz2,None,25
9d3vl96l,x7mo20rx,w6jn7x1j,jdr16jx2,None,11
9d3vl96l,xk3gy468,yd4oq3k1,7dgnvyx2,5d7z365w,15
9d3vl96l,xk3gy468,9d3vl96l,z27gx4o2,None,32
9d3vl96l,8r2ezmwx,yd4km056,wkp9q382,None,2
9d3vl96l,8r2ezmwx,9d3vl96l,z27gx4o2,None,4
9d3vl96l,8r2ezmwx,4d73n317,wdmq7352,None,26
9d3vl96l,8r2ezmwx,4d73n317,vdo10l12,None,6
9d3vl96l,8r2ezmwx,4d73n317,jdz36o32,None,40
9d3vl96l,8r2ezmwx,4d73n317,824xj9md,None,14
9d3vl96l,8r2ezmwx,4d73n317,z27lx14d,xd4nq3rw,2
9d3vl96l,8r2ezmwx,4d73n317,q253vmjk,ewpegqj9,7
9d3vl96l,8r2ezmwx,4d73n317,q253vmjk,29vjokl9,3
9d3vl96l,x7qzn3y8,9d3vl96l,z27gx4o2,None,8
9d3vl96l,xk400o9j,9d3vl96l,7kjvn8zk,None,5
9d3vl96l,xk400o9j,46w33zl1,jdz6zgv2,None,3
9d3vl96l,kjpn600x,pd05xl1e,vdo93vdp,rdql5owx,12
9d3vl96l,kjpn600x,o1y9jpo6,jdz8ro3d,None,1
9d3vl96l,kjpn600x,4d73n317,z27lx14d,y9mylpx9,1
9d3vl96l,kjpn600x,4d73n317,jdz36o32,None,76
9d3vl96l,kjpn600x,4d73n317,02qgm7jd,None,107
9d3vl96l,kjpn600x,w6jmm26j,82481pmk,None,41
9d3vl96l,kjpn600x,o1y9gk46,w20qq0vd,ywe36xl9,1
9d3vl96l,kjpn600x,nd2wk3d0,rkl6jnkn,None,32
9d3vl96l,kjpn600x,k6q5jz6g,xk986yg2,None,10
9d3vl96l,kjpn600x,4d73n317,n2y17n82,None,39
9d3vl96l,kjpn600x,k6q5jz6g,wk6117qd,None,9
9d3vl96l,kjpn600x,4d73n317,z27lx14d,5923xo3d,2
9d3vl96l,kjpn600x,k6q5jz6g,wk6117qd,None,7
9d3vl96l,kjpn600x,w6jmm26j,9d8lxv62,None,21
9d3vl96l,kjpn600x,w6jmm26j,8246xjgd,29v353xw,7
9d3vl96l,kjpn600x,o1y9jpo6,jdz8ro3d,None,13
9d3vl96l,kjpn600x,4d73n317,z27lx14d,ewpegqj9,3
9d3vl96l,kjpn600x,k6q5jz6g,n2ygqym2,None,14
9d3vl96l,kjpn600x,w6jmm26j,82481pmk,None,11
9d3vl96l,kjpn600x,w6jmm26j,82481pmk,None,6
9d3vl96l,kjpn600x,j1nmew6p,5dwlyl2g,None,10
9d3vl96l,kjpn600x,j1nmew6p,xk94gyd0,o9xlopp9,3
9d3vl96l,kjpn600x,w6jmm26j,82481pmk,None,14
9d3vl96l,kjpn600x,o1y9jpo6,zdn105nk,None,8
9d3vl96l,kjpn600x,w6jmm26j,82481pmk,None,29
9d3vl96l,kjpn600x,m1mn304d,xk9w59y2,None,6
9d3vl96l,kjpn600x,pdvjjkdw,zd309xrd,None,35
9d3vl96l,kjpn600x,k6q5jz6g,wk68plr2,None,4
9d3vl96l,kjpn600x,4d73n317,824xj9md,None,110
9d3vl96l,kjpn600x,k6q5jz6g,02q8opj2,None,7
9d3vl96l,kjpn600x,k6q5jz6g,02q8opj2,None,7
9d3vl96l,kjpn600x,k6q5jz6g,02q8opj2,None,14
9d3vl96l,kjpn600x,4d73n317,02qgm7jd,None,23
9d3vl96l,kjpn600x,46w33ln1,8246gond,None,24
9d3vl96l,kjpn600x,w6jl8k7d,vdo8359k,None,6
9d3vl96l,kjpn600x,w6jl8k7d,w20gyqok,None,8
9d3vl96l,kjpn600x,k6q5jz6g,9kvo7682,None,5
9d3vl96l,kjpn600x,pd0w2o21,rkljl16d,None,47
9d3vl96l,kjpn600x,w6jmm26j,zd360ovd,None,22
9d3vl96l,kjpn600x,4d73n317,n2y17n82,None,4
9d3vl96l,kjpn600x,k6q5jz6g,wk68plr2,None,21
9d3vl96l,kjpn600x,pdvznzr6,824r35md,None,233
9d3vl96l,kjpn600x,y6552z86,ndxre85d,None,39
9d3vl96l,kjpn600x,w6jmm26j,8246xjgd,kwj51519,28
9d3vl96l,kjpn600x,w6jmm26j,8246xjgd,owo0q03w,16
9d3vl96l,kjpn600x,w6jmm26j,8246xjgd,ewpj0j4w,15
9d3vl96l,kjpn600x,w6jmm26j,8246xjgd,z986g7rd,15
9d3vl96l,kjpn600x,k6q5jz6g,7kj6vn42,None,25
9d3vl96l,kjpn600x,w6jmm26j,8246xjgd,xd1787yd,18
9d3vl96l,kjpn600x,w6jmm26j,8246xjgd,n937y42d,15
9d3vl96l,kjpn600x,w6jmm26j,8246xjgd,xd0g3gjw,20
9d3vl96l,kjpn600x,k6q5jz6g,n2yj9q72,None,6
9d3vl96l,kjpn600x,9d3gm96l,w20w05jd,None,4
9d3vl96l,kjpn600x,pdv7lodw,w20zp6zd,None,10
9d3vl96l,kjpn600x,j1ne9el1,z27o7wod,None,8
9d3vl96l,kjpn600x,j1ne9el1,zdn1qzxk,None,5
9d3vl96l,kjpn600x,j1ne9el1,xk9nlwg2,None,7
9d3vl96l,kjpn600x,j1ne9el1,7kjqrgzd,None,14
9d3vl96l,kjpn600x,w6jmm26j,q25qoe82,None,36
9d3vl96l,kjpn600x,v1pooe86,zdn40gxk,None,1
9d3vl96l,kjpn600x,v1pooe86,jdrxo5ld,None,1
9d3vl96l,kjpn600x,w6jmm26j,8246xjgd,xd1787yd,32
9d3vl96l,kjpn600x,w6jmm26j,8246xjgd,owo0q03w,12
9d3vl96l,kjpn600x,w6jmm26j,8246xjgd,5wkj1jxd,25
9d3vl96l,kjpn600x,w6jmm26j,8246xjgd,kwj51519,51
9d3vl96l,kjpn600x,w6jmm26j,8246xjgd,y9mj1j09,39
9d3vl96l,kjpn600x,w6jmm26j,8246xjgd,ewpj0j4w,30
9d3vl96l,kjpn600x,w6jmm26j,8246xjgd,5d7vzved,65
9d3vl96l,kjpn600x,w6jmm26j,8246xjgd,n937y42d,14
9d3vl96l,kjpn600x,w6jmm26j,8246xjgd,rdn02z5w,13
9d3vl96l,kjpn600x,w6jmm26j,8246xjgd,gdre1xe9,13
9d3vl96l,kjpn600x,w6jmm26j,8246xjgd,nwllpoow,21
9d3vl96l,kjpn600x,w6jmm26j,8246xjgd,ywe1m5ld,18
9d3vl96l,kjpn600x,w6jmm26j,8246xjgd,69z3n2xd,26
9d3vl96l,kjpn600x,w6jmm26j,8246xjgd,r9g214jd,21
9d3vl96l,kjpn600x,w6jmm26j,8246xjgd,z986g7rd,24
9d3vl96l,kjpn600x,w6jmm26j,8246xjgd,592znz69,19
9d3vl96l,kjpn600x,w6jmm26j,8246xjgd,n937y7rd,15
9d3vl96l,kjpn600x,w6jmm26j,8246xjgd,rdn0206w,21
9d3vl96l,kjpn600x,w6jmm26j,8246xjgd,29v353xw,11
9d3vl96l,kjpn600x,w6jmm26j,8246xjgd,ldyy8y7d,13
9d3vl96l,kjpn600x,w6jmm26j,8246xjgd,ldyy8gpd,23
9d3vl96l,kjpn600x,m1m3rk62,xk969xk0,xd4071p9,50
9d3vl96l,kjpn600x,w6jmm26j,8246xjgd,rw64e469,26
9d3vl96l,kjpn600x,w6jmm26j,8246xjgd,xd4jrj8d,18
9d3vl96l,kjpn600x,w6jmm26j,8246xjgd,xd0g3gjw,29
9d3vl96l,kjpn600x,w6jmm26j,8246xjgd,z986g61d,13
9d3vl96l,kjpn600x,9d3vl96l,wkp5vzvd,69z542o9,12
9d3vl96l,kjpn600x,9d3evg1l,q25r5gko,None,18
9d3vl96l,kjpn600x,46w32k91,824r40ed,None,5
9d3vl96l,kjpn600x,k6q5jz6g,ndx54p5k,None,16
9d3vl96l,866k9z08,9d3vl96l,7dg8op42,None,64
9d3vl96l,866k9z08,9d3vl96l,7dg8op42,None,56
9d3vl96l,68wgyo4x,9do89pk1,9kvlw702,gdrv47lw,1
9d3vl96l,68wgyo4x,9d3vl96l,wkp5vzvd,o9xgl41d,3
9d3vl96l,68wgyo4x,46w33ln1,jdz8946d,None,3
9d3vl96l,68wgyo4x,9d3j006l,vdo4gjv2,None,4
9d3vl96l,68wgyo4x,4d74qgd7,wk6zrp21,None,1
9d3vl96l,68wgyo4x,268wwqy6,9d8o0pw2,None,2
9d3vl96l,68wgyo4x,pd0w2o21,rkljl16d,None,8
9d3vl96l,j2y1npo8,j1ne2ex1,wk6npqe2,None,5
9d3vl96l,j2y1npo8,j1ne2ex1,w20gwejk,None,11
9d3vl96l,j2y1npo8,9d3vl96l,wkp5vzvd,69z542o9,4
9d3vl96l,e8ee4k78,w6jn7x1j,7kj6poz2,None,25
9d3vl96l,e8ee4k78,46w33zl1,ndx317vd,None,1
9d3vl96l,e8ee4k78,46w33zl1,ndx317vd,None,1
9d3vl96l,e8ee4k78,46w33zl1,9kv8m4jd,None,3
9d3vl96l,e8ee4k78,46w33zl1,ndx317vd,None,2
9d3vl96l,e8ee4k78,46w33zl1,wk6oeeqk,69zemyl9,7
9d3vl96l,e8ee4k78,9d3vl96l,7dg8op42,None,5
9d3vl96l,e8ee4k78,46w33zl1,9d86xpq2,None,2
9d3vl96l,e8ee4k78,9d3evg1l,q25r5gko,None,9
9d3vl96l,e8ee4k78,9d3j006l,vdo4gjv2,None,10
9d3vl96l,e8ee4k78,9d3vl96l,n2yqy91k,None,3
9d3vl96l,e8ee4k78,46w33zl1,jdz6zgv2,None,1
9d3vl96l,e8ee4k78,46w33zl1,wkp3x4w2,None,2
9d3vl96l,e8ee4k78,9d3evg1l,wdmelo2q,None,21
9d3vl96l,e8ee4k78,9d3vl96l,xk90megk,None,1
9d3vl96l,e8ee4k78,9d3vl96l,7dgg5jgd,None,9
9d3vl96l,e8ee4k78,pd0w2o21,rkljl16d,None,22
9d3vl96l,e8ee4k78,46w33zl1,xk9e7oy2,None,5
9d3vl96l,e8ee4k78,w6jn7x1j,jdr58nk6,None,16
9d3vl96l,e8ee4k78,9d3vl96l,xd1394wk,None,5
9d3vl96l,e8ee4k78,46w33zl1,jdz6zgv2,None,2
9d3vl96l,e8ee4k78,46w33ln1,jdrxv0ld,None,8
9d3vl96l,e8ee4k78,46w33ln1,7dgrnmpk,None,32
9d3vl96l,e8ee4k78,9d3vl96l,n2yqy91k,None,8
9d3vl96l,e8ee4k78,46w33zl1,xk9e7oy2,None,3
9d3vl96l,xzl107e8,46w33zl1,wk6oeeqk,xd06vrxd,4
9d3vl96l,xzl107e8,46w33zl1,9kv8m4jd,None,2
9d3vl96l,xzl107e8,46w33zl1,wk6oeeqk,592evgo9,5
9d3vl96l,xzl107e8,9d3vl96l,z27gx4o2,None,19
9d3vl96l,xzl107e8,9d3vl96l,7dg8op42,None,35
9d3vl96l,xzl107e8,46w33zl1,wk6oeeqk,69zemyl9,6
9d3vl96l,xzl107e8,9d3vl96l,wkp5vzvd,69z542o9,5
9d3vl96l,xzl107e8,9d3vl96l,wkp5vzvd,r9gl3xkw,12
9d3vl96l,jmzq59ex,9d3vl96l,wkp5vzvd,r9gl3xkw,5
9d3vl96l,8rl6lwd8,9d3vl96l,7dg8op42,None,14
9d3vl96l,8gemw62j,9d3vl96l,7dg8op42,None,10
9d3vl96l,8gemw62j,o1y9wo6q,n2y55mko,None,1049
9d3vl96l,8gemw62j,o1y9wo6q,7dgrrxk4,None,897
9d3vl96l,8gemw62j,4pd0n31e,n2yq98ko,None,348
9d3vl96l,8gemw62j,268yl7dp,8246ylnd,None,5
9d3vl96l,8gemw62j,m1mxxw46,7kjp3wzk,None,447
9d3vl96l,8gemw62j,o1y9wo6q,n2y55mko,None,2235
9d3vl96l,98rznvdx,9d3vl96l,z27gx4o2,None,4
9d3vl96l,98rznvdx,9d3rnedl,zdny4nkq,ywene7wl,5
9d3vl96l,98rznvdx,9d3rnedl,jdrnxnk6,ywene7wl,6
9d3vl96l,j40gr1m8,9d3vl96l,7kjvn8zk,None,3
9d3vl96l,jpo3m4k8,9d3vl96l,7dg8op42,None,42
9d3vl96l,jpmw5m2j,9d3vl96l,z27gx4o2,None,4
9d3vl96l,j5vwe968,9d3vl96l,7dg8op42,None,67
9d3vl96l,8dwz1k9j,pdvznzr6,9d8yo9wk,None,41
9d3vl96l,8dwz1k9j,9d3vl96l,7dg8op42,None,33
9d3vl96l,j51wz9z8,9d3vl96l,7dg8op42,None,22
9d3vl96l,j51wz9z8,k6q474zd,q25m6zyd,None,1
9d3vl96l,dx3eow6j,9d3vl96l,wkp5vzvd,ywey85rd,10
9d3vl96l,8rlqn2q8,9d3vl96l,7dg8op42,None,51
9d3vl96l,8lp2d64j,9d3vl96l,7dg8op42,None,58
9d3vl96l,xyle61vj,9d3vl96l,7dg8op42,None,8
9d3vl96l,xyle61vj,46w33zl1,ndx317vd,None,1
9d3vl96l,xyle61vj,9d3vl96l,7dg8op42,None,40
9d3vl96l,jo3z630j,w6j7go56,z27mq642,None,1
9d3vl96l,jo3z630j,w6j7go56,zdnnj4nd,None,1
9d3vl96l,jo3z630j,9d3vl96l,7dg8op42,None,23
9d3vl96l,jo3z630j,pd0wx9w1,zd36l5rd,None,2246
9d3vl96l,jo3z630j,yd490w1e,7kj31eg2,None,1
9d3vl96l,jo3z630j,9dozj71p,rklegqr2,None,1
9d3vl96l,jo3z630j,m1m93462,xk9r84xk,None,2
9d3vl96l,8r222gwx,46w33zl1,9d86xpq2,None,3
9d3vl96l,8r222gwx,9d3vl96l,z27gx4o2,None,9
9d3vl96l,v8low0v8,9do89pk1,zd3rp8ed,None,3
9d3vl96l,v8low0v8,9do89pk1,9kvlw7e2,None,2
9d3vl96l,v8low0v8,k6q490zd,wk6791xd,None,1
9d3vl96l,v8low0v8,k6q490zd,7kj6m832,None,1
9d3vl96l,v8low0v8,9d3vl96l,wkp5vzvd,ywey85rd,4
9d3vl96l,v8low0v8,9d3j006l,vdo4gjv2,None,3
9d3vl96l,xyo17knj,9d3vl96l,7dg8op42,None,20
9d3vl96l,jmln5qn8,9d3vl96l,z27gx4o2,None,25
9d3vl96l,xyle07nj,9d3vl96l,7dg8op42,None,62
9d3vl96l,81q5nnlj,46w33ln1,8246gond,None,32
9d3vl96l,81q5nnlj,9d3vl96l,7dg8op42,None,50
9d3vl96l,81q5nnlj,46w3j571,zdn1oexk,None,10
9d3vl96l,81q5nnlj,kdkzrkxd,zd3w1gvk,None,5
9d3vl96l,81q5nnlj,46w3j571,zdn1oexk,None,9
9d3vl96l,81q5nnlj,pd0w2v1e,xk98w420,None,248
9d3vl96l,81q5nnlj,pd0w2v1e,xk98w420,None,248
9d3vl96l,81q5nnlj,kdkzrkxd,7kjqmygd,nwly2gg9,19
9d3vl96l,81q5nnlj,kdkzrkxd,7kjqmygd,ldyqxgjw,11
9d3vl96l,xko7yd28,9d3vl96l,wkp5vzvd,69z542o9,5
9d3vl96l,xko7yd28,pd0w2o21,rkljl16d,None,109
9d3vl96l,joprloex,9d3vl96l,7dg8op42,None,50
9d3vl96l,j26nmklx,76r3lrq6,jdrnp45k,None,6
9d3vl96l,j26nmklx,76r3lrq6,jdzn5zgd,None,2
9d3vl96l,j26nmklx,9d3vl96l,7dg8op42,None,22
9d3vl96l,j26nmklx,76r3lrq6,5dwnpznd,None,14
9d3vl96l,j26nmklx,369vyg1l,824me5g2,None,8
9d3vl96l,j26nmklx,lde3kon6,xd17p48d,None,1
9d3vl96l,j26nmklx,w6jn7x1j,7kj6poz2,None,25
9d3vl96l,j26nmklx,76r3lrq6,mkey5mx2,None,5
9d3vl96l,j26nmklx,9d3vl96l,z27gx4o2,None,14
9d3vl96l,j26nmklx,w6jmm26j,9d86pe32,rdn0206w,4
9d3vl96l,j26nmklx,9d3evg1l,wdmelo2q,None,18
9d3vl96l,j5qrrnnj,9d3vl96l,7dg8op42,None,11
9d3vl96l,qxk3k928,9d37o96l,jdzergdv,n93om790,2
9d3vl96l,qxk3k928,9d37o96l,q25x5vko,None,1
9d3vl96l,qxk3k928,nd2wk3d0,wdmy8odq,rdn7en9m,1
9d3vl96l,qxk3k928,9d37o96l,jdr9w5d6,ldy23pw3,1
9d3vl96l,qxk3k928,9d37o96l,jdzergdv,rdnnq5dm,1
9d3vl96l,qxk3k928,9d37o96l,jdzergdv,29v25qdv,4
9d3vl96l,qxk3k928,9d37o96l,jdzergdv,5925n796,1
9d3vl96l,qxk3k928,9d37o96l,jdzergdv,5wkp1vd4,1
9d3vl96l,qxk3k928,9d37o96l,n2yjpo12,None,1
9d3vl96l,qxk3k928,9d37o96l,jdr9w5d6,rdnnqndm,2
9d3vl96l,qxk3k928,9d37o96l,jdzergdv,n93om290,1
9d3vl96l,qxk3k928,9d37o96l,jdr9w5d6,rw63epw7,1
9d3vl96l,qxk3k928,nd2wk3d0,rkl6jnkn,None,1
9d3vl96l,qxk3k928,9d37o96l,jdr9w5d6,n93om790,1
9d3vl96l,qxk3k928,pd05xl1e,vdo93vdp,r9gx1jw2,1
9d3vl96l,qxk3k928,yd4jl5de,vdo4gwv2,None,3
9d3vl96l,qxk3k928,pd05xl1e,vdo93vdp,ywelml9l,1
9d3vl96l,qxk3k928,9d37o96l,jdr9w5d6,rdnnq5dm,1
9d3vl96l,qxk3k928,nd2wk3d0,wdmy8odq,gdrn589z,1
9d3vl96l,qxk3k928,9d37o96l,jdr9w5d6,5925n796,1
9d3vl96l,qxk3k928,j1ne0nw1,xk9eqrv2,None,1
9d3vl96l,qxk3k928,9d37o96l,jdzergdv,y9m81zd5,1
9d3vl96l,qxk3k928,9d37o96l,jdzergdv,xd4xrq9m,1
9d3vl96l,qxk3k928,9d37o96l,jdr9w5d6,xd4xrq9m,1
9d3vl96l,qxk3k928,9d37o96l,jdr9w5d6,29v25qdv,1
9d3vl96l,qxk3k928,9d37o96l,jdr9w5d6,z98nm79l,1
9d3vl96l,qxk3k928,j1ne0nw1,q25eygj2,None,1
9d3vl96l,qxk3k928,9d37o96l,jdr9w5d6,n93om290,1
9d3vl96l,qxk3k928,9d37o96l,jdzergdv,xd0x3mdq,1
9d3vl96l,qxk3k928,j1ne0nw1,z274nr42,None,1
9d3vl96l,qxk3k928,j1ne0nw1,zdnl60n2,None,1
9d3vl96l,qxk3k928,9d37o96l,jdr9w5d6,z98nmr9l,1
9d3vl96l,qxk3k928,yd4jl5de,7kjr4mx2,None,4
9d3vl96l,qxk3k928,9d37o96l,jdzergdv,rw63epw7,1
9d3vl96l,qxk3k928,9d37o96l,jdzergdv,z98nmr9l,1
9d3vl96l,qxk3k928,9d37o96l,jdr9w5d6,5wkp1vd4,1
9d3vl96l,qxk3k928,9d37o96l,jdr9w5d6,xd0x3mdq,1
9d3vl96l,qxk3k928,76rl7v68,z27g6n42,None,1
9d3vl96l,qxk3k928,nd2wk3d0,wdmy8odq,xd41q0dm,1
9d3vl96l,qxk3k928,nd2wk3d0,wdmy8odq,ldyxmj93,1
9d3vl96l,qxk3k928,nd2wk3d0,wdmy8odq,ywey6qdl,1
9d3vl96l,qxk3k928,9d37o96l,jdr9w5d6,y9m81zd5,1
9d3vl96l,qxk3k928,nd2wk3d0,wdmy8odq,nwl5rpdv,1
9d3vl96l,qxk3k928,nd2wk3d0,wdmy8odq,y9m6nlw5,1
9d3vl96l,qxk3k928,nd2wk3d0,wdmy8odq,xd01z0wq,1
9d3vl96l,qxk3k928,nd2wk3d0,wdmy8odq,rw61jn97,1
9d3vl96l,qxk3k928,nd2wk3d0,wdmy8odq,592kyg96,1
9d3vl96l,qxk3k928,nd2wk3d0,wdmy8odq,z98317dl,1
9d3vl96l,qxk3k928,nd2wk3d0,wdmy8odq,5wkx3594,1
9d3vl96l,qxk3k928,nd2wk3d0,wdmy8odq,n93167d0,1
9d3vl96l,qxk3k928,nd2wk3d0,wdmy8odq,69z5k691,1
9d3vl96l,qxk3k928,nd2wk3d0,wdmy8odq,ewp3lldn,1
9d3vl96l,qxk3k928,nd2wk3d0,wdmy8odq,29v6o1wv,1
9d3vl96l,qxk3k928,m1zjpl36,xd147l4d,None,7
9d3vl96l,qxk3k928,o6glpzod,xd1vx6zd,None,6
9d3vl96l,qxk3k928,m1zjpl36,jdrl46gd,rdnq4m7d,16
9d3vl96l,qxk3k928,m1zjpl36,jdzwz03d,rdnq4m7d,18
9d3vl96l,qxk3k928,268ep596,zdn4e8xk,None,4
9d3vl96l,qxk3k928,j1n2k91p,z271wr02,5d723ygw,20
9d3vl96l,qxk3k928,j1n2k91p,z271wr02,495m8k0w,12
9d3vl96l,qxk3k928,9d3j006l,vdo4gjv2,None,9
9d3vl96l,qxk3k928,9d3vl96l,wkp5vzvd,ywey85rd,8
9d3vl96l,qxk3k928,yd4jl5de,zd36w1rd,None,45
9d3vl96l,qxk3k928,yd4jl5de,z27ryg4d,None,11
9d3vl96l,qxk3k928,yd4jl5de,z27ryg4d,None,8
9d3vl96l,qxk3k928,yd4jl5de,9d8v0v3k,None,7
9d3vl96l,qxk3k928,yd4jl5de,9d8v0v3k,None,7
9d3vl96l,qxk3k928,yd4jl5de,z27ryg4d,None,8
9d3vl96l,qxk3k928,yd4jl5de,vdo4gwv2,None,7
9d3vl96l,qxk3k928,yd4jl5de,7kjr4mx2,None,8
9d3vl96l,qxk3k928,yd4jl5de,9d8v0v3k,None,9
9d3vl96l,qxk3k928,o1yxkk6q,n2yj5e82,None,19
9d3vl96l,qxk3k928,j1n2k91p,02q8ly72,None,7
9d3vl96l,qxk3k928,nd2z5qd0,9kvpxjjk,None,485
9d3vl96l,qxk3k928,4pd0n31e,lvdowokp,None,451
9d3vl96l,j2674pnx,9d3vl96l,7dg8op42,None,44
9d3vl96l,xzlzqmn8,9d3vl96l,z27gx4o2,None,22
9d3vl96l,xzlzqmn8,9d3vl96l,7dg8op42,None,47
9d3vl96l,xzlzqmn8,w6j7vpx6,z27weg5k,None,1216
9d3vl96l,86nn3qpx,9d3rpowd,9kvoon82,None,20
9d3vl96l,86nn3qpx,9d3rpowd,wk60p9qk,None,30
9d3vl96l,86nn3qpx,9d3rpowd,zdn079q2,None,8
9d3vl96l,86nn3qpx,9d3vl96l,7dg8op42,None,27
9d3vl96l,0jmowqo8,9d3vl96l,7dg8op42,None,52
9d3vl96l,816pgqlx,pd0w2o21,rkljl16d,None,9
9d3vl96l,816pgqlx,9d3vl96l,wkp5vzvd,ywey85rd,6
9d3vl96l,8d4d6vg8,9d3vl96l,7dg8op42,None,53
9d3vl96l,8gerwk1j,9d3vl96l,7dg8op42,None,41
9d3vl96l,8gerwk1j,kdkzovgd,9d84v3lk,None,114
9d3vl96l,8gerwk1j,w6jlk02d,8240nond,5wkqrz5w,4
9d3vl96l,8gerwk1j,v1po4z46,wk6emzq2,None,91
9d3vl96l,8gerwk1j,o1y9w9r6,wkp318v2,None,1
9d3vl96l,8gerwk1j,j1nnoe1p,n2yg1ym2,o9x3ypp9,3
9d3vl96l,8gerwk1j,pdvzkpv6,ndx9v8od,None,8
9d3vl96l,8gerwk1j,pdvzkpv6,zd3wzyek,None,7
9d3vl96l,8gerwk1j,pdvzkpv6,wdmxpqek,None,7
9d3vl96l,8gerwk1j,pdvzkpv6,vdo8eq6k,None,14
9d3vl96l,xko9ey68,o6gnqeo1,824qqxwk,None,1
9d3vl96l,xko9ey68,m1mnjxkd,wdmr9y4k,None,4
9d3vl96l,xko9ey68,ldejypn1,xd15q3r2,None,1
9d3vl96l,xko9ey68,ldejypn1,9d8lnj72,None,2
9d3vl96l,xko9ey68,9d385vg1,zdny8v7k,None,47
9d3vl96l,xko9ey68,9d3vl96l,7dg8op42,None,44
9d3vl96l,x3mgzm78,9d3vl96l,7dg8op42,None,52
9d3vl96l,dx3nykjl,3dxkz0v1,9kv83mjd,None,539
9d3vl96l,dx3nykjl,3dxkz0v1,ndx3qjod,None,55
9d3vl96l,dx3nykjl,3dxkz0v1,mkex8zxd,None,30
9d3vl96l,dx3nykjl,3dxkz0v1,9kv83mjd,None,446
9d3vl96l,dx3nykjl,pdvznzr6,9d8yo9wk,None,139
9d3vl96l,dx3nykjl,w6jlx74d,9kvo8g32,None,16
9d3vl96l,dx3nykjl,9d3r70dl,w201pzkn,None,5
9d3vl96l,dx3nykjl,46w3rnq1,w2033x52,None,4
9d3vl96l,dx3nykjl,46w3rnq1,w2033x52,None,9
9d3vl96l,dx3nykjl,pdv9zv1w,zd3x7ndn,None,36
9d3vl96l,dx3nykjl,268e3x56,z276730d,None,2
9d3vl96l,dx3nykjl,268e3x56,9d845mlk,5d7eog5w,1
9d3vl96l,dx3nykjl,268e3x56,9d845mlk,y9mrlnlw,4
9d3vl96l,dx3nykjl,268e3x56,9d845mlk,rw6ljjnw,1
9d3vl96l,dx3nykjl,46w3rnq1,w2033x52,None,3
9d3vl96l,dx3nykjl,46w30jn1,z274o542,None,5
9d3vl96l,dx3nykjl,46w30jn1,z274o542,None,7
9d3vl96l,dx3nykjl,76rxq246,jdzw1xgd,None,26
9d3vl96l,dx3nykjl,76rxq246,zd3xneyd,None,9
9d3vl96l,dx3nykjl,46w30jn1,w20x0p52,None,2
9d3vl96l,dx3nykjl,o1y9j9v6,7kjpl1gk,None,2403
9d3vl96l,dx3nykjl,46w3rnq1,vdo8361k,None,7
9d3vl96l,dx3nykjl,9d3r70dl,02q8xmz2,4958exj9,3
9d3vl96l,dx3nykjl,v1pojr46,mkeq4rxk,None,17
9d3vl96l,dx3nykjl,v1pojr46,xk98vv42,None,12
9d3vl96l,dx3nykjl,v1pojr46,wk6v8ord,None,3
9d3vl96l,dx3nykjl,pdvznzr6,824r35md,None,110
9d3vl96l,dx3nykjl,o6glz09d,5dw5y4ld,None,2
9d3vl96l,dx3nykjl,j1ne90w1,xk9nr6g2,None,1
9d3vl96l,dx3nykjl,nd27e310,rklrvwkn,None,17
9d3vl96l,dx3nykjl,k6qkjo6g,7dg81j72,None,4
9d3vl96l,dx3nykjl,m1mxxw46,vdomwx62,None,42
9d3vl96l,dx3nykjl,76r55vd8,w20w1lzd,None,2083
9d3vl96l,dx3nykjl,o6gmpx62,mkejmg82,r9g2kzqd,19
9d3vl96l,dx3nykjl,pd0ngw1e,vdo0l39d,None,10
9d3vl96l,dx3nykjl,9d3r70dl,02q8xmz2,r9g3pqkw,3
9d3vl96l,dx3nykjl,pd0ngw1e,5dw9y52g,None,35
9d3vl96l,dx3nykjl,4d73n317,824xj9md,None,77
9d3vl96l,dx3nykjl,4d73n317,02qgm7jd,None,185
9d3vl96l,dx3nykjl,pd0ngw1e,q25orzwk,kwj7qp7w,8
9d3vl96l,dx3nykjl,pd0ngw1e,mkevjj26,None,23
9d3vl96l,dx3nykjl,pd0ngw1e,q25orzwk,rdqzk72d,6
9d3vl96l,dx3nykjl,k6q5jz6g,xd13v0zk,None,12
9d3vl96l,dx3nykjl,4d73n317,jdz36o32,None,224
9d3vl96l,dx3nykjl,k6q5jz6g,02q8jnz2,None,6
9d3vl96l,dx3nykjl,k6q5jz6g,wk68plr2,None,16
9d3vl96l,dx3nykjl,4d73n317,wdmq7352,None,141
9d3vl96l,dx3nykjl,46w3ge31,z27rnood,None,18
9d3vl96l,dx3nykjl,46w3ge31,9kvo0y32,None,12
9d3vl96l,dx3nykjl,9d3vl96l,z27gx4o2,None,16
9d3vl96l,dx3nykjl,pdv9zv1w,wdmggxdq,None,28
9d3vl96l,dx3nykjl,pd0ngw1e,rkl93wkn,None,13
9d3vl96l,dx3nykjl,pd0ngw1e,q25orzwk,495k1539,5
9d3vl96l,dx3nykjl,y65or81e,n2y0r7do,None,45
9d3vl96l,dx3nykjl,o1y9wo6q,7dgrrxk4,None,290
9d3vl96l,dx3nykjl,m1zyjx60,9kv9y02g,None,25
9d3vl96l,dx3nykjl,k6qkjo6g,7dg81j72,None,8
9d3vl96l,dx3nykjl,k6q9jm1g,q25jogdo,None,9
9d3vl96l,dx3nykjl,k6q9jm1g,q25jogdo,None,6
9d3vl96l,dx3nykjl,y65or81e,wk65ro21,None,21
9d3vl96l,dx3nykjl,pd0wg21e,zd365vdn,None,206
9d3vl96l,dx3nykjl,9d3vl96l,wk6plepd,None,8
9d3vl96l,dx3nykjl,v1pxjz68,z27o9gd0,None,277
9d3vl96l,dx3nykjl,v1pxjz68,n2y3r8do,None,1132
9d3vl96l,dx3nykjl,nd27e310,zd305gvd,None,8
9d3vl96l,dx3nykjl,nd27e310,ndx47j2q,None,13
9d3vl96l,dx3nykjl,j1np9e6p,jdrnoj5k,None,2
9d3vl96l,dx3nykjl,om1mw4d2,l9kv40kg,None,439
9d3vl96l,dx3nykjl,kyd4pxde,xd1m7rd8,None,178
9d3vl96l,dx3nykjl,9d3rnedl,jdrxe5d6,None,50
9d3vl96l,dx3nykjl,pd0wg21e,q25lg8ko,xd1zqqwo,4
9d3vl96l,dx3nykjl,pd0wg21e,rklq0n2n,None,90
9d3vl96l,dx3nykjl,pd0wg21e,q25lg8ko,o9xye6dl,5
9d3vl96l,dx3nykjl,pd0wg21e,wkpv0z8k,5925o6r9,5
9d3vl96l,dx3nykjl,pd0wg21e,q25lg8ko,owompv96,7
9d3vl96l,dx3nykjl,pd0wg21e,q25lg8ko,yweveqdl,21
9d3vl96l,dx3nykjl,pd0wg21e,q25lg8ko,69zlg6d1,11
9d3vl96l,dx3nykjl,pd0wg21e,q25lg8ko,r9gmgq92,16
9d3vl96l,dx3nykjl,pd0wg21e,q25lg8ko,495q129p,16
9d3vl96l,dx3nykjl,pd0wg21e,q25lg8ko,nwlmjp9v,8
9d3vl96l,5j5r00nx,j1l9qz1g,z275w5k0,None,48
9d3vl96l,5j5r00nx,4d773nd7,xd139yrk,None,3
9d3vl96l,5j5r00nx,4d773nd7,zdn47wxk,None,1
9d3vl96l,5j5r00nx,4d773nd7,zdn47wxk,None,5
9d3vl96l,5j5r00nx,j1l9qz1g,jdrwr0k6,None,105
9d3vl96l,5j5r00nx,j1l9qz1g,z275w5k0,None,258
9d3vl96l,5j5r00nx,j1l9qz1g,9d85yqdn,None,178
9d3vl96l,5j5r00nx,9d3vl96l,wk6plepd,None,6
9d3vl96l,5j5r00nx,9d3vl96l,wk6plepd,None,6
9d3vl96l,5j5r00nx,9d3vl96l,z27gx4o2,None,10
9d3vl96l,5j5r00nx,9d3vl96l,7dg8op42,None,11
9d3vl96l,5j5r00nx,9d3vl96l,7dgg5jgd,None,10
9d3vl96l,5j5r00nx,9d3vl96l,n2yqy91k,None,4
9d3vl96l,5j5r00nx,9d3vl96l,n2yqy91k,None,6
9d3vl96l,j20p5dnx,9d3vl96l,7dg8op42,None,12
9d3vl96l,68w60gqj,76rqjqd8,824mrqg2,kwj5j009,21
9d3vl96l,68w60gqj,j1ne4y91,ndxm69o2,None,52
9d3vl96l,68w60gqj,9d3vl96l,wkp5vzvd,r9gl3xkw,6
9d3vl96l,68w60gqj,9d3vl96l,wkp5vzvd,69z542o9,10
9d3vl96l,68w60gqj,9d3vl96l,wkp5vzvd,ywey85rd,19
9d3vl96l,qj29pvpx,4d73n317,zdnxv8n2,y9mylpx9,2
9d3vl96l,qj29pvpx,4d73n317,z27lx14d,ewpegqj9,14
9d3vl96l,qj29pvpx,4d73n317,vdo4nly2,None,93
9d3vl96l,qj29pvpx,9d3vl96l,wkp5vzvd,r9gl3xkw,10
9d3vl96l,8r2zy93x,9d3vl96l,7dg8op42,None,59
9d3vl96l,j2y35wl8,9do89pk1,jdr8genk,None,1
9d3vl96l,j2y35wl8,9do89pk1,zd3rp8ed,None,1
9d3vl96l,j2y35wl8,9d3vl96l,wk6plepd,None,2
9d3vl96l,j2y35wl8,9d3vl96l,7dg8op42,None,2
9d3vl96l,j2y35wl8,9d3vl96l,z27gx4o2,None,1
9d3vl96l,j2y35wl8,9d3vl96l,7kjvn8zk,None,1
9d3vl96l,j2y35wl8,9d3vl96l,7kjvn8zk,None,1
9d3vl96l,j2y35wl8,w6jn7x1j,7kj6poz2,None,1
9d3vl96l,j2y35wl8,9d3vl96l,wkp5vzvd,ywey85rd,1
9d3vl96l,j2y35wl8,9d3vl96l,7dgg5jgd,None,1
9d3vl96l,j2y35wl8,9d3vl96l,wk6plepd,None,1
9d3vl96l,j2y35wl8,9d3vl96l,xk90megk,None,1
9d3vl96l,j2y35wl8,9d3vl96l,7kjvn8zk,None,1
9d3vl96l,j2y35wl8,9d3vl96l,n2yqy91k,None,1
9d3vl96l,j2y35wl8,9d3vl96l,q25489gd,None,1
9d3vl96l,j2y35wl8,9d3vl96l,z27gx4o2,None,1
9d3vl96l,j2y35wl8,9d3vl96l,z27gx4o2,None,2
9d3vl96l,j2y35wl8,9d3vl96l,z27gx4o2,None,1
9d3vl96l,j2y35wl8,9d3vl96l,7kjvn8zk,None,1
9d3vl96l,j2y35wl8,9d3vl96l,n2yqy91k,None,1
9d3vl96l,j2y35wl8,9d3vl96l,n2yqy91k,None,1
9d3vl96l,j2y35wl8,yd487k6e,9kv4m8kg,495qnm9p,1
9d3vl96l,j2y35wl8,46w33ln1,7dgrnmpk,None,4
9d3vl96l,j2y35wl8,4d74qgd7,mke45ln2,None,1
9d3vl96l,j2y35wl8,46w33ln1,8246gond,None,8
9d3vl96l,j2y35wl8,9d3vl96l,wkp5vzvd,69z542o9,1
9d3vl96l,j2y35wl8,9do89pk1,zd3rp8ed,None,1
9d3vl96l,j2y35wl8,o6gl3mnd,mker9o9d,None,2
9d3vl96l,j2y35wl8,9do89pk1,9kvlw702,rw60pyrw,2
9d3vl96l,j2y35wl8,9do89pk1,jdr8genk,None,2
9d3vl96l,j2y35wl8,9do89pk1,9kvlw702,29vvep39,1
9d3vl96l,j2y35wl8,9do89pk1,9kvlw702,xd4m782d,1
9d3vl96l,j2y35wl8,9do89pk1,9kvlw702,xd0jroxw,1
9d3vl96l,j2y35wl8,9do89pk1,9kvlw702,gdrv47lw,3
9d3vl96l,j2y35wl8,w6jn7x1j,jdr16jx2,None,1
9d3vl96l,j2y35wl8,9d3evg1l,q25r5gko,None,2
9d3vl96l,j2y35wl8,9d3evg1l,wdmelo2q,None,1
9d3vl96l,j2y35wl8,9d3evg1l,vdowv6kp,None,2
9d3vl96l,j2y35wl8,9d3evg1l,9kvr5v82,None,2
9d3vl96l,j2y35wl8,46w33zl1,wk6oeeqk,5d7q6ngw,1
9d3vl96l,j2y35wl8,9d3vl96l,xd1394wk,None,2
9d3vl96l,j2y35wl8,w6jn7x1j,jdr58nk6,None,4
9d3vl96l,j2y35wl8,yd487k6e,9kv4m8kg,xd1z1zwo,3
9d3vl96l,j2y35wl8,k6q4ogxd,w208vrvd,ewp4l7zw,1
9d3vl96l,j2y35wl8,m1m7g412,jdz9lrv2,5wknv72w,1
9d3vl96l,j2y35wl8,4d74qgd7,jdznz16d,None,1
9d3vl96l,j2y35wl8,ldewjld3,rklq7xn2,y9mxg4lw,4
9d3vl96l,j2y35wl8,9d3vl96l,n2yqy91k,None,1
9d3vl96l,j2y35wl8,46w33zl1,9kv8m4jd,None,1
9d3vl96l,j2y35wl8,9d3vl96l,7dg8op42,None,1
9d3vl96l,j2y35wl8,46w33zl1,9kv8m4jd,None,2
9d3vl96l,j2y35wl8,yd487k6e,9kv4m8kg,rdqmqo9x,1
9d3vl96l,j2y35wl8,46w33zl1,5dw59w0d,None,3
9d3vl96l,j2y35wl8,y654k84d,wdmlew3k,kwj8y5n9,2
9d3vl96l,j2y35wl8,k6q4ogxd,w208vrvd,rdn244qd,2
9d3vl96l,j2y35wl8,yd487k6e,9kv4m8kg,ldyr0p93,1
9d3vl96l,j2y35wl8,9d3vl96l,wkp5vzvd,69z542o9,1
9d3vl96l,j2y35wl8,yd487k6e,9kv4m8kg,z98olrdl,2
9d3vl96l,j2y35wl8,4d73n317,q253vmjk,ewpegqj9,5
9d3vl96l,j2y35wl8,4d73n317,jdz36o32,None,81
9d3vl96l,j2y35wl8,yd487k6e,9kv4m8kg,nwlmeo9v,2
9d3vl96l,j2y35wl8,yd487k6e,9kv4m8kg,69zl0xd1,1
9d3vl96l,j2y35wl8,yd487k6e,9kv4m8kg,xd45zqwm,3
9d3vl96l,j2y35wl8,yd487k6e,ndxo1rdq,None,2
9d3vl96l,j2y35wl8,yd487k6e,9kv4m8kg,o9xy03dl,2
9d3vl96l,j2y35wl8,yd487k6e,9kv4m8kg,r9gm8j92,7
9d3vl96l,j2y35wl8,yd487k6e,02qjevzd,None,13
9d3vl96l,j2y35wl8,k6q4ogxd,5dw6nge2,None,6
9d3vl96l,j2y35wl8,m1mxxrx6,02qo94jk,None,1
9d3vl96l,j2y35wl8,46w33zl1,wk6oeeqk,592evgo9,2
9d3vl96l,j2y35wl8,k6q4ogxd,zd3xp9yd,kwj427zw,1
9d3vl96l,j2y35wl8,46w33zl1,9kv8m4jd,None,1
9d3vl96l,j2y35wl8,46w33zl1,5dw59w0d,None,2
9d3vl96l,j2y35wl8,9d3vl96l,wkp5vzvd,o9xgl41d,4
9d3vl96l,j2y35wl8,9d3vl96l,q25489gd,None,2
9d3vl96l,j2y35wl8,46w33zl1,wk6oeeqk,xd06vrxd,1
9d3vl96l,j2y35wl8,46w33zl1,vdo1l9v2,None,1
9d3vl96l,j2y35wl8,yd487k6e,9kv4m8kg,5926l7d6,2
9d3vl96l,j2y35wl8,yd487k6e,9kv4m8kg,69zljxd1,5
9d3vl96l,j2y35wl8,m1mxxrx6,jdz8el3d,None,3
9d3vl96l,j2y35wl8,46w33zl1,wk6oeeqk,xd1lvke9,3
9d3vl96l,j2y35wl8,46w33zl1,wk6oeeqk,r9gqke5d,2
9d3vl96l,j2y35wl8,46w33zl1,wk6oeeqk,69zemyl9,5
9d3vl96l,j2y35wl8,yd487k6e,9kv4m8kg,r9gm5j92,7
9d3vl96l,j2y35wl8,k6q4ogxd,rkl9jxrk,None,3
9d3vl96l,j2y35wl8,nd28k2ed,mkevzp92,None,9
9d3vl96l,j2y35wl8,k6q4ogxd,w208vrvd,owo4r7y9,2
9d3vl96l,j2y35wl8,yd487k6e,9kv4m8kg,ywevpldl,1
9d3vl96l,j2y35wl8,k6q4ogxd,q25ez5y2,None,2
9d3vl96l,j2y35wl8,46w33zl1,xk9e7oy2,None,1
9d3vl96l,j2y35wl8,pd0w2o21,rkljl16d,None,12
9d3vl96l,j2y35wl8,9d3vl96l,wkp5vzvd,r9gl3xkw,2
9d3vl96l,j2y35wl8,46wkwq6r,jdrlz65d,yweqpzrw,4
9d3vl96l,j2y35wl8,9d3j006l,vdo4gjv2,None,1
9d3vl96l,j2y35wl8,ldelvl63,xd17744d,None,2
9d3vl96l,j2y35wl8,ldelvl63,xd17744d,None,1
9d3vl96l,j2y35wl8,ldelvl63,9d8gge3k,None,19
9d3vl96l,j2y35wl8,yd487k6e,9kv4m8kg,gdr07edz,4
9d3vl96l,j2y35wl8,k6q4ogxd,w208vrvd,kwj427zw,2
9d3vl96l,j2y35wl8,46w33zl1,xk9e7oy2,None,8
9d3vl96l,j2y35wl8,46w33zl1,xk9e7oy2,None,1
9d3vl96l,j2y35wl8,ldewjld3,8245v3k5,None,64
9d3vl96l,j2y35wl8,ldelvl63,xd17744d,None,13
9d3vl96l,j2y35wl8,ldewjld3,vdo3459d,None,17
9d3vl96l,j2y35wl8,ldelvl63,xd17744d,None,131
9d3vl96l,j2y35wl8,ldelvl63,xd17744d,None,1
9d3vl96l,j2y35wl8,ldelvl63,xd17744d,None,3
9d3vl96l,j2y35wl8,ldelvl63,xd17744d,None,9
9d3vl96l,j2y35wl8,pd0py36e,vdo3oqyd,None,114
9d3vl96l,j2y35wl8,pd0py36e,vdo3oqyd,None,187
9d3vl96l,j2y35wl8,pd0py36e,vdo3oqyd,None,93
9d3vl96l,j2y35wl8,369rx26l,5dwy9p5k,None,13
9d3vl96l,j2y35wl8,lde53nd3,5dwpmjek,5wk2362w,4
9d3vl96l,j2y35wl8,lde53nd3,jdrp3qg2,None,21
9d3vl96l,j2y35wl8,lde53nd3,jdrp3qg2,None,6
9d3vl96l,j2y35wl8,lde53nd3,5dwpmjek,z98jx7pw,1
9d3vl96l,j2y35wl8,lde53nd3,5dwpmjek,ewpplxkw,1
9d3vl96l,j2y35wl8,lde53nd3,5dwpmjek,owokr0od,1
9d3vl96l,8lo1yp48,9d3vl96l,7dg8op42,None,46
9d3vl96l,joovq0nj,9d3vl96l,z27gx4o2,None,23
9d3vl96l,j42og1vx,46w33ln1,7dgrnmpk,None,36
9d3vl96l,j42og1vx,2687r9dp,ndxp7jj2,None,48
9d3vl96l,j42og1vx,9d3vl96l,z27gx4o2,None,31
9d3vl96l,j5w4p3zj,9d3vl96l,7dg8op42,None,31
9d3vl96l,xy51gqm8,pdvzrx96,7dg9plpk,o9x4yz7d,1
9d3vl96l,xy51gqm8,pdvzrx96,7dg9plpk,r9gxmj2w,1
9d3vl96l,xy51gqm8,pdvzrx96,7dg9plpk,kwjpk81w,1
9d3vl96l,xy51gqm8,9d3vl96l,z27gx4o2,None,8
9d3vl96l,xy51gqm8,pdvzrx96,7dg9plpk,owoyme39,1
9d3vl96l,xy51gqm8,o1y97wv6,z27ro4gd,o9xzo36w,20
9d3vl96l,xy51gqm8,pdvzrx96,7dg9plpk,4954qr4w,3
9d3vl96l,xy51gqm8,o1y97wv6,z27ro4gd,495rzl2d,9
9d3vl96l,xy51gqm8,pdvzrx96,7dg9plpk,y9m8mr0d,1
9d3vl96l,xy51gqm8,pdvzrx96,7dg9plpk,ywelvj49,2
9d3vl96l,xy51gqm8,pdvzrx96,7dg9plpk,rdqlm3gw,5
9d3vl96l,xy51gqm8,9do8xn71,w20nr75d,xd4povpd,2
9d3vl96l,xy51gqm8,o1y97wv6,z27ro4gd,5d7exz5w,3
9d3vl96l,xy51gqm8,369pegg1,n2y7pme2,y9mrkzzw,4
9d3vl96l,xy51gqm8,o1y97wv6,z27ro4gd,5wkneq5w,2
9d3vl96l,xy51gqm8,o1y97wv6,z27ro4gd,y9mrg1lw,5
9d3vl96l,xy51gqm8,o1y97wv6,xd1g744d,None,7
9d3vl96l,xy51gqm8,o1y97wv6,z27ro4gd,5wkneq5w,2
9d3vl96l,xy51gqm8,o1y97wv6,z27ro4gd,ewpzo8l9,1
9d3vl96l,xy51gqm8,o1y97wv6,z27ro4gd,5wkneq5w,1
9d3vl96l,xy51gqm8,o1y97wv6,z27ro4gd,ewpzo8l9,1
9d3vl96l,xy51gqm8,y657jede,7dgyz9gd,xd0qrr09,22
9d3vl96l,xy51gqm8,o1y97wv6,z27ro4gd,r9gjn1q9,5
9d3vl96l,xy51gqm8,o1y97wv6,z27ro4gd,ewpzo0l9,4
9d3vl96l,xy5oo3n8,4d7nqn36,wdmm41xd,None,1
9d3vl96l,xy5oo3n8,y65525e6,7kj9ylx2,gdrll4kd,1
9d3vl96l,xy5oo3n8,y65525e6,xk9x69yk,ldy66n79,1
9d3vl96l,xy5oo3n8,y65525e6,xk9x69yk,gdrll4kd,1
9d3vl96l,xy5oo3n8,9do8mm1p,02qx7zky,495z309p,1
9d3vl96l,xy5oo3n8,369vyg1l,wdm4ogod,None,2
9d3vl96l,xy5oo3n8,369vyg1l,7dg89yp2,None,1
9d3vl96l,xy5oo3n8,y65525e6,7kj9ylx2,ldy66n79,1
9d3vl96l,xy5oo3n8,y65525e6,7kj9ylx2,rdn8866d,1
9d3vl96l,xy5oo3n8,y65525e6,xk9x69yk,rdn8866d,1
9d3vl96l,xy5oo3n8,9d37o96l,jdzergdv,z98nmr9l,1
9d3vl96l,xy5oo3n8,9d37o96l,jdr9w5d6,y9m81zd5,1
9d3vl96l,xy5oo3n8,y65525e6,7kj9ylx2,nwl11xg9,1
9d3vl96l,xy5oo3n8,y65525e6,xk9x69yk,nwl11xg9,1
9d3vl96l,xy5oo3n8,y65525e6,7kj9ylx2,yweggk4d,1
9d3vl96l,xy5oo3n8,y65525e6,xk9x69yk,yweggk4d,1
9d3vl96l,xy5oo3n8,46w33zl1,5dw59w0d,None,2
9d3vl96l,xy5oo3n8,o6gl3mnd,n2y3oqed,None,1
9d3vl96l,xy5oo3n8,w6jn7x1j,7kj6poz2,None,11
9d3vl96l,xy5oo3n8,9d3vl96l,z27gx4o2,None,5
9d3vl96l,xy5oo3n8,y65525e6,7kj9ylx2,rdn8866d,1
9d3vl96l,xy5oo3n8,y65525e6,7kj9ylx2,z98qqy19,1
9d3vl96l,xy5oo3n8,46wk276r,vdoqvyok,None,2
9d3vl96l,xy5oo3n8,46wk276r,5dwyengk,None,1
9d3vl96l,xy5oo3n8,o6gl3mnd,9d8g467k,gdrx4lkd,2
9d3vl96l,xy5oo3n8,o6gl3mnd,02ql38yk,None,2
9d3vl96l,xy5oo3n8,o6gl3mnd,9d8g467k,nwlox1gw,3
9d3vl96l,xy5oo3n8,nd2wk3d0,jdznz6gd,xd41q0dm,1
9d3vl96l,xy5oo3n8,nd2wk3d0,jdznz6gd,29v6o1wv,1
9d3vl96l,xy5oo3n8,nd2wk3d0,jdznz6gd,n93167d0,1
9d3vl96l,xy5oo3n8,nd2wk3d0,jdznz6gd,69z5k691,1
9d3vl96l,xy5oo3n8,nd2wk3d0,jdznz6gd,5wkx3594,1
9d3vl96l,xy5oo3n8,nd2wk3d0,jdznz6gd,ewp3lldn,1
9d3vl96l,xy5oo3n8,o6gl3mnd,mker9o9d,None,3
9d3vl96l,xy5oo3n8,46wk276r,mkejpy92,None,1
9d3vl96l,xy5oo3n8,46wk276r,wdm41r4d,None,1
9d3vl96l,xy5oo3n8,nd2wk3d0,wdmy8odq,rw61jn97,1
9d3vl96l,xy5oo3n8,nd2wk3d0,wdmy8odq,592kyg96,1
9d3vl96l,xy5oo3n8,nd2wk3d0,wdmy8odq,ldyxmj93,1
9d3vl96l,xy5oo3n8,nd2wk3d0,wdmy8odq,ywey6qdl,1
9d3vl96l,xy5oo3n8,nd2wk3d0,wdmy8odq,z98317dl,1
9d3vl96l,xy5oo3n8,nd2wk3d0,wdmy8odq,y9m6nlw5,1
9d3vl96l,xy5oo3n8,nd2wk3d0,wdmy8odq,xd01z0wq,1
9d3vl96l,xy5oo3n8,nd2wk3d0,wdmy8odq,xd41q0dm,1
9d3vl96l,xy5oo3n8,nd2wk3d0,wdmy8odq,nwl5rpdv,1
9d3vl96l,xy5oo3n8,nd2wk3d0,wdmy8odq,rdn7en9m,8
9d3vl96l,xy5oo3n8,nd2wk3d0,rkl6jnkn,None,22
9d3vl96l,xy5oo3n8,nd2wk3d0,wdmy8odq,n93167d0,1
9d3vl96l,xy5oo3n8,9do8mm1p,rkllonkn,None,196
9d3vl96l,xy5oo3n8,nd2wk3d0,wdmy8odq,69z5k691,1
9d3vl96l,xy5oo3n8,j1llrpz1,5dw43y5k,None,152
9d3vl96l,xy5oo3n8,j1llrpz1,5dw43y5k,None,54
9d3vl96l,xy5oo3n8,pd05xl1e,vdo93vdp,rdql5owx,27
9d3vl96l,xy5oo3n8,nd2wk3d0,wdmy8odq,5wkx3594,1
9d3vl96l,xy5oo3n8,nd2wk3d0,wdmy8odq,29v6o1wv,1
9d3vl96l,xy5oo3n8,nd2wk3d0,wdmy8odq,ewp3lldn,1
9d3vl96l,xy5oo3n8,9d37o96l,jdr9w5d6,5wkp1vd4,75
9d3vl96l,xy5oo3n8,j1llrpz1,5dw43y5k,None,159
9d3vl96l,j5w2d9wj,46w3ovl1,w20gwlvk,None,1
9d3vl96l,j5w2d9wj,pd0w2o21,rkljl16d,None,7
9d3vl96l,j5w2d9wj,46w3ovl1,wdmlg83k,ewpz7ej9,2
9d3vl96l,j5w2d9wj,9d3vl96l,z27gx4o2,None,7
9d3vl96l,j5w2d9wj,9d3j006l,824poyg2,69zrl2od,2
9d3vl96l,j5w2d9wj,46w33ln1,8246gond,None,5
9d3vl96l,j5w2d9wj,m1mxxrx6,jdz8el3d,None,5
9d3vl96l,j5w2d9wj,46w3ovl1,w20gwlvk,None,2
9d3vl96l,j5w2d9wj,9d3j006l,824poyg2,ldyergzw,4
9d3vl96l,j5w2d9wj,pd0w2o21,9d8g48lk,None,2
9d3vl96l,j5w2d9wj,46w3ovl1,w20vjyok,xd13j659,1
9d3vl96l,j5w2d9wj,369vyg1l,7dg89yp2,None,9
9d3vl96l,j5w2d9wj,46w3ovl1,w20vjyok,owoe7lkd,4
9d3vl96l,x7mkvd0x,9d3vl96l,wkp5vzvd,r9gl3xkw,11
9d3vl96l,qj2o63px,9d3z9y1l,5dwyornk,None,2
9d3vl96l,qj2o63px,46w24zq6,9kvrlr32,69zvpkgw,1
9d3vl96l,qj2o63px,46w24zq6,9kvrlr32,o9xv1ppd,1
9d3vl96l,qj2o63px,46w24zq6,9kvrlr32,4950k73d,1
9d3vl96l,qj2o63px,46w24zq6,9kvrlr32,5d70yn69,1
9d3vl96l,qj2o63px,46w24zq6,9kvrlr32,rdqvzx29,1
9d3vl96l,qj2o63px,46w24zq6,9kvrlr32,r9goyvpw,1
9d3vl96l,qj2o63px,46w24zq6,9kvrlr32,nwlvgre9,1
9d3vl96l,qj2o63px,46w24zq6,9kvrlr32,ywe7267d,1
9d3vl96l,qj2o63px,46w24zq6,zd35r5rk,ywe7267d,2
9d3vl96l,qj2o63px,46w24zq6,zd35r5rk,gdrvp5lw,2
9d3vl96l,qj2o63px,46w24zq6,9kvrlr32,ldyv1mrd,1
9d3vl96l,qj2o63px,46w24zq6,9kvrlr32,gdrvp5lw,1
9d3vl96l,qj2o63px,46w24zq6,zd35r5rk,ldyv1mrd,4
9d3vl96l,qj2o63px,9d3vl96l,7dg8op42,None,33
9d3vl96l,qj2o63px,j1llwz1g,9d86ql2n,None,606
9d3vl96l,qj2o63px,o1y9e446,wkp03r82,None,1
9d3vl96l,qj2o63px,v1pojr46,mkeq4rxk,None,24
9d3vl96l,qj2o63px,yd487k6e,w20ry52n,None,30
9d3vl96l,qj2o63px,yd487k6e,9kv4m8kg,ywevpldl,13
9d3vl96l,qj2o63px,yd487k6e,9kv4m8kg,z98olrdl,4
9d3vl96l,qj2o63px,kdkz99xd,7kj6vxn2,None,3
9d3vl96l,qj2o63px,kdkz99xd,7kj6vxn2,None,5
9d3vl96l,qj2o63px,kdkz99xd,zdn8q0xd,None,3
9d3vl96l,qj2o63px,o6gql912,02qgye7d,None,5
9d3vl96l,qj2o63px,3dx94ydy,vdoqz5yk,None,12
9d3vl96l,qj2o63px,o1y9e446,xd14ow7d,None,1
9d3vl96l,qj2o63px,o1y77v1q,ndx8ynvk,None,2
9d3vl96l,qj2o63px,o1y77v1q,zd37mvn2,n93oz829,1
9d3vl96l,qj2o63px,o1y77v1q,zd37mvn2,o9x4rk3d,1
9d3vl96l,qj2o63px,o1y77v1q,zd37mvn2,xd1xl6z9,1
9d3vl96l,qj2o63px,o1y77v1q,zd37mvn2,rdnn4r5d,1
9d3vl96l,qj2o63px,o1y77v1q,zd37mvn2,kwjp430w,1
9d3vl96l,qj2o63px,o1y77v1q,zd37mvn2,owoy4lj9,1
9d3vl96l,qj2o63px,o1y77v1q,zd37mvn2,gdr26ge9,1
9d3vl96l,qj2o63px,o1y77v1q,zd37mvn2,5d78qlqw,1
9d3vl96l,qj2o63px,o1y77v1q,zd37mvn2,4954xymw,1
9d3vl96l,qj2o63px,o1y77v1q,zd37mvn2,rdql4gow,1
9d3vl96l,qj2o63px,o1y77v1q,zd37mvn2,69zzexx9,1
9d3vl96l,qj2o63px,o1y77v1q,zd37mvn2,nwl34now,1
9d3vl96l,qj2o63px,o1y77v1q,zd37mvn2,ldy2ljpw,1
9d3vl96l,qj2o63px,o1y77v1q,zd37mvn2,ywelxnl9,1
9d3vl96l,qj2o63px,o1y77v1q,zd37mvn2,z98n4er9,1
9d3vl96l,qj2o63px,o1y77v1q,zd37mvn2,r9gxqrjw,1
9d3vl96l,qj2o63px,o1y77v1q,ndx8ynvk,None,2
9d3vl96l,qj2o63px,o1y77v1q,ndx8ynvk,None,2
9d3vl96l,qj2o63px,o6gql912,7dgrlmgk,None,4
9d3vl96l,qj2o63px,o6gql912,mkez3xjk,None,7
9d3vl96l,qj2o63px,9d3z9y1l,mkejn3x2,None,8
9d3vl96l,qj2o63px,o6gql912,zd36nmnd,None,10
9d3vl96l,qj2o63px,o6gql912,7dgrlmgk,None,21
9d3vl96l,qj2o63px,pd04k06e,zdn67x2q,rw6nz16d,1
9d3vl96l,8r3nm6d8,9d3vl96l,wkp5vzvd,ywey85rd,13
9d3vl96l,81ky013j,9d3vl96l,7dg8op42,None,29
9d3vl96l,8gm5p478,9d3vl96l,wkp5vzvd,o9xgl41d,4
9d3vl96l,xk1v1w9j,9d3vl96l,z27gx4o2,None,24
9d3vl96l,j5v5mdz8,3698vv3d,jdrnn0lk,None,6
9d3vl96l,j5v5mdz8,9d3vl96l,7dg8op42,None,54
9d3vl96l,xk13dy6j,9d3vl96l,7dg8op42,None,31
9d3vl96l,18vvkd58,9d3vl96l,7dgg5jgd,None,8
9d3vl96l,joopzvej,9d3vl96l,wk6plepd,None,9
9d3vl96l,j51ldgz8,9d3vl96l,wkp5vzvd,ywey85rd,18
9d3vl96l,xyo0zknj,9d3vl96l,7dg8op42,None,61
9d3vl96l,v8l9r648,j1n8m5w1,824867wk,None,22
9d3vl96l,v8l9r648,9d3vl96l,7dg8op42,None,58
9d3vl96l,v8l9r648,w6jlw45d,jdrvye02,None,8
9d3vl96l,v8l9r648,4pd0n31e,n2yq98ko,None,528
9d3vl96l,v8l9r648,46w33031,wk68jge2,None,44
9d3vl96l,v8l9r648,o1y9lk6q,zdn45nkq,None,233
9d3vl96l,v8l9r648,pd0w3qw1,xk9re5yk,xd4yz3pd,9
9d3vl96l,v8l9r648,76r55vd8,w20w1lzd,None,3590
9d3vl96l,v8l9r648,pd0w3qw1,w20gvlzk,None,15
9d3vl96l,v8l9r648,pd0w3qw1,w20gvlzk,None,16
9d3vl96l,v8l9r648,pd0w3qw1,9d84jg3k,None,65
9d3vl96l,v8l9r648,y654o37d,w2083g5d,None,38
9d3vl96l,v8l9r648,m1zpox60,q2587582,None,6
9d3vl96l,v8l9r648,yd4glxde,mkeogm9d,None,44
9d3vl96l,8r247n3x,9d3vl96l,wkp5vzvd,o9xgl41d,7
9d3vl96l,8r247n3x,9d3vl96l,wkp5vzvd,ywey85rd,17
9d3vl96l,o86d6nqj,3698kogd,n2ym5pz2,None,7
9d3vl96l,o86d6nqj,om1m3625,wdmz042q,None,149
9d3vl96l,o86d6nqj,om1m3625,mke8vjk6,None,35
9d3vl96l,o86d6nqj,j1nenx1p,7kjpq4k3,None,10
9d3vl96l,o86d6nqj,o6gl3mnd,9d8g467k,nwlox1gw,1
9d3vl96l,o86d6nqj,9d3vl96l,7dg8op42,None,9
9d3vl96l,o86d6nqj,om1m3625,w20p0zkn,None,283
9d3vl96l,o86d6nqj,pd0w3vv1,wkp1vljk,None,155
9d3vl96l,o86d6nqj,om1m3625,xd1em828,None,65
9d3vl96l,o86d6nqj,76rx9le6,8241np32,None,98
9d3vl96l,o86d6nqj,4d799yl1,9d86ol62,None,39
9d3vl96l,8v591k2j,9d38x4g1,jdr85qnk,None,20
9d3vl96l,8v591k2j,kdkm2mg1,9kvllve2,None,24
9d3vl96l,8v591k2j,nd28q8ed,wk64e1xd,None,21
9d3vl96l,8v591k2j,9d3vl96l,7dg8op42,None,21
9d3vl96l,8v591k2j,76r3lrq6,zdnyq99k,None,5
9d3vl96l,8v591k2j,w6j7vpx6,z27weg5k,None,379
9d3vl96l,8v591k2j,w6jmm26j,82481pmk,None,84
9d3vl96l,8v591k2j,yd4jl5de,zd36w1rd,None,73
9d3vl96l,8v591k2j,46w25v76,z27vgm52,None,233
9d3vl96l,8v591k2j,46w25v76,z27vgm52,None,195
9d3vl96l,8v591k2j,o1y9wo6q,7dgrrxk4,None,864
9d3vl96l,8v591k2j,kdkvl21m,7kj99423,None,149
9d3vl96l,8v591k2j,j1nkpx1p,xk9lrzyk,None,5
9d3vl96l,8v591k2j,k6q4x0od,z274r852,None,6
9d3vl96l,8v591k2j,o1y9wo6q,n2y55mko,None,2005
9d3vl96l,8v591k2j,76r55vd8,w20w1lzd,None,2788
9d3vl96l,j0nlgn48,9d3vl96l,7dg8op42,None,48
9d3vl96l,j0nlgn48,v1po7r76,mkeqn79k,xd130359,124
9d3vl96l,j0nlgn48,m1mxxw46,7kjp3wzk,None,691
9d3vl96l,j0nlgn48,m1mxxw46,7kj3wl42,None,183
9d3vl96l,qjnoznwx,nd2empqd,wkp0x3v2,None,1
9d3vl96l,qjnoznwx,nd2empqd,wdmv364d,None,1
9d3vl96l,qjnoznwx,pd0py36e,vdo3oqyd,None,10
9d3vl96l,qjnoznwx,nd2empqd,ndx564jk,None,1
9d3vl96l,qjnoznwx,m1zzv310,wkpq3ewd,None,7
9d3vl96l,qjnoznwx,3698wngd,9d8lp132,5wk71xxd,2
9d3vl96l,qjnoznwx,268w0rk6,n2yryw7d,ldyv65kd,1
9d3vl96l,qjnoznwx,pdvz4v6w,9kvmv3kg,None,160
9d3vl96l,qjnoznwx,j1llwz1g,9d86ql2n,None,317
9d3vl96l,qjnoznwx,3698my8d,5dwqmzld,None,1679
9d3vl96l,qjnoznwx,4d7n08n6,q25j9qvd,xd1zyoyw,1
9d3vl96l,qjnoznwx,nd2empqd,zd3o1wnd,rw65v26d,2
9d3vl96l,qjnoznwx,nd2empqd,wdmv364d,None,3
9d3vl96l,qjnoznwx,268w0rk6,7kjlnx32,ldyv65kd,1
9d3vl96l,qjnoznwx,w6j7xx26,7dg1pr4d,None,2
9d3vl96l,qjnoznwx,o1y9wo6q,n2y55mko,None,1484
9d3vl96l,qjnoznwx,76r55vd8,w20w1lzd,None,1282
9d3vl96l,qjnoznwx,j1n8x2e1,wdmm50xd,592p7p3w,10
9d3vl96l,qjnoznwx,268w0rk6,n2yryw7d,gdrvl86w,1
9d3vl96l,qjnoznwx,j1llvy71,5dw1mxek,None,10
9d3vl96l,qjnoznwx,268wz4o6,02q40ejd,ywev2j4d,2
9d3vl96l,qjnoznwx,268wz4o6,02q40ejd,ywev2j4d,4
9d3vl96l,qjnoznwx,nd2empqd,rkl31rwk,5wk420xd,2
9d3vl96l,qjnoznwx,3698wngd,mkexq8jd,o9xykv3d,3
9d3vl96l,qjnoznwx,9d3vl96l,7dg8op42,None,25
9d3vl96l,qjnoznwx,9doq371p,7dg5v8l2,None,2
9d3vl96l,qjnoznwx,3698wngd,mkexq8jd,o9xykv3d,2
9d3vl96l,qjnoznwx,46w25v76,z27vgm52,None,218
9d3vl96l,qjnoznwx,ldejzon1,wk6w48q2,None,4
9d3vl96l,qjnoznwx,3698wngd,mkexq8jd,5d7142vd,2
9d3vl96l,qjnoznwx,o6gnkxo1,ndxeoork,None,5
9d3vl96l,qjnoznwx,3698wngd,xk9w81v2,o9xykv3d,1
9d3vl96l,qjnoznwx,3698wngd,mkexq8jd,5d7142vd,1
9d3vl96l,qjnoznwx,3698wngd,xk9w81v2,5d7142vd,1
9d3vl96l,qjnoznwx,9doq371p,rkl5yon2,o9xlpv39,1
9d3vl96l,qjnoznwx,9doq371p,rkl5yon2,5d73o0q9,1
9d3vl96l,qjnoznwx,3698wngd,mkexq8jd,5d7142vd,1
9d3vl96l,qjnoznwx,3698wngd,mkexq8jd,5d7142vd,1
9d3vl96l,qjnoznwx,v1pejmd8,wkp11wjk,xd4r0029,35
9d3vl96l,qjnoznwx,v1pejmd8,wkp11wjk,5d74z4qd,35
9d3vl96l,qjnoznwx,v1pejmd8,wkp11wjk,rdqj7m29,16
9d3vl96l,qjnoznwx,o6gnkv51,zdnne5qd,None,1
9d3vl96l,qjnoznwx,o6gnkv51,9kvq548d,None,1
9d3vl96l,qjnoznwx,369pj21l,9d8l63l2,z98o1j1d,12
9d3vl96l,qjnoznwx,o6gnkv51,z27m88g2,n93kpm7w,1
9d3vl96l,qjnoznwx,o6gnkv51,z27m88g2,z98p0m7w,1
9d3vl96l,qjnoznwx,m1zrjzd0,n2yj6ee2,None,5
9d3vl96l,qjnoznwx,ldej3o51,n2yev61k,None,18
9d3vl96l,qjnoznwx,kdkrne6m,xd1r3q4k,None,1
9d3vl96l,qjnoznwx,kdkrne6m,7dgm67gd,None,2
9d3vl96l,qjnoznwx,kdkrne6m,wkp53rjd,None,2
9d3vl96l,qjnoznwx,kdkrne6m,xd1r3q4k,None,3
9d3vl96l,qjnoznwx,kdkrne6m,xk9pr04d,None,3
9d3vl96l,qjnoznwx,pd0py36e,mkeoxrjd,rdnzyz7d,168
9d3vl96l,qjnoznwx,pd0py36e,q257qx8d,None,6
9d3vl96l,qjnoznwx,j1llwz1g,9kvnmy3d,y9mmnz59,45
9d3vl96l,qjnoznwx,j1llwz1g,9kvnmy3d,gdr0z7ld,121
9d3vl96l,qjnoznwx,j1llwz1g,9kvnmy3d,5926ypod,58
9d3vl96l,qjnoznwx,j1llwz1g,9kvnmy3d,rdnmygq9,49
9d3vl96l,qjnoznwx,pdvz4v6w,zd3q6xrk,29v8ojqd,26
9d3vl96l,qjnoznwx,pdvz4v6w,zd3q6xrk,xd0ez7j9,13
9d3vl96l,qjnoznwx,pdvz4v6w,zd3q6xrk,rw67jn69,8
9d3vl96l,qjnoznwx,9dowexe1,zd3wn0vk,kwj11zrw,217
9d3vl96l,qjnoznwx,9dowerm1,zdn0eve2,None,21
9d3vl96l,qjnoznwx,9dowerm1,7kj3mw42,None,13
9d3vl96l,qjnoznwx,9dow9rm1,rklly8rk,None,53
9d3vl96l,jopzrolx,9d3vl96l,z27gx4o2,None,21
9d3vl96l,jopzrolx,9d3vl96l,7dg8op42,None,41
9d3vl96l,jn279m2j,9d3vl96l,7dg8op42,None,34
9d3vl96l,jn279m2j,9do79k6p,q258nxj2,None,438
9d3vl96l,x3m6v7k8,9d3vl96l,z27gx4o2,None,9
9d3vl96l,x3m6v7k8,v1px7pm6,w20ew05d,None,25
9d3vl96l,x3m6v7k8,w6j7vpx6,z27weg5k,None,226
9d3vl96l,x3m6v7k8,j1n8ekw1,zd3vj3n2,None,119
9d3vl96l,8r29rdgx,9d3vl96l,7dg8op42,None,61
9d3vl96l,j5vwkg68,9d3vl96l,7dg8op42,None,65
9d3vl96l,18vy5lv8,9d38lw91,zd3qjlyk,None,1
9d3vl96l,18vy5lv8,9d38lw91,q2553782,None,1
9d3vl96l,18vy5lv8,9d38lw91,q2553782,None,1
9d3vl96l,18vy5lv8,9d38lw91,9d8lyj62,None,2
9d3vl96l,18vy5lv8,9d38lw91,wdmr5e4k,None,1
9d3vl96l,18vy5lv8,3dxkp41y,7dgngg24,None,19
9d3vl96l,18vy5lv8,m1mnpzkd,9kvll882,None,2
9d3vl96l,18vy5lv8,m1mnpzkd,jdzoolv2,None,2
9d3vl96l,18vy5lv8,9d38lw91,9d8lyj72,None,1
9d3vl96l,18vy5lv8,9d38lw91,02qr4jyk,None,1
9d3vl96l,18vy5lv8,nd2xlv60,824pr3n2,None,1
9d3vl96l,18vy5lv8,4d79wrl1,w20xnzz2,None,1
9d3vl96l,18vy5lv8,nd2xlv60,zdnlpwn2,5wke7kqw,1
9d3vl96l,18vy5lv8,369v401l,rklvz0rd,None,11
9d3vl96l,18vy5lv8,4d79wrl1,824jm9e2,None,3
9d3vl96l,18vy5lv8,nd2xlv60,zdnlpwn2,o9xoe119,1
9d3vl96l,18vy5lv8,nd2xlv60,zdnlpwn2,xd4eo0pw,1
9d3vl96l,18vy5lv8,nd2xlv60,zdnlpwn2,owo5p7yd,1
9d3vl96l,18vy5lv8,nd2xlv60,zdnlpwn2,ewpo67zd,1
9d3vl96l,18vy5lv8,9do7lk6p,wk6p5oxd,None,7
9d3vl96l,18vy5lv8,v1pxyn46,wk636eqk,None,3
9d3vl96l,18vy5lv8,3dxkp41y,7kj3r323,None,5
9d3vl96l,18vy5lv8,m1mnpzkd,82499ngd,None,4
9d3vl96l,18vy5lv8,3dxkp41y,jdzn1vdv,None,2
9d3vl96l,18vy5lv8,268wjo96,xd1qzpw2,None,1
9d3vl96l,18vy5lv8,76r3yne6,mke73992,None,1
9d3vl96l,18vy5lv8,9d38lw91,8248npwk,None,1
9d3vl96l,18vy5lv8,9d38lw91,zdnyzq9k,None,1
9d3vl96l,18vy5lv8,9d38lw91,9kvn8jod,None,2
9d3vl96l,18vy5lv8,o1y9j9v6,zd365jyd,None,51
9d3vl96l,18vy5lv8,9d38lw91,xd15j3r2,None,1
9d3vl96l,18vy5lv8,w6jmm26j,82481pmk,None,101
9d3vl96l,18vy5lv8,pd0wyk01,zd38z8ek,None,23
9d3vl96l,18vy5lv8,j1ne9me1,9d8gyx7k,None,20
9d3vl96l,18vy5lv8,9d38lw91,q251j4vd,None,1
9d3vl96l,18vy5lv8,w6jmm26j,zd360ovd,None,19
9d3vl96l,18vy5lv8,o1y9j9v6,7dgr144k,ywe5zq7w,932
9d3vl96l,18vy5lv8,o1y9j9v6,7kjpl1gk,None,1680
9d3vl96l,18vy5lv8,lde38wn6,w20xyoz2,None,2
9d3vl96l,18vy5lv8,o1y9jpo6,zdn105nk,None,7
9d3vl96l,18vy5lv8,w6jmm26j,82481pmk,None,27
9d3vl96l,18vy5lv8,268wjo96,8249qend,None,1
9d3vl96l,18vy5lv8,268wjo96,8249qend,None,1
9d3vl96l,18vy5lv8,lde3k956,xd1lpp7k,None,9
9d3vl96l,18vy5lv8,3dx2q4p1,xk98mrv2,None,2
9d3vl96l,18vy5lv8,w6jmm26j,7kjl0wz2,None,41
9d3vl96l,18vy5lv8,pd0wem21,zdnlqxx2,None,1
9d3vl96l,18vy5lv8,w6jmm26j,xk95z7g2,None,14
9d3vl96l,18vy5lv8,369v401l,02qpz7yd,None,3
9d3vl96l,18vy5lv8,o1yw9rdq,w20zg1zd,None,130
9d3vl96l,18vy5lv8,o1y9jpo6,jdz8ro3d,None,1
9d3vl96l,18vy5lv8,o1yw9rdq,wk6jn7ed,None,2
9d3vl96l,18vy5lv8,o1y9jpo6,jdz8ro3d,None,1
9d3vl96l,18vy5lv8,o1y9jpo6,jdz8ro3d,None,1
9d3vl96l,18vy5lv8,o1y9jpo6,jdz8ro3d,None,1
9d3vl96l,18vy5lv8,9d38lw91,rkln5er2,None,1
9d3vl96l,18vy5lv8,o1y9jpo6,jdz8ro3d,None,3
9d3vl96l,18vy5lv8,o1yw9rdq,5dwp45gk,None,1
9d3vl96l,18vy5lv8,3dx2q4p1,xk98mrv2,None,10
9d3vl96l,18vy5lv8,o1y9jpo6,jdz8ro3d,None,4
9d3vl96l,18vy5lv8,3dx2q4p1,xk98mrv2,None,15
9d3vl96l,18vy5lv8,w6j7kw26,9kvlnle2,None,3
9d3vl96l,18vy5lv8,nd2emevd,z274veo2,None,7
9d3vl96l,18vy5lv8,w6j7kw26,9kvlne02,None,3
9d3vl96l,18vy5lv8,nd28gvd0,9kvyv3kg,None,288
9d3vl96l,18vy5lv8,yd4k856e,02ql19ky,None,107
9d3vl96l,18vy5lv8,o1y9jpo6,jdz8ro3d,None,3
9d3vl96l,18vy5lv8,o1yw9rdq,5dwp45gk,None,3
9d3vl96l,18vy5lv8,o1yw9rdq,wk6jn7ed,None,2
9d3vl96l,18vy5lv8,9dow9031,xd1gy48d,None,4
9d3vl96l,18vy5lv8,lde3k956,rkljyx8d,None,24
9d3vl96l,18vy5lv8,lde3k956,wk6o4mpk,None,42
9d3vl96l,18vy5lv8,lde3k956,rkljyx8d,None,71
9d3vl96l,18vy5lv8,lde3k956,wk6o4mpk,None,266
9d3vl96l,18vy5lv8,k6q03z1g,wkpj6owk,None,1
9d3vl96l,18vy5lv8,o1y9jpo6,jdz8ro3d,None,3
9d3vl96l,18vy5lv8,76r3yne6,9kvrore2,None,8
9d3vl96l,18vy5lv8,o1y9jpo6,jdz8ro3d,None,2
9d3vl96l,18vy5lv8,46w27j36,wkpg098k,None,2
9d3vl96l,18vy5lv8,j1lm3edg,xk98pv42,None,32
9d3vl96l,18vy5lv8,o6glr45d,w20yl5zk,None,1
9d3vl96l,18vy5lv8,o1y9jpo6,jdz8ro3d,None,4
9d3vl96l,18vy5lv8,o1y9jpo6,jdz8ro3d,None,2
9d3vl96l,18vy5lv8,o6glr45d,rkljpzwd,None,1
9d3vl96l,18vy5lv8,o1y9jpo6,jdz8ro3d,None,2
9d3vl96l,18vy5lv8,m1mn304d,wkp5ggwd,None,1
9d3vl96l,18vy5lv8,o1y9jpo6,jdz8ro3d,None,4
9d3vl96l,18vy5lv8,m1mn304d,wkp5ggwd,None,1
9d3vl96l,18vy5lv8,o1y9jpo6,jdz8ro3d,None,5
9d3vl96l,18vy5lv8,o1y9jpo6,xd1w0x72,None,5
9d3vl96l,18vy5lv8,w6jmm26j,82481pmk,None,9
9d3vl96l,18vy5lv8,46w27j36,wkpg098k,None,1
9d3vl96l,18vy5lv8,o1y9jpo6,jdz8ro3d,None,10
9d3vl96l,18vy5lv8,o6glr45d,wdm8e742,None,1
9d3vl96l,18vy5lv8,o6glr45d,vdo3jnod,None,1
9d3vl96l,18vy5lv8,w6jmm26j,9d8lxv62,None,19
9d3vl96l,18vy5lv8,46w27j36,wkpg098k,None,1
9d3vl96l,18vy5lv8,46w27j36,vdopxz92,None,1
9d3vl96l,18vy5lv8,46w27j36,vdopxz92,None,1
9d3vl96l,18vy5lv8,46w27j36,vdopxz92,None,1
9d3vl96l,18vy5lv8,46w27j36,w20ex8od,None,3
9d3vl96l,18vy5lv8,46w27j36,w20ex8od,None,2
9d3vl96l,18vy5lv8,46w27j36,w20ex8od,None,2
9d3vl96l,18vy5lv8,o6glr45d,rkljpzwd,None,1
9d3vl96l,18vy5lv8,o6glr45d,w20yl5zk,None,1
9d3vl96l,18vy5lv8,46w27j36,ndxr5evd,None,3
9d3vl96l,18vy5lv8,46w27j36,ndxr5evd,None,3
9d3vl96l,18vy5lv8,46w27j36,ndxr5evd,None,4
9d3vl96l,18vy5lv8,o6glr45d,rkljpzwd,None,2
9d3vl96l,18vy5lv8,o6glr45d,w20yl5zk,None,2
9d3vl96l,18vy5lv8,46w2xkn6,xk99lexk,None,3
9d3vl96l,18vy5lv8,46w2xkn6,02q7jmzd,None,3
9d3vl96l,18vy5lv8,46w27j36,5dwqm8gd,gdrvvjew,1
9d3vl96l,18vy5lv8,pdv8296w,5dwnj1gd,None,1
9d3vl96l,18vy5lv8,369v401l,rklvz0rd,None,27
9d3vl96l,18vy5lv8,4d79wrl1,824jm9e2,None,2
9d3vl96l,18vy5lv8,9dow9031,jdrllvgd,None,1
9d3vl96l,18vy5lv8,46w27j36,5dwqm8gd,gdrvvjew,4
9d3vl96l,18vy5lv8,46w27j36,5dwqm8gd,gdrvvjew,4
9d3vl96l,18vy5lv8,lde38wn6,mkevrm92,xd06yz1d,1
9d3vl96l,18vy5lv8,lde38wn6,mkevrm92,r9gq5vkd,1
9d3vl96l,18vy5lv8,46w27j36,5dwqm8gd,gdrvvjew,3
9d3vl96l,18vy5lv8,46w27j36,5dwqm8gd,gdrvvjew,5
9d3vl96l,18vy5lv8,46w27j36,5dwqm8gd,gdrvvjew,3
9d3vl96l,18vy5lv8,46w27j36,5dwqm8gd,gdrvvjew,3
9d3vl96l,18vy5lv8,46w27j36,5dwqm8gd,gdrvvjew,1
9d3vl96l,18vy5lv8,46w27j36,5dwqm8gd,gdrvvjew,3
9d3vl96l,18vy5lv8,9d38lw91,w20nq35d,None,1
9d3vl96l,18vy5lv8,9d38lw91,wdmr56ok,None,2
9d3vl96l,18vy5lv8,46w27j36,5dwqm8gd,gdrvvjew,4
9d3vl96l,18vy5lv8,nd2emevd,824j8on2,None,21
9d3vl96l,18vy5lv8,46w27j36,5dwqm8gd,gdrvvjew,3
9d3vl96l,18vy5lv8,46w27j36,5dwqm8gd,gdrvvjew,3
9d3vl96l,18vy5lv8,46w27j36,5dwqm8gd,gdrvvjew,1
9d3vl96l,18vy5lv8,46w27j36,5dwqm8gd,gdrvvjew,4
9d3vl96l,18vy5lv8,9d38lw91,rkl0q1qk,None,2
9d3vl96l,18vy5lv8,9d38lw91,zd3qjl8k,None,3
9d3vl96l,18vy5lv8,lde38wn6,mkevrm92,ewp4ygzw,1
9d3vl96l,18vy5lv8,9d38lw91,q2553782,None,1
9d3vl96l,18vy5lv8,4d7e7z67,5dwj54ek,None,53
9d3vl96l,18vy5lv8,76r3yne6,wdmm9oed,kwjrq8rd,3
9d3vl96l,18vy5lv8,76r3yne6,wdmm9oed,xd11q3qd,3
9d3vl96l,18vy5lv8,76r3yne6,wdmm9oed,owoxpevw,1
9d3vl96l,18vy5lv8,lde08e63,z27vgx02,None,4
9d3vl96l,18vy5lv8,v1pxyn46,wk636eqk,None,10
9d3vl96l,18vy5lv8,369v401l,zd30gord,592056od,2
9d3vl96l,18vy5lv8,369v401l,zd30gord,r9gyxm59,3
9d3vl96l,18vy5lv8,v1pxyn46,wk636eqk,None,20
9d3vl96l,18vy5lv8,v1pxyn46,5dwnv6ed,None,6
9d3vl96l,18vy5lv8,m1zjk060,02qj07dy,None,38
9d3vl96l,18vy5lv8,w6jlw74d,w20g595k,None,10
9d3vl96l,18vy5lv8,w6jlw74d,xd1gomzd,None,18
9d3vl96l,18vy5lv8,w6jlw74d,xd1gomzd,None,8
9d3vl96l,18vy5lv8,w6jlw74d,rkllmg6k,None,6
9d3vl96l,18vy5lv8,m1zjk060,9d8eev7d,None,14
9d3vl96l,18vy5lv8,lde08e63,824r09gd,None,3
9d3vl96l,18vy5lv8,j1n8y0x1,5dwnve0d,None,1
9d3vl96l,18vy5lv8,lde38wn6,7dg04zxk,None,5
9d3vl96l,18vy5lv8,lde38wn6,rkl3vxrk,None,1
9d3vl96l,18vy5lv8,9d35e91l,824xx7ed,None,3
9d3vl96l,18vy5lv8,k6q03z1g,mkeo3z6d,None,1
9d3vl96l,18vy5lv8,nd2jy510,9kvxr602,None,3
9d3vl96l,18vy5lv8,pd0qp4l1,ndxn61jk,None,3
9d3vl96l,18vy5lv8,lde08e63,824r09gd,None,2
9d3vl96l,18vy5lv8,lde08e63,824r09gd,None,1
9d3vl96l,18vy5lv8,36920ldl,xd1r5l8k,5d7yl8qd,5
9d3vl96l,18vy5lv8,nd2jy510,7kjgvo3k,None,1
9d3vl96l,18vy5lv8,268nqk6p,5dwg560k,ldy8v4rw,2
9d3vl96l,18vy5lv8,nd2xlv60,zdnlpwn2,ldykz4zw,1
9d3vl96l,18vy5lv8,36920ldl,xd1r5l8k,xd0klxm9,4
9d3vl96l,18vy5lv8,pd0wem21,zdnlqxx2,None,1
9d3vl96l,18vy5lv8,nd2e0z5d,9kvog902,None,1
9d3vl96l,18vy5lv8,369v401l,jdrqvrgk,None,3
9d3vl96l,18vy5lv8,pd0q4yv1,z27vg552,None,3
9d3vl96l,18vy5lv8,j1new2w1,xd1vg3rd,None,29
9d3vl96l,18vy5lv8,76r3yne6,w20ne9jd,None,12
9d3vl96l,18vy5lv8,369v401l,jdrqvrgk,None,2
9d3vl96l,18vy5lv8,lde38wn6,824ljoed,None,2
9d3vl96l,18vy5lv8,pdv25rk6,vdoyyoy2,None,1
9d3vl96l,18vy5lv8,369v401l,zd30gord,xd0kxex9,2
9d3vl96l,18vy5lv8,268nqk6p,zd38e4yk,None,5
9d3vl96l,18vy5lv8,nd2xlv60,zdnlpwn2,gdro3kzd,1
9d3vl96l,18vy5lv8,268nqk6p,824xv43d,None,10
9d3vl96l,18vy5lv8,76r3lrq6,mkey5mx2,None,4
9d3vl96l,18vy5lv8,w6j7vpx6,z27weg5k,None,582
9d3vl96l,18vy5lv8,nd2jy510,xk9w0pv2,None,1
9d3vl96l,18vy5lv8,46w25v76,z27vgm52,None,390
9d3vl96l,18vy5lv8,j1ne30y1,824nw4mk,None,8
9d3vl96l,18vy5lv8,nd2jy510,7dgmpr4d,z983v71d,1
9d3vl96l,18vy5lv8,9d3m9y6l,wk61xpxd,None,10
9d3vl96l,18vy5lv8,2689r71p,jdr9l0d6,None,22
9d3vl96l,18vy5lv8,vo6gxod2,7dgxmxk4,None,14
9d3vl96l,18vy5lv8,pdv8296w,mkeyox92,None,1
9d3vl96l,18vy5lv8,nd2jy510,z27wj65k,z983v71d,1
9d3vl96l,18vy5lv8,y65ep06e,zdnqqw9d,None,2
9d3vl96l,18vy5lv8,y65ep06e,n2yj91e2,o9xl6mp9,1
9d3vl96l,18vy5lv8,y65ep06e,n2yj91e2,r9g36kpw,1
9d3vl96l,18vy5lv8,nd2jy510,7dgmpr4d,rw61po69,1
9d3vl96l,18vy5lv8,nd2jy510,z27wj65k,rw61po69,1
9d3vl96l,18vy5lv8,nd2jy510,z27wj65k,n93154rd,1
9d3vl96l,18vy5lv8,nd2jy510,z27wj65k,xd01rqjw,1
9d3vl96l,18vy5lv8,nd2jy510,7dgmpr4d,xd01rqjw,1
9d3vl96l,18vy5lv8,vo6gxod2,4xk9pyd0,None,37
9d3vl96l,18vy5lv8,268yw5dp,jdzpyp3k,None,35
9d3vl96l,18vy5lv8,y65ep06e,n2yj91e2,r9g36kpw,3
9d3vl96l,18vy5lv8,y65ep06e,n2yj91e2,o9xl6mp9,2
9d3vl96l,18vy5lv8,y65ep06e,zdnqqw9d,None,3
9d3vl96l,18vy5lv8,9do8mm1p,vdo8evkp,None,82
9d3vl96l,18vy5lv8,o6gljxd2,zd369rdn,None,25
9d3vl96l,18vy5lv8,w6j82e1j,jdrppq52,None,1
9d3vl96l,18vy5lv8,y65ee76e,q25m8vwd,None,4
9d3vl96l,18vy5lv8,y65ee76e,zdn8rv7d,None,5
9d3vl96l,18vy5lv8,y65ee76e,wk6114pd,5wkrr5x9,1
9d3vl96l,18vy5lv8,y65ee76e,wk6114pd,o9xll579,1
9d3vl96l,18vy5lv8,y65ee76e,q25m8vwd,None,1
9d3vl96l,18vy5lv8,y65ee76e,wk6114pd,gdrqq4k9,3
9d3vl96l,18vy5lv8,y65ee76e,wk6114pd,rw6nn86d,4
9d3vl96l,18vy5lv8,y65ee76e,zdn8rv7d,None,1
9d3vl96l,18vy5lv8,268ew4o6,w20w5xzd,None,2
9d3vl96l,18vy5lv8,268pwydp,n2y6pzdo,None,15
9d3vl96l,18vy5lv8,pdvzywv6,wk6eelo2,None,162
9d3vl96l,18vy5lv8,pdvzxxk6,zdnznxed,None,5
9d3vl96l,18vy5lv8,o6glr45d,wdm8e742,None,2
9d3vl96l,18vy5lv8,o6glr45d,vdo3jnod,None,2
9d3vl96l,18vy5lv8,pdvzxxk6,q25jx3yd,None,39
9d3vl96l,18vy5lv8,pdvzxxk6,q25jx3yd,None,19
9d3vl96l,18vy5lv8,kdkggx1m,jdrljend,None,2
9d3vl96l,18vy5lv8,4d7e7z67,mkeoz98d,None,211
9d3vl96l,18vy5lv8,pdvznzr6,9d8yo9wk,None,49
9d3vl96l,18vy5lv8,pdvznzr6,9d8yo9wk,None,127
9d3vl96l,18vy5lv8,pdvznzr6,824r35md,None,119
9d3vl96l,18vy5lv8,lde08e63,z27vgx02,None,3
9d3vl96l,18vy5lv8,4d79oel1,jdz9p7v2,None,3
9d3vl96l,18vy5lv8,y6552z86,ndxre85d,None,9
9d3vl96l,18vy5lv8,pdvznzr6,824nn0mk,None,36
9d3vl96l,18vy5lv8,y65x001e,9kv9zxe2,None,1
9d3vl96l,18vy5lv8,pdvzxxk6,q25jx3yd,None,14
9d3vl96l,18vy5lv8,pdvzxxk6,q25jx3yd,None,23
9d3vl96l,18vy5lv8,pdvzywv6,xk9ezjv2,None,118
9d3vl96l,18vy5lv8,lde08e63,z27vgx02,None,2
9d3vl96l,18vy5lv8,y65x001e,5dwgzj0k,None,2
9d3vl96l,18vy5lv8,y65x001e,n2ygzq12,None,1
9d3vl96l,18vy5lv8,pd0qnzv1,wk60z6rk,None,2
9d3vl96l,18vy5lv8,9do8mm1p,rkllonkn,None,439
9d3vl96l,18vy5lv8,pdvzxxk6,q25jx3yd,None,20
9d3vl96l,18vy5lv8,j1lonz1g,z276gmod,None,7
9d3vl96l,18vy5lv8,j1lonz1g,z276gmod,None,6
9d3vl96l,18vy5lv8,j1lonz1g,z276gmod,None,8
9d3vl96l,18vy5lv8,2680r51p,xd1ml17d,None,8
9d3vl96l,18vy5lv8,j1ne0nw1,xk9eqrv2,None,3
9d3vl96l,18vy5lv8,4d79oel1,jdz9pwv2,None,2
9d3vl96l,18vy5lv8,76rxwoq6,jdrx1vgd,None,2
9d3vl96l,18vy5lv8,pdvz4v6w,9kvmv3kg,None,153
9d3vl96l,18vy5lv8,76rxwoq6,wk6eexe2,None,1
9d3vl96l,18vy5lv8,3dxz7p1y,wkp54wdr,None,64
9d3vl96l,18vy5lv8,yd4orqp1,rkllnewk,None,6
9d3vl96l,18vy5lv8,9d3rn00d,ndx45152,None,103
9d3vl96l,18vy5lv8,o6gl9v9d,rkl3z46k,None,65
9d3vl96l,18vy5lv8,pd0wem21,zdnlqxx2,None,1
9d3vl96l,18vy5lv8,y658506e,z277ew52,None,60
9d3vl96l,18vy5lv8,y658506e,rklezor2,None,284
9d3vl96l,18vy5lv8,j1nwmx1p,02qv0ypd,None,4
9d3vl96l,18vy5lv8,j1llnr41,q25qv482,None,1
9d3vl96l,18vy5lv8,o6gqyx12,zdnqmm9d,None,5
9d3vl96l,18vy5lv8,ldej3o51,824l9qgd,None,41
9d3vl96l,18vy5lv8,o1yjjo21,wdm9pxxk,None,10
9d3vl96l,18vy5lv8,w6jz451j,q254qzgd,None,1
9d3vl96l,18vy5lv8,w6jz451j,7kjvnygk,None,2
9d3vl96l,18vy5lv8,j1nj096p,zdnrwgn2,None,61
9d3vl96l,18vy5lv8,9dowkge1,zd3ol8rd,None,12
9d3vl96l,18vy5lv8,9dowkge1,9d8g7ywk,None,19
9d3vl96l,18vy5lv8,9dowkge1,9kvyw83k,None,40
9d3vl96l,18vy5lv8,9dowkge1,zd3ol8rd,None,3
9d3vl96l,18vy5lv8,kdkz2rld,9d8e3j7d,None,8
9d3vl96l,18vy5lv8,ldegnl13,wk6plyrd,None,27
9d3vl96l,18vy5lv8,pdv8296w,zd3lo0nd,ldypq4rd,2
9d3vl96l,18vy5lv8,ldegnl13,5dwjwznk,None,87
9d3vl96l,18vy5lv8,nd2xlv60,zdnlpwn2,y9mgo519,1
9d3vl96l,18vy5lv8,nd2xlv60,zdnlpwn2,r9gngykd,1
9d3vl96l,18vy5lv8,y6552z86,ndxng4jk,None,43
9d3vl96l,18vy5lv8,pdv8296w,w20poz5k,None,3
9d3vl96l,18vy5lv8,pdv8296w,zd3lo0nd,z988p2p9,2
9d3vl96l,18vy5lv8,pdv8296w,zd3lo0nd,rdnp3k79,3
9d3vl96l,18vy5lv8,pdv8296w,zd3lo0nd,gdrqrkl9,2
9d3vl96l,18vy5lv8,pdv8296w,zd3lo0nd,nwl70ke9,2
9d3vl96l,18vy5lv8,om1m3625,w20p0zkn,None,1373
9d3vl96l,18vy5lv8,y658506e,z2735nod,None,110
9d3vl96l,18vy5lv8,ldej3o51,n2yev61k,None,35
9d3vl96l,18vy5lv8,nd2vge10,q2581682,None,2
9d3vl96l,18vy5lv8,369go31l,824zq3k5,None,17
9d3vl96l,18vy5lv8,om1m3625,xd1em828,None,206
9d3vl96l,18vy5lv8,369go31l,02q6ezky,None,336
9d3vl96l,18vy5lv8,w6jlm77d,9kv6e032,None,3
9d3vl96l,18vy5lv8,y658506e,mke5px9k,None,252
9d3vl96l,18vy5lv8,w6j7okx6,q25x3jgk,None,1
9d3vl96l,18vy5lv8,nd2xlv60,zdnlpwn2,z985k2l9,1
9d3vl96l,18vy5lv8,nd2xlv60,zdnlpwn2,69z6gmod,1
9d3vl96l,18vy5lv8,nd2xlv60,zdnlpwn2,rdqokz1w,1
9d3vl96l,18vy5lv8,nd2xlv60,zdnlpwn2,kwj6q7zd,1
9d3vl96l,18vy5lv8,nd2xlv60,zdnlpwn2,xd1yqj6d,1
9d3vl96l,18vy5lv8,3dxkj5p1,xk9pjo6d,None,53
9d3vl96l,18vy5lv8,y6552z86,ndxre85d,None,22
9d3vl96l,18vy5lv8,pdvznzr6,824r35md,None,33
9d3vl96l,18vy5lv8,pdvznzr6,824r35md,None,52
9d3vl96l,18vy5lv8,kdk4gl1m,n2yol6zd,None,5
9d3vl96l,18vy5lv8,3dxz351y,5dw6mp02,None,321
9d3vl96l,18vy5lv8,46w34e31,zd3wo1ek,None,13
9d3vl96l,18vy5lv8,pdv8296w,xd134rzk,rdnp3k79,3
9d3vl96l,18vy5lv8,pdv8296w,xd134rzk,rdnp3k79,2
9d3vl96l,18vy5lv8,lde08e63,02qlv7pk,None,1
9d3vl96l,18vy5lv8,9do7lk6p,wk6p5oxd,None,1
9d3vl96l,18vy5lv8,9do7lk6p,jdrq5exk,o9x1qnpd,1
9d3vl96l,18vy5lv8,y65x001e,wdm6wv3k,None,1
9d3vl96l,18vy5lv8,w6j5e41j,wdmqngx2,None,67
9d3vl96l,18vy5lv8,o1ymwk1q,7kjrxx42,None,1107
9d3vl96l,18vy5lv8,o1y9wo6q,n2y55mko,None,3630
9d3vl96l,18vy5lv8,j1l7x4dg,02q6opky,None,22
9d3vl96l,18vy5lv8,o6glnv5d,82468wnd,None,9
9d3vl96l,18vy5lv8,o6glnv5d,xk9eemv2,None,4
9d3vl96l,18vy5lv8,o6glnv5d,w20x80z2,None,3
9d3vl96l,18vy5lv8,nd2vge10,9kvjnjek,None,4
9d3vl96l,18vy5lv8,9d3vl96l,wkp5vzvd,69z542o9,9
9d3vl96l,18vy5lv8,v1pxyn46,5dwnv6ed,None,4
9d3vl96l,18vy5lv8,9d3vl96l,wkp5vzvd,o9xgl41d,6
9d3vl96l,18vy5lv8,nd2jy510,7dgmpr4d,n93154rd,1
9d3vl96l,18vy5lv8,nd2jy510,7dgmpr4d,rdn7jz69,1
9d3vl96l,18vy5lv8,nd2jy510,z27wj65k,rdn7jz69,1
9d3vl96l,18vy5lv8,nd2emevd,xd145xwd,None,9
9d3vl96l,18vy5lv8,9d3vl96l,wkp5vzvd,o9xgl41d,5
9d3vl96l,18vy5lv8,nd2emevd,9d8elwld,None,14
9d3vl96l,18vy5lv8,kdkggx1m,9d831xw2,29vzp81d,2
9d3vl96l,18vy5lv8,kdkggx1m,9d831xw2,xd4k850w,2
9d3vl96l,18vy5lv8,nd2emevd,9kv6ng32,None,8
9d3vl96l,18vy5lv8,9do7lk6p,jdrq5exk,owo7nyk9,1
9d3vl96l,18vy5lv8,9do7lk6p,jdrq5exk,r9gy54p9,1
9d3vl96l,18vy5lv8,9do7lk6p,jdrq5exk,xd1jr25d,1
9d3vl96l,18vy5lv8,9do7lk6p,jdrq5exk,ldy16grd,1
9d3vl96l,18vy5lv8,9do7lk6p,jdrq5exk,xd40z2r9,1
9d3vl96l,18vy5lv8,pd089w1e,jdr14el2,None,101
9d3vl96l,18vy5lv8,9do7lk6p,5dwpneek,495kg639,1
9d3vl96l,18vy5lv8,9do7lk6p,jdrq5exk,495kg639,1
9d3vl96l,18vy5lv8,9do7lk6p,5dwpneek,o9x1qnpd,1
9d3vl96l,18vy5lv8,9do7lk6p,jdrq5exk,o9x1qnpd,2
9d3vl96l,18vy5lv8,3dx2y51y,w20m3jkn,None,21
9d3vl96l,18vy5lv8,ldepze13,w20znqvd,None,15
9d3vl96l,18vy5lv8,m1mxxw46,9kv98382,None,69
9d3vl96l,18vy5lv8,yd4l2k1e,8246p1md,None,16
9d3vl96l,18vy5lv8,kdke72dm,ndx9xgrd,None,4
9d3vl96l,18vy5lv8,kdke72dm,ndx9o8vd,None,9
9d3vl96l,18vy5lv8,46w5nn6r,w20p9nzk,None,12
9d3vl96l,18vy5lv8,kdkggx1m,xd1v9lzd,5924pkgw,1
9d3vl96l,18vy5lv8,k6qre01g,wdm4r5xd,None,19
9d3vl96l,18vy5lv8,k6qre01g,jdr7j9n2,None,9
9d3vl96l,18vy5lv8,46wr391r,mke4w826,None,260
9d3vl96l,18vy5lv8,k6qzrx6g,5dwjjw5k,None,58
9d3vl96l,18vy5lv8,kdkggx1m,9d831xw2,xd04oe0w,2
9d3vl96l,18vy5lv8,kdkggx1m,9d831xw2,5924pkgw,2
9d3vl96l,18vy5lv8,kdkz7ldm,ndx71j2q,None,85
9d3vl96l,18vy5lv8,w6jlqo7d,9kv90p82,None,8
9d3vl96l,18vy5lv8,kdkz7ldm,02ql6pky,None,355
9d3vl96l,18vy5lv8,kdkggx1m,9d831xw2,5wkqlx5w,1
9d3vl96l,18vy5lv8,kdkggx1m,xd1v9lzd,5wkqlx5w,1
9d3vl96l,18vy5lv8,kdkggx1m,9d831xw2,y9m2z6ld,2
9d3vl96l,18vy5lv8,kdkggx1m,xd1v9lzd,y9m2z6ld,1
9d3vl96l,18vy5lv8,kdkggx1m,9d831xw2,xd141mqd,2
9d3vl96l,18vy5lv8,kdkggx1m,9d831xw2,owo3xjvw,2
9d3vl96l,18vy5lv8,kdkggx1m,xd1v9lzd,owo3xjvw,1
9d3vl96l,18vy5lv8,kdkggx1m,xd1v9lzd,xd141mqd,1
9d3vl96l,18vy5lv8,kdkggx1m,9d831xw2,kwjvrgrw,1
9d3vl96l,18vy5lv8,kdkggx1m,9d831xw2,5d72r15w,2
9d3vl96l,18vy5lv8,kdkggx1m,9d831xw2,rdqnq8md,1
9d3vl96l,18vy5lv8,kdkggx1m,xd1v9lzd,rdqnq8md,1
9d3vl96l,18vy5lv8,kdkggx1m,xd1v9lzd,5d72r15w,1
9d3vl96l,18vy5lv8,kdkggx1m,xd1v9lzd,kwjvrgrw,1
9d3vl96l,18vy5lv8,kdkggx1m,xd1v9lzd,ewp853l9,1
9d3vl96l,18vy5lv8,kdkggx1m,9d831xw2,ewp853l9,2
9d3vl96l,18vy5lv8,268nqk6p,5dwg560k,n93yp2ed,1
9d3vl96l,18vy5lv8,kdkggx1m,jdz5e5rd,None,4
9d3vl96l,18vy5lv8,y65x001e,wk68ypp2,None,2
9d3vl96l,18vy5lv8,pdv8296w,xd134rzk,z988p2p9,3
9d3vl96l,18vy5lv8,pdv8296w,xd134rzk,z988p2p9,3
9d3vl96l,18vy5lv8,76r55vd8,w20w1lzd,None,3096
9d3vl96l,18vy5lv8,m1mxxw46,w20w3rjd,None,81
9d3vl96l,18vy5lv8,m1mxxw46,7kjp3wzk,None,619
9d3vl96l,18vy5lv8,m1mxxw46,7kj3wl42,None,192
9d3vl96l,18vy5lv8,4d73n317,wdmq7352,None,58
9d3vl96l,18vy5lv8,m1mxjxk6,zdnxzen2,None,16
9d3vl96l,18vy5lv8,9doye36p,7kjv3yxk,None,251
9d3vl96l,18vy5lv8,pdv8296w,xd134rzk,rdnp3k79,3
9d3vl96l,18vy5lv8,pdv8296w,xd134rzk,rdnp3k79,5
9d3vl96l,18vy5lv8,pdv8296w,xd134rzk,rdnp3k79,2
9d3vl96l,18vy5lv8,pdv8296w,xd134rzk,rdnp3k79,3
9d3vl96l,18vy5lv8,8m1z5z10,wz279od0,None,15
9d3vl96l,18vy5lv8,pdv8296w,xd134rzk,z988p2p9,4
9d3vl96l,18vy5lv8,pdv8296w,xd134rzk,z988p2p9,4
9d3vl96l,18vy5lv8,pdv8296w,xd134rzk,z988p2p9,4
9d3vl96l,18vy5lv8,pdv8296w,xd134rzk,z988p2p9,5
9d3vl96l,18vy5lv8,pdv8296w,xd134rzk,z988p2p9,5
9d3vl96l,18vy5lv8,pdv8296w,xd134rzk,z988p2p9,4
9d3vl96l,18vy5lv8,nd2vge10,wdm4r4ed,5wkrol59,6
9d3vl96l,18vy5lv8,nd2vge10,wdm4r4ed,29vkxv1d,4
9d3vl96l,18vy5lv8,nd2vge10,wdm4r4ed,y9mp3zl9,5
9d3vl96l,18vy5lv8,lde08e63,02qlzv7k,None,1
9d3vl96l,18vy5lv8,76rx0xq6,xd1vl14d,None,4
9d3vl96l,18vy5lv8,lde3z9l6,zd37lvr2,None,10
9d3vl96l,18vy5lv8,76rx0xq6,xd1vl14d,None,4
9d3vl96l,18vy5lv8,76rx0xq6,82401lgd,None,2
9d3vl96l,18vy5lv8,4pdvro1w,xw205odn,None,8
9d3vl96l,18vy5lv8,3dx0jgdy,9d8wz7dn,None,16
9d3vl96l,18vy5lv8,946wy7dr,7wk6ex21,None,69
9d3vl96l,18vy5lv8,76rx0xq6,z2716mo2,None,5
9d3vl96l,18vy5lv8,pd0wj421,zdn8wznd,None,23
9d3vl96l,18vy5lv8,pd0wj421,zdn8wznd,None,58
9d3vl96l,18vy5lv8,kdkmwg1m,ndxmrov2,None,2
9d3vl96l,18vy5lv8,nd22xvd0,w20pq58k,None,1469
9d3vl96l,18vy5lv8,kdkmwg1m,7dgnjl24,None,199
9d3vl96l,18vy5lv8,k6q4kxzd,q25ge4vd,None,1
9d3vl96l,18vy5lv8,y65x001e,mke4mjj2,5wkqeyqw,1
9d3vl96l,18vy5lv8,k6q4kxzd,9d8xzz62,None,1
9d3vl96l,18vy5lv8,o6glnv5d,7kjp9xzk,None,3
9d3vl96l,18vy5lv8,76rxgk56,wk6o39pk,None,24
9d3vl96l,18vy5lv8,76rxgk56,wk6o39pk,None,7
9d3vl96l,18vy5lv8,k6q4kxzd,8241zzm2,None,1
9d3vl96l,18vy5lv8,k6q4kxzd,02qp66jd,None,3
9d3vl96l,18vy5lv8,o1y9j9v6,mkezwq9k,69z2m8g9,51
9d3vl96l,18vy5lv8,o1y9j9v6,mkezwq9k,69z2m8g9,24
9d3vl96l,18vy5lv8,o1y9j9v6,7dgr144k,69z2m8g9,527
9d3vl96l,18vy5lv8,o1y9j9v6,5dw5q7gd,ywe5zq7w,142
9d3vl96l,18vy5lv8,o1y9j9v6,mkezwq9k,ywe5zq7w,72
9d3vl96l,18vy5lv8,o1y9j9v6,mkezwq9k,ywe5zq7w,33
9d3vl96l,18vy5lv8,o1y9j9v6,mkezwq9k,69z2m8g9,39
9d3vl96l,18vy5lv8,o1y9j9v6,mkezwq9k,ywe5zq7w,43
9d3vl96l,18vy5lv8,9d37o96l,jdr9w5d6,y9m81zd5,102
9d3vl96l,18vy5lv8,9d37o96l,jdr9w5d6,5wkp1vd4,59
9d3vl96l,18vy5lv8,3dx2q4p1,5dw79w0k,None,7
9d3vl96l,18vy5lv8,m1zgxx60,jdz56o3d,None,5
9d3vl96l,18vy5lv8,v1pkp8d8,wkpovr82,None,7
9d3vl96l,18vy5lv8,pd0w2o21,rkljl16d,None,157
9d3vl96l,18vy5lv8,yd4ozgk1,n2y3pq8d,None,57
9d3vl96l,18vy5lv8,yd4ozgk1,wk6oxpxk,None,44
9d3vl96l,18vy5lv8,v1p8ymd8,w20zn75d,None,6
9d3vl96l,18vy5lv8,v1p8ymd8,wdmqr3o2,None,8
9d3vl96l,18vy5lv8,76r48418,mkevjo62,None,12
9d3vl96l,18vy5lv8,76r48418,vdoz9vkp,None,31
9d3vl96l,18vy5lv8,pdv95o1w,rklemw82,None,412
9d3vl96l,18vy5lv8,pdv95o1w,9kvj3w3k,None,204
9d3vl96l,18vy5lv8,9dowlxe1,n2yogv8d,None,8
9d3vl96l,18vy5lv8,j1ne9me1,jdzve5xk,None,15
9d3vl96l,18vy5lv8,pd0wx9w1,zd36l5rd,None,1788
9d3vl96l,18vy5lv8,ldeqpld3,8246v8ed,None,14
9d3vl96l,18vy5lv8,ldeqpld3,8246v8ed,None,10
9d3vl96l,18vy5lv8,ldeqpld3,8246v8ed,None,17
9d3vl96l,18vy5lv8,j1ne9me1,jdzve5xk,None,5
9d3vl96l,18vy5lv8,j1ne9me1,jdzve5xk,None,10
9d3vl96l,18vy5lv8,j1ne9me1,jdzve5xk,None,12
9d3vl96l,18vy5lv8,j1ne9me1,jdzve5xk,None,28
9d3vl96l,18vy5lv8,j1ne9me1,jdzve5xk,None,11
9d3vl96l,18vy5lv8,j1ne9me1,jdzve5xk,None,9
9d3vl96l,8g527p2j,j1lqq2e6,9d8owz32,None,20
9d3vl96l,8g527p2j,j1lqq2e6,xd11xz4d,None,3
9d3vl96l,8g527p2j,j1n894e1,jdrr44xd,None,25
9d3vl96l,8g527p2j,9d3vl96l,7dg8op42,None,15
9d3vl96l,x7wk6308,m1zjnjx6,vdo34g6d,None,1
9d3vl96l,x7wk6308,m1zjnjx6,vdo34g6d,None,2
9d3vl96l,x7wk6308,m1zjnjx6,vdo34g6d,None,1
9d3vl96l,x7wk6308,m1zjnjx6,vdo34g6d,None,7
9d3vl96l,x7wk6308,9d3vl96l,z27gx4o2,None,35
9d3vl96l,x7wk6308,y654rped,7kjqzngd,None,60
9d3vl96l,86nggp5x,9d3vl96l,n2yqy91k,None,5
9d3vl96l,j9pzeorx,k6qwoez6,zdn7y0qk,49510y0w,26
9d3vl96l,j9pzeorx,yd48w56e,wk6e8oq2,None,199
9d3vl96l,j9pzeorx,9d3vl96l,7dg8op42,None,60
9d3vl96l,jnzw4ldj,9d3vl96l,7dg8op42,None,26
9d3vl96l,jnzw4ldj,yd4jl5de,vdo4gwv2,None,40
9d3vl96l,8vkqmm2j,9d3vl96l,wkp5vzvd,o9xgl41d,9
9d3vl96l,8vkqmm2j,9d3vl96l,wkp5vzvd,69z542o9,3
9d3vl96l,8vkqmm2j,9d3vl96l,wkp5vzvd,o9xgl41d,7
9d3vl96l,8vkqmm2j,9d3vl96l,wkp5vzvd,69z542o9,4
9d3vl96l,8vkqmm2j,9d3vl96l,wkp5vzvd,r9gl3xkw,7
9d3vl96l,j9r5wyoj,9d3vl96l,7dg8op42,None,9
9d3vl96l,j9r5wyoj,9d3vl96l,7dg8op42,None,19
9d3vl96l,j9r5wyoj,9d3vl96l,wk6plepd,None,4
9d3vl96l,x7qv3768,9d3vl96l,7dg8op42,None,6
9d3vl96l,x7qv3768,4pd04v6e,mkej9826,None,61
9d3vl96l,x7qv3768,9d3vl96l,7dg8op42,None,47
9d3vl96l,joo49g3j,9d3vl96l,7dg8op42,None,20
9d3vl96l,8w1p6p4x,46w33ln1,8246gond,None,16
9d3vl96l,8w1p6p4x,9d3vl96l,7dg8op42,None,63
9d3vl96l,pj0g2omx,46wl0n1r,7kjv69nk,owo70g39,1
9d3vl96l,pj0g2omx,46wl0n1r,7kjv69nk,rw6qnp6d,1
9d3vl96l,pj0g2omx,46wl0n1r,7kjv69nk,r9gy2k29,1
9d3vl96l,pj0g2omx,kdkz2edm,ndxj1xo2,None,17
9d3vl96l,pj0g2omx,kdkz2edm,w20p8gzk,rw6qo1rd,15
9d3vl96l,pj0g2omx,9d3vl96l,7dgg5jgd,None,7
9d3vl96l,pj0g2omx,j1llr41g,jdrl6gd6,None,32
9d3vl96l,pj0g2omx,k6q4jwxd,jdzv5ork,None,2
9d3vl96l,pj0g2omx,9d3vl96l,wkp5vzvd,ywey85rd,12
9d3vl96l,pj0g2omx,9d3vl96l,wkp5vzvd,69z542o9,8
9d3vl96l,pj0g2omx,k6q9jm1g,zdnzwxdq,None,7
9d3vl96l,pj0g2omx,j1np9e6p,mkex49d6,None,4
9d3vl96l,pj0g2omx,k6q9jm1g,q25jogdo,None,3
9d3vl96l,pj0g2omx,k6q9jm1g,q25jogdo,None,4
9d3vl96l,pj0g2omx,46wl0n1r,7kjv69nk,rdnopj6w,2
9d3vl96l,pj0g2omx,46wl0n1r,7kjv69nk,n93qg5rw,1
9d3vl96l,pj0g2omx,46wl0n1r,7kjv69nk,xd151rzw,1
9d3vl96l,pj0g2omx,46wl0n1r,7kjv69nk,z98r8v1d,2
9d3vl96l,pj0g2omx,46wl0n1r,7kjv69nk,ldy1p77d,3
9d3vl96l,pj0g2omx,46wl0n1r,5dwjgnek,None,12
9d3vl96l,pj0g2omx,k6qxgo1g,zdnrn6x2,None,1
9d3vl96l,pj0g2omx,2689591p,rklr48kn,None,178
9d3vl96l,pj0g2omx,k6qxgo1g,9d8je47k,None,18
9d3vl96l,pj0g2omx,y65z586e,wkpvx0jk,None,14
9d3vl96l,8r3dkgg8,9d3vl96l,wk6plepd,None,10
9d3vl96l,8661v958,9d3vl96l,z27gx4o2,None,11
9d3vl96l,8661v958,9d3vl96l,7dg8op42,None,16
9d3vl96l,x3meqvq8,9d3vl96l,7dg8op42,None,32
9d3vl96l,xyoqkqmj,369809gd,8249z5ed,None,1
9d3vl96l,xyoqkqmj,46w33zl1,jdz6zgv2,None,1
9d3vl96l,xyoqkqmj,369809gd,7dg7vn7d,None,1
9d3vl96l,xyoqkqmj,369809gd,vdone8yk,None,1
9d3vl96l,xyoqkqmj,369809gd,wkprw1g2,None,2
9d3vl96l,xyoqkqmj,369809gd,7dg7vn7d,None,1
9d3vl96l,xyoqkqmj,369809gd,wkprw1g2,None,1
9d3vl96l,xyoqkqmj,369809gd,vdone8yk,None,2
9d3vl96l,xyoqkqmj,46w33zl1,9kv8m4jd,None,1
9d3vl96l,xyoqkqmj,46w33zl1,9d86xpq2,None,1
9d3vl96l,xyoqkqmj,46w33zl1,9d86xpq2,None,1
9d3vl96l,xyoqkqmj,9d3vl96l,xk90megk,None,2
9d3vl96l,xyoqkqmj,46w33zl1,9d86xpq2,None,2
9d3vl96l,xyoqkqmj,46w33zl1,9d86xpq2,None,3
9d3vl96l,xyoqkqmj,46w33zl1,wk6oeeqk,69zemyl9,4
9d3vl96l,xyoqkqmj,46w33zl1,wk6oeeqk,kwj4oxnw,1
9d3vl96l,xyoqkqmj,46w33zl1,wk6oeeqk,o9xrm809,2
9d3vl96l,xyoqkqmj,46w33zl1,wk6oeeqk,ewp4kmkw,2
9d3vl96l,xyoqkqmj,46w33zl1,wk6oeeqk,r9gqke5d,3
9d3vl96l,xyoqkqmj,46w33zl1,wk6oeeqk,owo4goo9,1
9d3vl96l,xyoqkqmj,46w33zl1,wk6oeeqk,495xv30d,2
9d3vl96l,xyoqkqmj,46w33zl1,wk6oeeqk,y9m4kq59,2
9d3vl96l,xyoqkqmj,46w33zl1,wk6oeeqk,rdq46pk9,2
9d3vl96l,xyoqkqmj,46w33zl1,wk6oeeqk,5d7q6ngw,3
9d3vl96l,xyoqkqmj,46w33zl1,wk6oeeqk,xd1lvke9,1
9d3vl96l,xyoqkqmj,46w33zl1,wk6oeeqk,5wk4gz2d,1
9d3vl96l,xyoqkqmj,46w33zl1,wk6oeeqk,xd06vrxd,2
9d3vl96l,xyoqkqmj,9d3vl96l,z27gx4o2,None,3
9d3vl96l,xyoqkqmj,9d3vl96l,z27gx4o2,None,3
9d3vl96l,8ge6151j,46w33zl1,xk9e7oy2,None,2
9d3vl96l,8ge6151j,46w33zl1,xk9e7oy2,None,2
9d3vl96l,8ge6151j,46w33zl1,xk9e7oy2,None,5
9d3vl96l,8ge6151j,9d3vl96l,wkp5vzvd,69z542o9,7
9d3vl96l,8ge6151j,o6gmpx62,mkejmg82,5d7v6y5d,20
9d3vl96l,864mr7qj,9d3vl96l,7dg8op42,None,38
9d3vl96l,xzl07e48,yd4q256e,mkezmw9k,69zrqggd,1
9d3vl96l,xzl07e48,yd4q256e,mkezmw9k,ywe4je7d,1
9d3vl96l,xzl07e48,yd4q256e,mkezmw9k,xd42l70w,2
9d3vl96l,xzl07e48,9d3vl96l,7dg8op42,None,37
9d3vl96l,8r7y1ydj,o1yxkk6q,n2yj5e82,None,35
9d3vl96l,8r7y1ydj,w6jn7x1j,7kj6poz2,None,25
9d3vl96l,8r7y1ydj,4d74qgd7,mke45ln2,None,57
9d3vl96l,8r7y1ydj,9d3vl96l,z27gx4o2,None,4
9d3vl96l,8r7y1ydj,9d3vl96l,7dg8op42,None,28
9d3vl96l,8r7y1ydj,9d3vl96l,wk6plepd,None,7
9d3vl96l,j92pkpv8,9d3vl96l,xk90megk,None,4
9d3vl96l,j92pkpv8,k6q4wmxd,rklq5jw2,None,34
9d3vl96l,x35q2dqj,o1y9pyk6,7kj63r42,None,9
9d3vl96l,x35q2dqj,o1y9pyk6,wdmr0lek,None,1
9d3vl96l,x35q2dqj,o1y9pyk6,wdmr0lek,None,4
9d3vl96l,x35q2dqj,o1y9pyk6,7kj63r42,None,11
9d3vl96l,x35q2dqj,w6jn7x1j,ndxe54rk,None,23
9d3vl96l,x35q2dqj,9d3vl96l,wkp5vzvd,ywey85rd,9
9d3vl96l,x35q2dqj,pd0w2o21,rkljl16d,None,26
9d3vl96l,x35q2dqj,o1y9pyk6,mke9xe9d,5d7e0vvw,38
9d3vl96l,x35q2dqj,nd2e9erd,mke4r1j2,None,60
9d3vl96l,x35q2dqj,nd2e9erd,mkeqm06k,None,72
9d3vl96l,x35q2dqj,369pxvg1,xk9v8vyd,None,43
9d3vl96l,x35q2dqj,76rxvov6,jdre84xk,None,33
9d3vl96l,x35q2dqj,9dow9rm1,rklly8rk,None,19
9d3vl96l,x35q2dqj,nd2e9erd,vdom79v2,None,53
9d3vl96l,x35q2dqj,76rx9le6,jdrxjnnd,None,345
9d3vl96l,x35q2dqj,v1p4rp18,w20y3wvk,None,16
9d3vl96l,x35q2dqj,4pd0n31e,7wkp6v2r,None,5
9d3vl96l,j23e6llx,yd4oq3k1,7dgnvyx2,gdrl7lld,1
9d3vl96l,j23e6llx,yd4oq3k1,5dw43nnk,ewp0qkld,1
9d3vl96l,j23e6llx,yd4oq3k1,wkp1wn0k,z98g44gw,2
9d3vl96l,j23e6llx,yd4oq3k1,wkp1wn0k,rdqv8po9,1
9d3vl96l,j23e6llx,yd4oq3k1,wkp1wn0k,rdqv8po9,1
9d3vl96l,j23e6llx,yd4oq3k1,wkp1wn0k,r9g637kw,2
9d3vl96l,j23e6llx,yd4oq3k1,7dgnvyx2,rw6enqnd,1
9d3vl96l,j23e6llx,yd4oq3k1,5dw43nnk,owoqk1vd,1
9d3vl96l,j23e6llx,yd4oq3k1,5dw43nnk,n93yz87d,1
9d3vl96l,j23e6llx,yd4oq3k1,7dgnvyx2,69zn4m69,3
9d3vl96l,j23e6llx,yd4oq3k1,wkp1wn0k,gdr1qp8w,2
9d3vl96l,j23e6llx,yd4oq3k1,7dgnvyx2,n93jq0rd,1
9d3vl96l,j23e6llx,yd4oq3k1,wkp1wn0k,5d720xqw,3
9d3vl96l,j23e6llx,yd4oq3k1,7dgnvyx2,z98g44gw,1
9d3vl96l,j23e6llx,yd4oq3k1,5dw43nnk,ywem8zqd,3
9d3vl96l,j23e6llx,yd4oq3k1,5dw43nnk,69zn4m69,1
9d3vl96l,j23e6llx,j1llevz1,wk6envx2,None,1
9d3vl96l,j23e6llx,j1llevz1,jdro1xxd,None,1
9d3vl96l,j23e6llx,9d3vl96l,7kjvn8zk,None,4
9d3vl96l,j23e6llx,9d3vl96l,7kjvn8zk,None,4
9d3vl96l,j23e6llx,9d3vl96l,xk90megk,None,4
9d3vl96l,8e64e02j,2687m7dp,xk9nj4x2,None,15
9d3vl96l,8e64e02j,9d3vl96l,7kjvn8zk,None,4
9d3vl96l,8e64e02j,9d3vl96l,z27gx4o2,None,12
9d3vl96l,8e64e02j,9d3vl96l,7dg8op42,None,23
9d3vl96l,8g0k9wpx,9d3vl96l,7dg8op42,None,49
9d3vl96l,8w1me9vx,9d3vl96l,wkp5vzvd,o9xgl41d,6
9d3vl96l,8w1me9vx,9d3vl96l,wkp5vzvd,o9xgl41d,5
9d3vl96l,x3mkvqk8,9d3vl96l,7dg8op42,None,13
9d3vl96l,jo22ew78,46w0n91r,7kj9e532,None,3
9d3vl96l,jo22ew78,o1y9w8v6,xk9x4yvk,None,4
9d3vl96l,jo22ew78,46w0n91r,w20ern8d,None,10
9d3vl96l,jo22ew78,k6qwrzm6,9d8lyv72,None,39
9d3vl96l,jo22ew78,4pd0n31e,wk6pexd1,None,440
9d3vl96l,jo22ew78,9d3vl96l,7dg8op42,None,10
9d3vl96l,8d00kw9x,9d3vl96l,7dg8op42,None,49
9d3vl96l,j0nw9rm8,268wwqy6,xd11nrzd,None,1
9d3vl96l,j0nw9rm8,268wwqy6,ndxe6jok,rw618lp9,1
9d3vl96l,j0nw9rm8,268wwqy6,ndxe6jok,r9g66n5w,1
9d3vl96l,j0nw9rm8,268wwqy6,ndxe6jok,ywe003y9,1
9d3vl96l,j0nw9rm8,268wwqy6,ndxe6jok,69z776lw,1
9d3vl96l,j0nw9rm8,268wwqy6,ndxe6jok,nwl00z0w,1
9d3vl96l,j0nw9rm8,268wwqy6,ndxe6jok,o9x66o09,1
9d3vl96l,j0nw9rm8,268wwqy6,ndxe6jok,495ppz0w,1
9d3vl96l,j0nw9rm8,268wwqy6,9d8o0pw2,None,1
9d3vl96l,j0nw9rm8,o6gl3mnd,9d8g467k,nwlox1gw,2
9d3vl96l,j0nw9rm8,9d3vl96l,wkp5vzvd,r9gl3xkw,4
9d3vl96l,j0nw9rm8,w6jl534d,n2ygn7m2,None,4
9d3vl96l,j0nw9rm8,v1pejmd8,wkp11wjk,rdqj7m29,4
9d3vl96l,j0nw9rm8,pd0w2o21,rkljl16d,None,9
9d3vl96l,j0nw9rm8,9d3j006l,vdo4gjv2,None,15
9d3vl96l,j0nw9rm8,v1pejmd8,wkp11wjk,ewpe0nk9,24
9d3vl96l,j0nw9rm8,v1pejmd8,wkp11wjk,5d74z4qd,30
9d3vl96l,j0nw9rm8,v1pejmd8,wkpqnggd,5d74z4qd,77
9d3vl96l,j0nw9rm8,v1pejmd8,wkpqnggd,ldyy4rzd,360
9d3vl96l,j0nw9rm8,9d3vl96l,7dg8op42,None,32
9d3vl96l,j0nw9rm8,w6jl534d,n2ygn7m2,None,5
9d3vl96l,j0nw9rm8,w6jl534d,9kv9rj02,None,2
9d3vl96l,j0nw9rm8,w6jl534d,xk9vx86d,None,1
9d3vl96l,j0nw9rm8,w6jl534d,xk9vx86d,None,1
9d3vl96l,j0nw9rm8,w6jl534d,9kv9rj02,None,2
9d3vl96l,j0nw9rm8,w6jl534d,5dwgn6ek,xd04qk0w,1
9d3vl96l,j0nw9rm8,w6jl534d,n2ygn9z2,xd04qk0w,1
9d3vl96l,j0nw9rm8,w6jl534d,5dwgn6ek,owo30zjw,1
9d3vl96l,j0nw9rm8,w6jl534d,n2ygn9z2,owo30zjw,1
9d3vl96l,j0nw9rm8,w6jl534d,5dwgn6ek,rdqnjxod,1
9d3vl96l,j0nw9rm8,w6jl534d,5dwgn6ek,xd4k200w,1
9d3vl96l,j0nw9rm8,w6jl534d,n2ygn9z2,xd4k200w,1
9d3vl96l,8v59z7vj,9d3vl96l,7dg8op42,None,39
9d3vl96l,8v59z7vj,yd4ovvg1,9kv7jy8k,z98m63lw,9
9d3vl96l,816zdrpx,9d3vl96l,z27gx4o2,None,34
9d3vl96l,8geo7kpj,9d3vl96l,7dg8op42,None,7
9d3vl96l,8geo7kpj,pd0wjp21,7dgnq742,None,5
9d3vl96l,j26mwq7x,9d3vl96l,7dg8op42,None,14
9d3vl96l,j9rew77j,9d3vl96l,7dg8op42,None,57
9d3vl96l,8r74ngwj,9d3vl96l,7dg8op42,None,4
9d3vl96l,8r74ngwj,3dxk2251,rkl9r86k,None,1
9d3vl96l,8r74ngwj,3dxk2251,rkl9r86k,None,1
9d3vl96l,8r74ngwj,3dxk2251,w2083eod,None,3
9d3vl96l,8r74ngwj,3dxk2251,vdoz1p9k,None,1
9d3vl96l,5j5nqr6j,9d3vl96l,7dg8op42,None,3
9d3vl96l,5j5nqr6j,9d3vl96l,wk6plepd,None,3
9d3vl96l,5j5nqr6j,9d3vl96l,n2yqy91k,None,3
9d3vl96l,5j5nqr6j,k6q9jm1g,q25jogdo,None,1
9d3vl96l,5j5nqr6j,k6q9jm1g,q25jogdo,None,1
9d3vl96l,5j5nqr6j,o1y9j9v6,7kjpl1gk,None,1357
9d3vl96l,5j5nqr6j,9d3vl96l,xd1394wk,None,1
9d3vl96l,5j5nqr6j,46w33zl1,9kv8m4jd,None,2
9d3vl96l,5j5nqr6j,9d3vl96l,7dgg5jgd,None,3
9d3vl96l,5j5nqr6j,m1mxxrx6,jdz8el3d,None,2
9d3vl96l,5j5nqr6j,46w33zl1,wk6oeeqk,592evgo9,1
9d3vl96l,5j5nqr6j,46w33zl1,9d86xpq2,None,1
9d3vl96l,5j5nqr6j,9d3vl96l,wkp5vzvd,o9xgl41d,2
9d3vl96l,5j5nqr6j,9d3vl96l,7kjvn8zk,None,2
9d3vl96l,5j5nqr6j,9d3vl96l,wk6plepd,None,2
9d3vl96l,5j5nqr6j,46w33zl1,wdm63yok,None,1
9d3vl96l,5j5nqr6j,9d3vl96l,q25489gd,None,3
9d3vl96l,5j5nqr6j,9d3vl96l,7kjvn8zk,None,3
9d3vl96l,5j5nqr6j,46w33zl1,wkp3x4w2,None,1
9d3vl96l,5j5nqr6j,9d3vl96l,wkp5vzvd,69z542o9,2
9d3vl96l,5j5nqr6j,9d3vl96l,wkp5vzvd,o9xgl41d,2
9d3vl96l,5j5nqr6j,pd0jx06e,z277w902,None,2
9d3vl96l,5j5nqr6j,9d3vl96l,n2yqy91k,None,3
9d3vl96l,5j5nqr6j,46w33zl1,5dw59w0d,None,4
9d3vl96l,5j5nqr6j,46w33zl1,wdm63yok,None,1
9d3vl96l,5j5nqr6j,9d3vl96l,wkp5vzvd,ywey85rd,3
9d3vl96l,5j5nqr6j,46w33zl1,xk9e7oy2,None,1
9d3vl96l,5j5nqr6j,46w33zl1,xk9e7oy2,None,3
9d3vl96l,5j5nqr6j,pdvznzr6,824r35md,None,109
9d3vl96l,5j5nqr6j,m1mxlv46,z27r9p4d,None,6
9d3vl96l,5j5nqr6j,9d3vl96l,wkp5vzvd,r9gl3xkw,3
9d3vl96l,5j5nqr6j,j1nq3e1p,n2y10q82,None,2
9d3vl96l,5j5nqr6j,nd2eqrd0,z276lzd0,None,37
9d3vl96l,5j5nqr6j,nd2eqrd0,n2yjl0z2,None,37
9d3vl96l,5j5nqr6j,9d3vl96l,wkp5vzvd,o9xgl41d,2
9d3vl96l,5j5nqr6j,9d3vl96l,7dg8op42,None,4
9d3vl96l,5j5nqr6j,46w33zl1,xk9e7oy2,None,3
9d3vl96l,5j5nqr6j,46w33zl1,jdz6zgv2,None,1
9d3vl96l,5j5nqr6j,46w33zl1,xk9e7oy2,None,2
9d3vl96l,5j5nqr6j,46w33zl1,jdz6zgv2,None,1
9d3vl96l,y8dkn5gj,9d3vl96l,z27gx4o2,None,7
9d3vl96l,y8dkn5gj,pdvznzr6,824r35md,None,98
9d3vl96l,y8dkn5gj,pd0w2o21,rkljl16d,None,122
9d3vl96l,y8dkn5gj,9d3vl96l,wkp5vzvd,r9gl3xkw,9
9d3vl96l,y8dkn5gj,9d3vl96l,z27gx4o2,None,26
9d3vl96l,kjp9y7y8,j1neg91p,wdm4wxdq,None,29
9d3vl96l,kjp9y7y8,pd08wv1e,vdoqv7yk,None,7
9d3vl96l,kjp9y7y8,om1mw4d2,jzd33ndn,None,947
9d3vl96l,kjp9y7y8,pd0wewv1,q25my08d,None,3
9d3vl96l,kjp9y7y8,j1neg91p,02q5yz2y,None,6
9d3vl96l,kjp9y7y8,9d3vl96l,z27gx4o2,None,18
9d3vl96l,8v5070ej,kdkokl6m,jdroowld,ewpqvkk9,4
9d3vl96l,8v5070ej,kdkokl6m,jdroowld,ldy2n5zw,2
9d3vl96l,8v5070ej,kdkokl6m,jdroowld,n93ovne9,2
9d3vl96l,8v5070ej,kdkokl6m,jdroowld,xd4x4yp9,2
9d3vl96l,8v5070ej,kdkokl6m,jdroowld,z98nyzl9,3
9d3vl96l,8v5070ej,kdkokl6m,n2yjry82,n9374xzd,1
9d3vl96l,8v5070ej,kdkokl6m,jdroowld,gdr2m8z9,2
9d3vl96l,8v5070ej,kdkokl6m,jdroowld,29v24lnd,2
9d3vl96l,8v5070ej,kdkokl6m,jdroowld,rdnn6lvd,2
9d3vl96l,8v5070ej,kdkokl6m,jdroowld,ewpxx4kd,2
9d3vl96l,8v5070ej,4d7eyz67,5dw65je2,None,202
9d3vl96l,8v5070ej,j1neonl1,824jmpm2,592rvk7d,1
9d3vl96l,8v5070ej,v1po47m6,n2y9qlmd,495mok3w,1
9d3vl96l,8v5070ej,v1po47m6,7kj8v04d,495mok3w,1
9d3vl96l,8v5070ej,v1po47m6,xk9e0z62,495mok3w,2
9d3vl96l,8v5070ej,v1po47m6,xd14ro8d,495mok3w,1
9d3vl96l,8v5070ej,v1po47m6,w20xp9v2,None,2
9d3vl96l,8v5070ej,v1po47m6,9d8ep8qd,None,2
9d3vl96l,8v5070ej,v1po47m6,wdmvzpxd,None,4
9d3vl96l,8v5070ej,v1po47m6,vdox0e1d,None,2
9d3vl96l,8v5070ej,v1po47m6,wdmvzpxd,None,2
9d3vl96l,8v5070ej,kdkokl6m,jdroowld,xd151eew,3
9d3vl96l,8v5070ej,kdkokl6m,jdroowld,owo665ow,2
9d3vl96l,8v5070ej,m1mk0kd2,02q874y2,None,2
9d3vl96l,8v5070ej,v1pooe86,7dgrxepk,None,4
9d3vl96l,8v5070ej,v1pooe86,q25qgzg2,None,1
9d3vl96l,8v5070ej,kdkokl6m,jdroowld,ywe553yw,4
9d3vl96l,8v5070ej,kdkokl6m,jdroowld,rdq77ok9,3
9d3vl96l,8v5070ej,m1mk0kd2,jdzpolgk,None,2
9d3vl96l,8v5070ej,9d3lrydl,q25o758k,None,53
9d3vl96l,8v5070ej,9d3lrydl,q25o758k,None,53
9d3vl96l,8v5070ej,kdkokl6m,jdroowld,y9mxx45w,3
9d3vl96l,8v5070ej,lde5ljd3,xd1lxezk,None,5
9d3vl96l,8v5070ej,9d3vl96l,n2yqy91k,None,9
9d3vl96l,8v5070ej,9d3vl96l,z27gx4o2,None,5
9d3vl96l,8v5070ej,9d3vl96l,wkp5vzvd,r9gl3xkw,8
9d3vl96l,8v5070ej,9d3vl96l,wkp5vzvd,69z542o9,6
9d3vl96l,8v5070ej,9d3vl96l,7dg8op42,None,55
9d3vl96l,8v5070ej,k6qeem6g,xd13nnrk,None,10
9d3vl96l,8v5070ej,k6qeem6g,rkle11q2,None,9
9d3vl96l,8v5070ej,kdkokl6m,jdroowld,rw638l7w,2
9d3vl96l,8v5070ej,kdkokl6m,jdroowld,z988lvg9,11
9d3vl96l,8v5070ej,y657q0de,vdoqyw9k,None,13
9d3vl96l,8v5070ej,kdkokl6m,jdroowld,5d744xgd,3
9d3vl96l,8lp725vj,9d3vl96l,7dg8op42,None,67
9d3vl96l,8w12gvzx,9d3vl96l,z27gx4o2,None,30
9d3vl96l,8w12gvzx,268w9q76,zdnzqy7d,None,22
9d3vl96l,8w12gvzx,j1n8y9l1,9d8ly9w2,None,9
9d3vl96l,8r7zqo3j,46w33zl1,9d86xpq2,None,3
9d3vl96l,8r7zqo3j,46w33ln1,jdrxv0ld,None,10
9d3vl96l,8r7zqo3j,46w33zl1,9d86xpq2,None,4
9d3vl96l,8r7zqo3j,9d3vl96l,7kjvn8zk,None,5
9d3vl96l,j0vp6mwx,9d3vl96l,z27gx4o2,None,14
9d3vl96l,j0vp6mwx,j1lqnlj6,jdzlv7v2,69z751ow,2
9d3vl96l,j0vp6mwx,j1lqnlj6,jdzlv7v2,z98p3xlw,4
9d3vl96l,jp4z7m2j,ldewjld3,rklrwv8k,None,198
9d3vl96l,jp4z7m2j,9d3vl96l,7dg8op42,None,12
9d3vl96l,jp4z7m2j,46w33zl1,5dw59w0d,None,4
9d3vl96l,jp4z7m2j,9d3vl96l,7dg8op42,None,13
9d3vl96l,jp4z7m2j,46w0n91r,wkpq9pjd,None,102
9d3vl96l,8l03zp48,9d3vl96l,wkp5vzvd,o9xgl41d,8
9d3vl96l,8l03zp48,xv1pg718,xw20x52n,None,95
9d3vl96l,8l03zp48,xv1pg718,xw20x52n,None,32
9d3vl96l,8l03zp48,j1l7x4dg,02q6opky,None,24
9d3vl96l,xz1mvo4j,46w33zl1,ndx317vd,None,1
9d3vl96l,xz1mvo4j,o1yjokr1,jdrn6ylk,None,12
9d3vl96l,xz1mvo4j,o1yjq3v1,9d8yyo3k,None,7
9d3vl96l,xz1mvo4j,9d3vl96l,n2yqy91k,None,3
9d3vl96l,j5qn4nwj,9d3vl96l,z27gx4o2,None,15
9d3vl96l,8rly9z68,9d3vl96l,z27gx4o2,None,27
9d3vl96l,8e6dgm7j,9d3vl96l,xk90megk,None,3
9d3vl96l,x3wlk6ej,9d3vl96l,z27gx4o2,None,13
9d3vl96l,x3wlk6ej,pdvywrdw,q257mrjd,None,40
9d3vl96l,18q0130j,yd4km056,mkevj4n2,None,1
9d3vl96l,18q0130j,o1y9w8v6,xk9x4yvk,None,2
9d3vl96l,18q0130j,46w0n91r,w20ern8d,None,5
9d3vl96l,18q0130j,o1y9w8v6,xk9x4yvk,None,8
9d3vl96l,18q0130j,k6q9jm1g,zdnzwxdq,None,1
9d3vl96l,18q0130j,yd4km056,7dgx56lk,None,1
9d3vl96l,18q0130j,9d3vl96l,7dg8op42,None,3
9d3vl96l,18q0130j,yd4km056,wkp9q382,None,1
9d3vl96l,18q0130j,j1np9e6p,n2y11pe2,None,1
9d3vl96l,18q0130j,yd4km056,wkp9q382,None,1
9d3vl96l,18q0130j,yd4km056,wkp9q382,None,1
9d3vl96l,18q0130j,yd4km056,wkp9q382,None,1
9d3vl96l,18q0130j,k6q9jm1g,xk98yxv2,None,1
9d3vl96l,18q0130j,yd4km056,wkp9q382,None,1
9d3vl96l,18q0130j,k6q9jm1g,xd17vw4d,None,1
9d3vl96l,18q0130j,k6q9jm1g,9d8g906k,None,1
9d3vl96l,18q0130j,k6q9jm1g,9d8g906k,None,1
9d3vl96l,18q0130j,k6q9jm1g,mke4jgx2,None,1
9d3vl96l,18q0130j,yd4km056,z27m34o2,None,1
9d3vl96l,18q0130j,yd4km056,mkevj4n2,None,1
9d3vl96l,18q0130j,yd4km056,mkevj4n2,None,1
9d3vl96l,18q0130j,yd4km056,mkevj4n2,None,1
9d3vl96l,18q0130j,yd4km056,wkp9q382,None,1
9d3vl96l,18q0130j,yd4km056,5dw9y602,None,1
9d3vl96l,18q0130j,yd4km056,wkp9q382,None,1
9d3vl96l,18q0130j,yd4km056,z27m34o2,None,1
9d3vl96l,18q0130j,yd4km056,7dgx56lk,None,1
9d3vl96l,18q0130j,yd4km056,wk6076ek,None,1
9d3vl96l,18q0130j,j1np9e6p,n2y11pe2,None,1
9d3vl96l,18q0130j,k6q9jm1g,zdnzwxdq,None,1
9d3vl96l,18q0130j,k6q9jm1g,q25jogdo,None,2
9d3vl96l,18q0130j,k6q9jm1g,q25jogdo,None,2
9d3vl96l,18q0130j,j1np9e6p,mkex49d6,None,1
9d3vl96l,18q0130j,k6q9jm1g,xd17vw4d,None,1
9d3vl96l,18q0130j,k6q9jm1g,q25301jk,None,1
9d3vl96l,18q0130j,o1y97wv6,z27ro4gd,5wkne15w,1
9d3vl96l,18q0130j,k6q9jm1g,q25301jk,None,1
9d3vl96l,18q0130j,26843kdp,xd170e4d,None,16
9d3vl96l,18q0130j,o6gmx562,wkp1ln0k,None,12
9d3vl96l,18q0130j,9d3rn00d,ndx45152,None,28
9d3vl96l,18q0130j,76r70q18,xd1ml7rd,None,40
9d3vl96l,18q0130j,o1y9wo6q,n2y55mko,None,3186
9d3vl96l,18q0130j,4pd04v6e,ndx89zok,ywe45yyd,7
9d3vl96l,18q0130j,4pd04v6e,ndx89zok,z98j73gw,13
9d3vl96l,xyl3ronj,9d3vl96l,7dg8op42,None,45
9d3vl96l,xyl3ronj,9d3vl96l,7dg8op42,None,36
9d3vl96l,j26mqyox,9d3vl96l,7dg8op42,None,45
9d3vl96l,8w14dovx,9d3vl96l,wk6plepd,None,9
9d3vl96l,8w14dovx,9d3vl96l,7dg8op42,None,65
9d3vl96l,j5qrdynj,9d3vl96l,7dg8op42,None,27
9d3vl96l,xkodpwm8,x369701l,02q7npyd,None,3
9d3vl96l,xkodpwm8,9j1l9v1g,37dgn724,None,78
9d3vl96l,xkodpwm8,9d3vjg6l,9d85zl3d,None,8
9d3vl96l,xkodpwm8,9d3vjg6l,mkewlo8k,rw6vmr69,4
9d3vl96l,xkodpwm8,9d3vjg6l,mkewlo8k,n930m8r9,2
9d3vl96l,xkodpwm8,9d3vjg6l,mkewlo8k,z98jme1w,3
9d3vl96l,xkodpwm8,9d3vjg6l,mkewlo8k,rdn5ql5d,3
9d3vl96l,xkodpwm8,9d3vjg6l,mkewlo8k,ldye35pw,4
9d3vl96l,xkodpwm8,9d3vjg6l,vdo45x12,r9gz7jjd,5
9d3vl96l,xkodpwm8,9d3vjg6l,mkewlo8k,ewpp8zyw,3
9d3vl96l,xkodpwm8,4pd02v1e,p7kj3n23,None,80
9d3vl96l,xkodpwm8,x369701l,9zdn0e2q,None,4
9d3vl96l,xkodpwm8,576rje18,lvdo8ykp,None,106
9d3vl96l,xkodpwm8,y65r071e,rkle9482,ewppe2kw,1
9d3vl96l,xkodpwm8,y65r071e,rkle9482,kwjy3gnw,2
9d3vl96l,xkodpwm8,o1ygek1q,9kvjevjk,None,7
9d3vl96l,xkodpwm8,9j1l9v1g,7wk6nq21,None,108
9d3vl96l,xkodpwm8,j1nep9e1,zdn45eek,None,4
9d3vl96l,xkodpwm8,9j1l9v1g,w5dw4ekg,None,68
9d3vl96l,xkodpwm8,9j1l9v1g,pmke98d6,None,121
9d3vl96l,xkodpwm8,576rje18,9kvxrv82,None,70
9d3vl96l,xkodpwm8,4pd02v1e,xn2yozdo,None,56
9d3vl96l,xkodpwm8,x369701l,nxd15w28,None,4
9d3vl96l,xkodpwm8,y65r071e,9kvjq53k,y9meym5d,1
9d3vl96l,xkodpwm8,y65r071e,9kvjq53k,5wk28m2w,1
9d3vl96l,xkodpwm8,j1llvev1,jdrrw8xd,o9x3v479,2
9d3vl96l,xkodpwm8,y65r071e,9kvjq53k,kwjy3gnw,3
9d3vl96l,xkodpwm8,y65r071e,9kvjq53k,rw6vr7r9,1
9d3vl96l,xkodpwm8,x369701l,wz27r0d0,None,12
9d3vl96l,xkodpwm8,76rx9gv6,wdmwg5e2,None,3
9d3vl96l,xkodpwm8,576rje18,ndx551kq,kwjzkn9g,39
9d3vl96l,xkodpwm8,x369701l,5dw66n2g,rdnz8qdm,3
9d3vl96l,xkodpwm8,4pdvgodw,9d8xl62n,None,323
9d3vl96l,xkodpwm8,y65r071e,zd3x9rdn,None,11
9d3vl96l,xkodpwm8,4pdvgodw,xd1l57k8,None,187
9d3vl96l,xkodpwm8,y65r071e,rkle9482,29vyj839,2
9d3vl96l,xkodpwm8,y65r071e,rklrj38k,None,2
9d3vl96l,xkodpwm8,y65r071e,9kvjq53k,n9308xn9,3
9d3vl96l,xkodpwm8,y65r071e,n2yeov1k,ewppe2kw,1
9d3vl96l,xkodpwm8,y65r071e,rkle9482,592j36ow,3
9d3vl96l,xkodpwm8,y65r071e,n2yeov1k,5wk28m2w,1
9d3vl96l,xkodpwm8,576rje18,7wkp1gkr,None,189
9d3vl96l,xkodpwm8,y65r071e,n2yeov1k,y9meym5d,1
9d3vl96l,xkodpwm8,y65r071e,rkle9482,5wk28m2w,1
9d3vl96l,xkodpwm8,y65r071e,rkle9482,y9meym5d,1
9d3vl96l,xkodpwm8,y65r071e,n2yeov1k,xd46n529,3
9d3vl96l,xkodpwm8,y65r071e,9kvjq53k,xd46n529,4
9d3vl96l,xkodpwm8,x369701l,nxd15w28,None,5
9d3vl96l,xkodpwm8,x369701l,wk6eer21,gdrxl6dz,4
9d3vl96l,xkodpwm8,x369701l,5dw66n2g,gdrxl6dz,4
9d3vl96l,xkodpwm8,x369701l,5dw66n2g,ldyg6kd3,4
9d3vl96l,xkodpwm8,76r397e6,wdm58p42,None,4
9d3vl96l,xkodpwm8,y65r071e,9kvjq53k,owokljod,8
9d3vl96l,xkodpwm8,m1zjg360,jdrqno0k,xd1j66zd,5
9d3vl96l,xkodpwm8,m1zjg360,02qgrmzd,xd1j66zd,3
9d3vl96l,xkodpwm8,y65r071e,9kvjq53k,ewppe2kw,1
9d3vl96l,xkodpwm8,y6547ged,7kj88v4d,None,12
9d3vl96l,xkodpwm8,y6547ged,7kj88v4d,None,23
9d3vl96l,xkodpwm8,o1y9wo6q,n2y55mko,None,1040
9d3vl96l,xkodpwm8,y655j36e,vdozvykp,None,66
9d3vl96l,xkodpwm8,y65r071e,9kvjq53k,29vyj839,3
9d3vl96l,xkodpwm8,y65r071e,9kvjq53k,xd00lexd,4
9d3vl96l,xkodpwm8,y65r071e,rkle9482,owokljod,4
9d3vl96l,xkodpwm8,y65r071e,rkle9482,xd46n529,3
9d3vl96l,xkodpwm8,9d3vl96l,7dg8op42,None,36
9d3vl96l,xkodpwm8,y6547ged,02qmmgyd,None,10
9d3vl96l,xkodpwm8,576rje18,xd1mwy4d,None,42
9d3vl96l,xkodpwm8,y65r071e,n2yeov1k,kwjy3gnw,2
9d3vl96l,xkodpwm8,y6547ged,xk9ee062,None,42
9d3vl96l,xkodpwm8,j1neonl1,02qm8jjd,None,5
9d3vl96l,xkodpwm8,j1ll8jv1,rkljox8d,None,111
9d3vl96l,xkodpwm8,o1y9pyk6,mke9xe9d,ldy3yyk9,6
9d3vl96l,xkodpwm8,o1y9pyk6,mke9xe9d,n93l7279,6
9d3vl96l,xkodpwm8,o1y9pyk6,mke9xe9d,rdqn141d,112
9d3vl96l,xkodpwm8,o1y9pyk6,mke9xe9d,yweq11yw,10
9d3vl96l,xkodpwm8,o1y9pyk6,mke9xe9d,kwjve4zw,5
9d3vl96l,xkodpwm8,o1y9pyk6,mke9xe9d,ewp8q4z9,16
9d3vl96l,xkodpwm8,o1y9pyk6,mke9xe9d,5d7e0vvw,1053
9d3vl96l,xkodpwm8,m1z8yz10,02q84zp2,None,88
9d3vl96l,8w9y11vj,29d3z91l,02qjrpdy,None,32
9d3vl96l,8w9y11vj,9d3vl96l,7dg8op42,None,42
9d3vl96l,8d0r6e9x,9d3vl96l,7dg8op42,None,25
9d3vl96l,xyryngnj,m1zjg926,wk6n5xx2,None,63
9d3vl96l,xyryngnj,4d7nqx36,wk6r16rk,None,25
9d3vl96l,xyryngnj,46w25v76,z27vgm52,None,35
9d3vl96l,xyryngnj,46w25v76,n2ynq0zk,None,8
9d3vl96l,xyryngnj,76r3lrq6,zdnyq99k,None,3
9d3vl96l,xyryngnj,46w25v76,xk9x0qyk,None,4
9d3vl96l,xyryngnj,76r3lrq6,jdrnp45k,None,9
9d3vl96l,xyryngnj,w6j7vpx6,z27weg5k,None,14
9d3vl96l,xyryngnj,w6j7vpx6,z27weg5k,None,377
9d3vl96l,xyryngnj,w6j7go56,q25xnqjk,ywe0yqy9,2
9d3vl96l,xyryngnj,w6j7go56,5dw9l552,None,2
9d3vl96l,xyryngnj,9d3vl96l,z27gx4o2,None,6
9d3vl96l,xyryngnj,9d3vl96l,7dg8op42,None,7
9d3vl96l,jm3zp5n8,9d3vl96l,wkp5vzvd,ywey85rd,7
9d3vl96l,8l4w117j,9d3vl96l,wk6plepd,None,8
9d3vl96l,8l4w117j,9do8xqo1,z27w7y5k,xd0prq1w,2
9d3vl96l,8l4w117j,9d38x4g1,jdr83yxk,None,8
9d3vl96l,8l4w117j,3dxke2p1,q259e0yk,None,7
9d3vl96l,8l4w117j,pd0w2o21,rkljl16d,None,93
9d3vl96l,8l4w117j,pd0w0xv1,w20qww5d,None,2
9d3vl96l,8l4w117j,pd0w0xv1,z27worok,None,3
9d3vl96l,8l4w117j,pd0w0xv1,jdzl88v2,None,1
9d3vl96l,8l4w117j,pd0w0xv1,vdo5oovk,None,1
9d3vl96l,8l4w117j,nd22ved0,xd1vmm7d,None,35
9d3vl96l,8l4w117j,pd0w0xv1,jdz6v532,None,5
9d3vl96l,8l4w117j,pd0w0xv1,5dw15ylk,None,2
9d3vl96l,8l4w117j,pd0w0xv1,wdm5wwo2,None,2
9d3vl96l,8l4w117j,pd0w0xv1,jdrrxxxd,None,2
9d3vl96l,8l4w117j,nd22ved0,w20pn98k,None,10
9d3vl96l,8l4w117j,pd0w0xv1,wkp5oowd,None,2
9d3vl96l,8l4w117j,lde3m2x6,9kvm0wok,None,22
9d3vl96l,8l4w117j,nd22ved0,w20pn98k,None,12
9d3vl96l,8l4w117j,nd22ved0,w20pn98k,None,20
9d3vl96l,8l4w117j,nd22ved0,w20pn98k,None,45
9d3vl96l,8l4w117j,9d3rn00d,7dg60pgk,rdnqoend,15
9d3vl96l,8l4w117j,pd0w3721,q25g49jd,None,8
9d3vl96l,8l4w117j,kdkrne6m,xd1r3q4k,None,23
9d3vl96l,8l4w117j,kdkrne6m,xk9pr04d,None,6
9d3vl96l,8l4w117j,nd2e4lqd,xk9xp5gk,None,4
9d3vl96l,8l4w117j,nd2e4lqd,mkex54jd,None,2
9d3vl96l,8l4w117j,46wwol6r,wdmz59x2,None,8
9d3vl96l,8l4w117j,v1pyjp18,5dw995e2,None,2
9d3vl96l,8l4w117j,v1pyjp18,wk6em6e2,None,16
9d3vl96l,8l4w117j,o6glpn5d,8248313k,None,8
9d3vl96l,8l4w117j,268ew4o6,wdmw7v42,None,5
9d3vl96l,8l4w117j,3dxqm51y,q25ojewk,None,36
9d3vl96l,8l4w117j,v1pe7zd8,9d8pyeqk,None,7
9d3vl96l,8l4w117j,9dor97dp,zdn1ewqk,xd1xnx69,5
9d3vl96l,8l4w117j,m1zv8260,vdo0rovd,y9m5zzzd,4
9d3vl96l,8l4w117j,pdv8qo6w,jdz3gvv2,rdqzqkod,2
9d3vl96l,8l4w117j,268ezg76,ndx1gq12,z98nvxr9,2
9d3vl96l,8l4w117j,w6jmm26j,8246xjgd,69z3n2xd,13
9d3vl96l,8l4w117j,w6jmm26j,9d86pe32,69z3n2xd,8
9d3vl96l,8l4w117j,w6jmm26j,8246xjgd,69z3n2xd,12
9d3vl96l,8l4w117j,v1p527d8,w201z5ok,592oj1rd,6
9d3vl96l,8l4w117j,9d33xedl,9kvpv4jk,xd408rp9,11
9d3vl96l,8l4w117j,pdv2wwk6,zd3rwp8d,None,40
9d3vl96l,8l4w117j,3dxke2p1,7kj785nk,None,27
9d3vl96l,8l4w117j,9d33xedl,02qw7z2y,None,58
9d3vl96l,8l4w117j,o1yj5mo1,8248mzwk,None,23
9d3vl96l,8l4w117j,w6j7vpx6,z27weg5k,None,1174
9d3vl96l,8l4w117j,o1yxkk6q,wkpvl4wk,None,87
9d3vl96l,8l4w117j,3dxke2p1,7kj785nk,None,7
9d3vl96l,8l4w117j,3dxke2p1,z2794p0d,None,5
9d3vl96l,8l4w117j,k6q490zd,wk6791xd,None,4
9d3vl96l,8l4w117j,9do8o7e1,jdrnjmxk,None,2
9d3vl96l,8l4w117j,3dxke2p1,q259e0yk,None,4
9d3vl96l,8l4w117j,3dxke2p1,7kj785nk,None,8
9d3vl96l,8l4w117j,3dxke2p1,z2794p0d,None,18
9d3vl96l,8l4w117j,3dxke2p1,z2794p0d,None,8
9d3vl96l,8l4w117j,yo1y7o1q,5dwjnlkg,None,49
9d3vl96l,8l4w117j,v1pyjp18,wk6em6e2,None,6
9d3vl96l,8l4w117j,9d3vl96l,z27gx4o2,None,12
9d3vl96l,8l4w117j,v1pyjp18,wk6em6e2,None,49
9d3vl96l,8l4w117j,369p7el1,zd3wng8k,None,11
9d3vl96l,8l4w117j,369p7el1,wdm8wpe2,None,39
9d3vl96l,8l4w117j,kdkzzmxd,7kj88xgd,None,6
9d3vl96l,8l4w117j,9d3vl96l,wk6plepd,None,10
9d3vl96l,8l4w117j,9d3vl96l,7dg8op42,None,65
9d3vl96l,8l4w117j,9d3vl96l,wkp5vzvd,o9xgl41d,8
9d3vl96l,8l4w117j,o1yxkk6q,n2yj5e82,None,211
9d3vl96l,8l4w117j,3dx2j9y1,wkpooxj2,None,35
9d3vl96l,8l4w117j,nd2eeeqd,7kjp13nk,None,10
9d3vl96l,8l4w117j,268ew4o6,vdoonxod,None,3
9d3vl96l,8l4w117j,kdkmp7e1,02qe0n92,5d70g4q9,7
9d3vl96l,8l4w117j,76rxjlv6,z27o3e4d,None,2
9d3vl96l,8l4w117j,268ew4o6,mkez7l9k,None,1
9d3vl96l,8l4w117j,76rxjlv6,wk6o1gok,None,8
9d3vl96l,8l4w117j,46w39yl1,wkprr4j2,rw6683pw,5
9d3vl96l,8l4w117j,268ew4o6,w20w5xzd,None,8
9d3vl96l,8l4w117j,9d3yxg6l,7kjvyo3k,None,5
9d3vl96l,8l4w117j,yd4o2gw1,mkelvpnd,None,6
9d3vl96l,8l4w117j,2685896p,mkeqe7jk,o9x45j3d,3
9d3vl96l,8l4w117j,kdkz4v2d,jdz6e8g2,None,17
9d3vl96l,8l4w117j,nd28w7qd,9d8y6j3k,None,2
9d3vl96l,8l4w117j,j1lq2446,wkpn8egd,None,5
9d3vl96l,8l4w117j,j1lq2446,vdoyrgy2,None,2
9d3vl96l,8l4w117j,j1lq2446,wdmrno5k,None,5
9d3vl96l,8l4w117j,46w30p71,ndx5n0rk,ywe38qr9,14
9d3vl96l,8l4w117j,kdkmgnq1,w205p65d,None,7
9d3vl96l,8l4w117j,k6qwwr96,wk6055xk,None,13
9d3vl96l,8l4w117j,369pge01,5dw818gd,None,3
9d3vl96l,8l4w117j,369pge01,5dw818gd,None,6
9d3vl96l,8l4w117j,369pge01,5dw818gd,None,3
9d3vl96l,8l4w117j,pd0w79v1,jdr7r102,None,4
9d3vl96l,8l4w117j,pd0w79v1,jdr7r102,None,3
9d3vl96l,8l4w117j,pd0w79v1,jdr7r102,None,5
9d3vl96l,8l4w117j,pd0w79v1,jdr7r102,None,3
9d3vl96l,8l4w117j,pd0w79v1,jdr7r102,None,2
9d3vl96l,8l4w117j,pd0w79v1,jdr7r102,None,2
9d3vl96l,8l4w117j,pd0w79v1,jdr7r102,None,7
9d3vl96l,8l4w117j,pd0w79v1,jdr7r102,None,6
9d3vl96l,8l4w117j,pd0w79v1,jdr7r102,None,9
9d3vl96l,8l4w117j,o1y9m226,7dg6xmpk,None,7
9d3vl96l,8l4w117j,pd0w79v1,w20yqwzk,None,5
9d3vl96l,8l4w117j,j1lq2446,5dwnmved,None,2
9d3vl96l,8l4w117j,y654024d,w20yyq5k,None,4
9d3vl96l,8l4w117j,kdkzjkqd,824rr8gd,None,5
9d3vl96l,8l4w117j,kdkz852d,mkeryp6d,None,9
9d3vl96l,8l4w117j,kdkz852d,wkpgng8k,None,1
9d3vl96l,8l4w117j,kdkz852d,7dg1y1ld,None,1
9d3vl96l,8l4w117j,76rx9z46,jdzvp1xk,None,5
9d3vl96l,8l4w117j,o6glpn5d,q2516gvd,None,2
9d3vl96l,8l4w117j,o6glpn5d,8248313k,None,6
9d3vl96l,8l4w117j,o6glpn5d,8248313k,None,3
9d3vl96l,8l4w117j,46w3m2n1,xk9vznxd,None,7
9d3vl96l,8l4w117j,4d7920n1,xk9vzp6d,None,1
9d3vl96l,8l4w117j,4d7920n1,mkeygzj2,None,2
9d3vl96l,8l4w117j,v1pooq46,jdz8wgrd,None,3
9d3vl96l,8l4w117j,o6gxkxd2,mkejoz82,None,2
9d3vl96l,8l4w117j,o6gxkxd2,ndxwg5kq,None,2
9d3vl96l,8l4w117j,o6gxkxd2,xd131l8k,None,1
9d3vl96l,8l4w117j,o6gxkxd2,9kvpqrjk,None,6
9d3vl96l,8l4w117j,pdveg46w,ndx8owjk,None,72
9d3vl96l,8l4w117j,v1pooq46,jdz8wgrd,None,8
9d3vl96l,8l4w117j,9d38w01l,7dg8yv72,owo7l8v9,10
9d3vl96l,8l4w117j,9d38w01l,7dg8yv72,y9m5y0ld,16
9d3vl96l,8l4w117j,9d38w01l,7dg8yv72,xd0kl109,19
9d3vl96l,8l4w117j,9d38w01l,7dg8yv72,59203mgd,13
9d3vl96l,8l4w117j,9d38w01l,7dg8yv72,z98re3gd,28
9d3vl96l,8l4w117j,9d38w01l,7dg8yv72,ewp7enlw,13
9d3vl96l,8l4w117j,9d38w01l,7dg8yv72,rw6qr1nd,8
9d3vl96l,8l4w117j,9d38w01l,7dg8yv72,xd1j6pqd,8
9d3vl96l,8l4w117j,9d38w01l,7dg8yv72,5wkk805w,10
9d3vl96l,8l4w117j,9d38w01l,7dg8yv72,rdq11y29,17
9d3vl96l,8l4w117j,9d38w01l,7dg8yv72,gdrpgn6w,8
9d3vl96l,8l4w117j,9d38w01l,7dg8yv72,n93q81nw,7
9d3vl96l,8l4w117j,9d38w01l,7dg8yv72,ywe4q0qd,7
9d3vl96l,8l4w117j,9d38w01l,7dg8yv72,ldy1jxjd,8
9d3vl96l,8l4w117j,9d38w01l,7dg8yv72,n93q817w,16
9d3vl96l,8l4w117j,9d38w01l,7dg8yv72,y9m5280d,9
9d3vl96l,8l4w117j,4d795gn1,7dg0qw7k,None,10
9d3vl96l,8l4w117j,j1llwz1g,9d86ql2n,None,117
9d3vl96l,8l4w117j,9dowj31p,02q8z972,None,6
9d3vl96l,8l4w117j,9dowj31p,824m4le2,None,3
9d3vl96l,8l4w117j,9dowj31p,824m4le2,None,4
9d3vl96l,8l4w117j,9dowj31p,02q8z972,None,10
9d3vl96l,8l4w117j,9dowj31p,824m4le2,None,4
9d3vl96l,8l4w117j,j1llwz1g,9kvnmy3d,gdr0z7ld,1
9d3vl96l,8l4w117j,j1llwz1g,9kvnmy3d,rw67zyr9,39
9d3vl96l,8l4w117j,9dowj31p,02q8z972,None,11
9d3vl96l,8l4w117j,9dowj31p,02q8z972,None,41
9d3vl96l,8l4w117j,9do8xqo1,xk9wl1x2,None,2
9d3vl96l,8l4w117j,9do8xqo1,zdnzqp7d,rdn3jz6w,1
9d3vl96l,8l4w117j,9do8xqo1,zdnzqp7d,ldyq7g7w,1
9d3vl96l,8l4w117j,9do8xqo1,zdnzqp7d,n93k54rw,1
9d3vl96l,8l4w117j,9do8xqo1,zdnzqp7d,z98pv71w,1
9d3vl96l,8l4w117j,9do8xqo1,zdnzqp7d,ldyq7gzw,1
9d3vl96l,8l4w117j,9do8xqo1,zdnzqp7d,rw62po7d,1
9d3vl96l,8l4w117j,9do8xqo1,zdnzqp7d,xd0prq1w,2
9d3vl96l,8l4w117j,9do8xqo1,zdnzqp7d,n93k54ew,1
9d3vl96l,8l4w117j,9do8xqo1,zdnzqp7d,rdn3jzvw,1
9d3vl96l,8l4w117j,9do8xqo1,zdnzqp7d,z98pv7lw,1
9d3vl96l,8l4w117j,9do8xqo1,zdnzqp7d,29vge7n9,2
9d3vl96l,8l4w117j,9do8xqo1,zdnzqp7d,5wk0z6q9,1
9d3vl96l,8l4w117j,9do8xqo1,zdnzqp7d,592mgqrw,2
9d3vl96l,8l4w117j,9do8xqo1,zdnzqp7d,y9m0qx1w,1
9d3vl96l,8l4w117j,9do8xqo1,zdnzqp7d,xd4p72pd,1
9d3vl96l,8l4w117j,k6qzlz6g,wkpq89jd,None,6
9d3vl96l,8l4w117j,268eov76,7dg007lk,None,2
9d3vl96l,8l4w117j,9d3m9y6l,z2734ygd,z988pyp9,1
9d3vl96l,8l4w117j,9d3m9y6l,z2734ygd,592om2od,7
9d3vl96l,8l4w117j,9d3m9y6l,zdnrlpq2,592om2od,5
9d3vl96l,8l4w117j,9d3m9y6l,wkpmz4wk,None,5
9d3vl96l,8l4w117j,9d3m9y6l,02qpnwyd,None,5
9d3vl96l,8l4w117j,268eov76,xd1gzx7d,None,4
9d3vl96l,8l4w117j,268eov76,02q3x0pk,None,3
9d3vl96l,8l4w117j,268eov76,7dg007lk,None,2
9d3vl96l,8l4w117j,9d3m9y6l,zdnrlpq2,rdnp3679,1
9d3vl96l,8l4w117j,9d3m9y6l,z2734ygd,rdnp3679,1
9d3vl96l,8l4w117j,4d795gn1,w20vo0ok,None,5
9d3vl96l,8l4w117j,4d795gn1,02qvrlyd,None,9
9d3vl96l,8l4w117j,lde3gje6,mkeyzlj2,n93x6o29,5
9d3vl96l,8l4w117j,268eov76,824go3g2,None,3
9d3vl96l,8l4w117j,pd0wol1e,ndxmxo2q,None,51
9d3vl96l,8l4w117j,369pj21l,wdmwye2q,None,62
9d3vl96l,8l4w117j,9d3qj01l,xd1m698d,None,46
9d3vl96l,8l4w117j,9dow4ze1,wdmlyeok,None,16
9d3vl96l,8l4w117j,o1y7kv1q,wkpmq70k,None,40
9d3vl96l,8l4w117j,9dow4ze1,wdmlyeok,None,4
9d3vl96l,8l4w117j,9dow4ze1,7dg4oqpd,None,3
9d3vl96l,8l4w117j,9dow4ze1,wkpm47wk,None,8
9d3vl96l,8l4w117j,lde3gje6,mkeyzlj2,z98o1nrd,6
9d3vl96l,8l4w117j,pdvz4v6w,zd3q6xrk,29v8ojqd,22
9d3vl96l,8l4w117j,pdvz4v6w,9kvnm93d,rw67jn69,8
9d3vl96l,8l4w117j,pdvz4v6w,9kvnm93d,n93x6gr9,3
9d3vl96l,8l4w117j,pdvz4v6w,9kvnm93d,z98o181d,4
9d3vl96l,8l4w117j,pdvz4v6w,9kvnm93d,rdnmep69,4
9d3vl96l,8l4w117j,pdvz4v6w,zd3q6xrk,ldyrmp79,7
9d3vl96l,8l4w117j,pdvz4v6w,9kvnm93d,gdr05ekd,3
9d3vl96l,8l4w117j,pdvz4v6w,9kvnm93d,nwlmrlg9,4
9d3vl96l,8l4w117j,pdvz4v6w,zd3q6xrk,ywev614d,7
9d3vl96l,8l4w117j,pdvz4v6w,9kvnm93d,69zlk34d,5
9d3vl96l,8l4w117j,pdvz4v6w,9kvnm93d,r9gmv229,5
9d3vl96l,8l4w117j,pdvz4v6w,9kvnm93d,o9xypn7d,4
9d3vl96l,8l4w117j,pdvz4v6w,9kvnm93d,495q7649,4
9d3vl96l,8l4w117j,o1y7kv1q,wdmrw6ek,nwlmrog9,12
9d3vl96l,8l4w117j,o1y7kv1q,vdoyox62,ywev654d,7
9d3vl96l,8l4w117j,o1y7kv1q,vdoyox62,69zlk24d,6
9d3vl96l,8l4w117j,o1y7kv1q,wdmrw6ek,r9gmv429,8
9d3vl96l,8l4w117j,o1y7kv1q,wdmrw6ek,o9xyp77d,9
9d3vl96l,8l4w117j,o1y7kv1q,vdoyox62,rdqmx7g9,6
9d3vl96l,8l4w117j,o1y7kv1q,vdoyox62,5d7jo4ed,4
9d3vl96l,8l4w117j,o1y7kv1q,vdoyox62,kwjknz19,7
9d3vl96l,8l4w117j,o1y7kv1q,vdoyox62,owomz639,7
9d3vl96l,8l4w117j,o1y7kv1q,vdoyox62,xd1zg2yw,5
9d3vl96l,8l4w117j,o1y7kv1q,vdoyox62,ewp2gx49,2
9d3vl96l,8l4w117j,o1y7kv1q,vdoyox62,5wkmy6xd,6
9d3vl96l,8l4w117j,9d3m9y6l,zdnrlpq2,n93gkvnd,5
9d3vl96l,8l4w117j,lde3gje6,wdml354k,None,11
9d3vl96l,8l4w117j,lde3gje6,w20v7qzk,None,30
9d3vl96l,8l4w117j,9d3m9y6l,zdnrlpq2,n93gkvzd,5
9d3vl96l,8l4w117j,9d3m9y6l,zdnrlpq2,z988pyp9,6
9d3vl96l,8l4w117j,9d3m9y6l,zdnrlpq2,ldypqnkd,5
9d3vl96l,8l4w117j,9d3m9y6l,zdnrlpq2,5wkj2xpd,6
9d3vl96l,8l4w117j,9d3m9y6l,zdnrlpq2,rdnp36q9,5
9d3vl96l,8l4w117j,9d3m9y6l,zdnrlpq2,29vkg43d,5
9d3vl96l,8l4w117j,9d3m9y6l,zdnrlpq2,z988pyg9,5
9d3vl96l,8l4w117j,9d3m9y6l,zdnrlpq2,xd43p429,5
9d3vl96l,8l4w117j,9d3m9y6l,zdnrlpq2,rw6n28rd,5
9d3vl96l,8l4w117j,9d3m9y6l,zdnrlpq2,29v3y6lw,6
9d3vl96l,8l4w117j,9d3m9y6l,zdnrlpq2,xd07pmxw,5
9d3vl96l,8l4w117j,9d3m9y6l,zdnrlpq2,592zjk39,6
9d3vl96l,8l4w117j,369pj21l,9d8l63l2,rdnme569,7
9d3vl96l,8l4w117j,369pj21l,9d8l63l2,nwlmr7g9,5
9d3vl96l,8l4w117j,9d3m9y6l,02q8m7j2,None,6
9d3vl96l,8l4w117j,w6jl725d,02qoyzyk,None,53
9d3vl96l,8l4w117j,pd0wol1e,824860nk,xd1zg0yw,7
9d3vl96l,8l4w117j,pd0wol1e,824860nk,ewp2gp49,5
9d3vl96l,8l4w117j,pd0wol1e,824860nk,y9mmle09,6
9d3vl96l,8l4w117j,pd0wol1e,824860nk,5wkmy2xd,9
9d3vl96l,8l4w117j,369pj21l,9d8l63l2,z98o1j1d,18
9d3vl96l,8l4w117j,j1llwz1g,9kvnmy3d,y9mmnz59,43
9d3vl96l,8l4w117j,j1llwz1g,9kvnmy3d,5wkm3l2d,36
9d3vl96l,8l4w117j,pd0wol1e,824860nk,n93x6qr9,12
9d3vl96l,8l4w117j,pd0wol1e,824860nk,z98o1r1d,9
9d3vl96l,8l4w117j,pd0wol1e,824860nk,rdnmeo69,8
9d3vl96l,8l4w117j,pd0wol1e,824860nk,ldyrm179,5
9d3vl96l,8l4w117j,pd0wol1e,824860nk,gdr05jkd,4
9d3vl96l,8l4w117j,pd0wol1e,824860nk,nwlmr6g9,9
9d3vl96l,8l4w117j,pd0wol1e,824860nk,ywev644d,9
9d3vl96l,8l4w117j,pd0wol1e,824860nk,69zlkr4d,4
9d3vl96l,8l4w117j,pd0wol1e,824860nk,r9gmvz29,4
9d3vl96l,8l4w117j,pd0wol1e,824860nk,o9xyp27d,6
9d3vl96l,8l4w117j,pd0wol1e,824860nk,495q7j49,9
9d3vl96l,8l4w117j,pd0wol1e,824860nk,kwjkny19,8
9d3vl96l,8l4w117j,pd0wol1e,824860nk,owomzk39,9
9d3vl96l,8l4w117j,j1llwz1g,9kvnmy3d,29v8qp3d,46
9d3vl96l,8l4w117j,j1llwz1g,9kvnmy3d,5926ypod,46
9d3vl96l,8l4w117j,j1llwz1g,9kvnmy3d,n93xr3n9,40
9d3vl96l,8l4w117j,j1llwz1g,9kvnmy3d,rdnmygq9,48
9d3vl96l,8l4w117j,lde3gje6,mkeyzlj2,29v8o7xd,8
9d3vl96l,8l4w117j,lde3gje6,mkeyzlj2,xd45q28w,6
9d3vl96l,8l4w117j,lde3gje6,mkeyzlj2,xd0ezqj9,7
9d3vl96l,8l4w117j,lde3gje6,mkeyzlj2,rw67jo69,5
9d3vl96l,8l4w117j,lde3gje6,mkeyzlj2,n93x64r9,6
9d3vl96l,8l4w117j,lde3gje6,mkeyzlj2,z98o171d,8
9d3vl96l,8l4w117j,lde3gje6,mkeyzlj2,rdnmez69,4
9d3vl96l,8l4w117j,lde3gje6,mkeyzlj2,ldyrmg79,8
9d3vl96l,8l4w117j,lde3gje6,mkeyzlj2,ldyrm2p9,4
9d3vl96l,8l4w117j,lde3gje6,mkeyzlj2,gdr052ed,5
9d3vl96l,8l4w117j,lde3gje6,mkeyzlj2,nwlmr3o9,5
9d3vl96l,8l4w117j,lde3gje6,mkeyzlj2,ywev6lld,5
9d3vl96l,8l4w117j,j1llwz1g,9kvnmy3d,ewp2l5k9,50
9d3vl96l,8l4w117j,369pj21l,9d8l63l2,5926xo6d,9
9d3vl96l,8l4w117j,369pj21l,9d8l63l2,kwjkne19,7
9d3vl96l,8l4w117j,j1llwz1g,9kvnmy3d,ldyrm1z9,78
9d3vl96l,8l4w117j,k6q474zd,8240o13d,None,956
9d3vl96l,8l4w117j,4d795gn1,xk9vwyxd,None,5
9d3vl96l,8l4w117j,pd0wol1e,824860nk,5d7jo7ed,6
9d3vl96l,8l4w117j,nd23jq60,9kvxw0j2,None,23
9d3vl96l,8l4w117j,nd23jq60,rklgwpqd,None,6
9d3vl96l,8l4w117j,pd0wol1e,824860nk,5926xj6d,7
9d3vl96l,8l4w117j,y65ej76e,zdnoqje2,5wkl14q9,4
9d3vl96l,8l4w117j,y65ej76e,zdnoqje2,r9g8162d,7
9d3vl96l,8l4w117j,k6qzlz6g,vdoqrz6k,None,18
9d3vl96l,8l4w117j,k6qzlz6g,vdoqrz6k,None,36
9d3vl96l,8l4w117j,j1llwz1g,xd1eyw28,None,80
9d3vl96l,8l4w117j,lde3gje6,mkeyzlj2,rdnmen59,6
9d3vl96l,8l4w117j,y65y90de,9d8pz4wk,None,44
9d3vl96l,8l4w117j,k6qzlz6g,vdoqrz6k,None,30
9d3vl96l,8l4w117j,j1llwz1g,9kvnmy3d,n93xr3z9,30
9d3vl96l,8l4w117j,pd0wol1e,824860nk,rdqmx0g9,6
9d3vl96l,8l4w117j,4d722r67,jdr1x0l2,None,216
9d3vl96l,8l4w117j,4d722r67,w20y7o8k,None,49
9d3vl96l,8l4w117j,o1y7kv1q,9kvxw502,None,43
9d3vl96l,8l4w117j,268eov76,9d84w03k,None,3
9d3vl96l,8l4w117j,pdvz4v6w,02q979jk,None,8
9d3vl96l,8l4w117j,pdvz4v6w,9kvmv3kg,None,139
9d3vl96l,8l4w117j,pd0wol1e,w20w6jdn,None,20
9d3vl96l,8l4w117j,369pj21l,vdoor6dp,None,12
9d3vl96l,8l4w117j,9d3qj01l,zd3ypnn2,None,8
9d3vl96l,8l4w117j,pdvz4v6w,9d86qw2n,None,23
9d3vl96l,8l4w117j,4d795gn1,02qvrlyd,None,8
9d3vl96l,8l4w117j,369pj21l,9d8l63l2,29v8okxd,6
9d3vl96l,8l4w117j,j1llwz1g,9kvnmy3d,xd0e8ox9,39
9d3vl96l,8l4w117j,268en5y6,ndx7x4o2,None,10
9d3vl96l,8l4w117j,268en5y6,9d8e8pqd,rdnx1ovw,5
9d3vl96l,8l4w117j,4d795gn1,02qvrlyd,None,8
9d3vl96l,8l4w117j,pdvz4v6w,zd3q6xrk,rdqmxjg9,19
9d3vl96l,8l4w117j,9d3qj01l,9kvnm9ed,gdr05xkd,6
9d3vl96l,8l4w117j,o1y7kv1q,wdmrw6ek,5926xq6d,9
9d3vl96l,8l4w117j,w6jlzgxd,zd3vjnn2,z98p8lrw,4
9d3vl96l,8l4w117j,w6jlzgxd,zd3vjnn2,y9m0p3zw,3
9d3vl96l,8l4w117j,w6jlzgxd,zd3vjnn2,495p8nmw,4
9d3vl96l,8l4w117j,w6jlzgxd,zd3vjnn2,gdrrq7ed,4
9d3vl96l,8l4w117j,w6jlzgxd,zd3vjnn2,xd1p5rzd,3
9d3vl96l,8l4w117j,w6jlzgxd,zd3vjnn2,5d7p35qd,5
9d3vl96l,8l4w117j,w6jlzgxd,zd3vjnn2,29vgkxq9,3
9d3vl96l,8l4w117j,w6jlzgxd,zd3vjnn2,ldyqp0pw,5
9d3vl96l,8l4w117j,w6jlzgxd,zd3vjnn2,r9g638jw,3
9d3vl96l,8l4w117j,w6jlzgxd,zd3vjnn2,nwl07eow,4
9d3vl96l,8l4w117j,w6jlzgxd,zd3vjnn2,rw62nxpd,4
9d3vl96l,8l4w117j,w6jlzgxd,zd3vjnn2,owo82njd,4
9d3vl96l,8l4w117j,w6jlzgxd,zd3vjnn2,xd0p7ymw,4
9d3vl96l,8l4w117j,w6jlzgxd,zd3vjnn2,592mol7w,4
9d3vl96l,8l4w117j,w6jlzgxd,zd3vjnn2,5wk0rov9,3
9d3vl96l,8l4w117j,w6jlzgxd,zd3vjnn2,rdqy1qo9,3
9d3vl96l,8l4w117j,w6jlzgxd,zd3vjnn2,kwj0ej0d,4
9d3vl96l,8l4w117j,w6jlzgxd,zd3vjnn2,rdqy1ro9,7
9d3vl96l,8l4w117j,w6jlzgxd,zd3vjnn2,o9x6l039,4
9d3vl96l,8l4w117j,w6jlzgxd,zd3vjnn2,rdn3pg5w,5
9d3vl96l,8l4w117j,w6jlzgxd,zd3vjnn2,xd4p3zqd,4
9d3vl96l,8l4w117j,w6jlzgxd,zd3vjnn2,ewpnqyy9,5
9d3vl96l,8l4w117j,w6jlzgxd,zd3vjnn2,69z740xw,5
9d3vl96l,8l4w117j,w6jlzgxd,zd3vjnn2,n93kg32w,3
9d3vl96l,8l4w117j,w6jlzgxd,zd3vjnn2,ywe08pl9,4
9d3vl96l,8l4w117j,4d795gn1,rkll6l6k,None,6
9d3vl96l,8l4w117j,j1llwz1g,9kvnmy3d,ldyro0r9,17
9d3vl96l,8l4w117j,j1llwz1g,9kvnmy3d,ldyro0k9,19
9d3vl96l,8l4w117j,pd0wol1e,824860nk,29v8oyxd,8
9d3vl96l,8l4w117j,pd0wol1e,824860nk,xd45q68w,7
9d3vl96l,8l4w117j,pd0wol1e,824860nk,xd0ez0j9,11
9d3vl96l,8l4w117j,pd0wol1e,824860nk,rw67jv69,8
9d3vl96l,8l4w117j,lde3gje6,mkeyzlj2,69zlkzxd,5
9d3vl96l,8l4w117j,lde3gje6,mkeyzlj2,r9gmvxj9,5
9d3vl96l,8l4w117j,lde3gje6,mkeyzlj2,o9xyp43d,6
9d3vl96l,8l4w117j,lde3gje6,mkeyzlj2,495q74m9,5
9d3vl96l,8l4w117j,j1llwz1g,9kvnmy3d,rdnmyg79,24
9d3vl96l,8l4w117j,j1llwz1g,9kvnmy3d,rdnmyg79,6
9d3vl96l,8l4w117j,j1llwz1g,9kvnmy3d,z98oxlpd,18
9d3vl96l,8l4w117j,m1mxeoj6,9d86zw72,None,37
9d3vl96l,8l4w117j,4d795gn1,rkll7yrk,None,7
9d3vl96l,8l4w117j,j1llwz1g,9kvnmy3d,xd45l82w,43
9d3vl96l,8l4w117j,o1y7kv1q,wdmrw6ek,y9mmlx09,7
9d3vl96l,8l4w117j,o6gxkxd2,mkejn582,69z4gvxw,18
9d3vl96l,8l4w117j,o6gxkxd2,5dwyopek,69z4gvxw,3
9d3vl96l,8l4w117j,9d3qj01l,9kvnm9ed,5wkmyjxd,6
9d3vl96l,8l4w117j,o1y7kv1q,wdmrw6ek,495q7549,9
9d3vl96l,8l4w117j,pdvz4v6w,zd3q6xrk,xd0ez7j9,9
9d3vl96l,8l4w117j,lde3gje6,mkeyzlj2,rdqmxlo9,5
9d3vl96l,8l4w117j,w6jlzgxd,mkeq6m8k,None,18
9d3vl96l,8l4w117j,y65ej76e,xd1m60rd,None,5
9d3vl96l,8l4w117j,y65ej76e,zd3ypgy2,None,3
9d3vl96l,8l4w117j,4d795gn1,7dg0qw7k,None,4
9d3vl96l,8l4w117j,y65ej76e,zdnoqje2,kwjr101d,5
9d3vl96l,8l4w117j,y65ej76e,zdnoqje2,xd118pyd,6
9d3vl96l,8l4w117j,y65ej76e,zdnoqje2,y9mz100d,5
9d3vl96l,8l4w117j,y65ej76e,zdnoqje2,xd48rp8w,6
9d3vl96l,8l4w117j,pd0wol1e,824860nk,n93x60r9,7
9d3vl96l,8l4w117j,76r33zl6,ndxeqzvk,None,1
9d3vl96l,8l4w117j,369pj21l,9d8l63l2,gdr05qkd,5
9d3vl96l,8l4w117j,369pj21l,9d8l63l2,ldyrme79,5
9d3vl96l,8l4w117j,4d795gn1,rkll6l6k,None,67
9d3vl96l,xzl670e8,9d3vl96l,7dg8op42,None,30
9d3vl96l,1xykgym8,k6q4jwxd,jdzv5ork,None,7
9d3vl96l,1xykgym8,9d3vl96l,wkp5vzvd,69z542o9,13
9d3vl96l,1xykgym8,9d3vl96l,wkp5vzvd,r9gl3xkw,15
9d3vl96l,xz0pzp08,9d3vl96l,7dg8op42,None,34
9d3vl96l,98rpyqj1,j1ll2kv1,5dw7v9nk,None,1
9d3vl96l,98rpyqj1,j1ll2kv1,mkeq8vxk,None,1
9d3vl96l,98rpyqj1,9do79k6p,q258nxj2,None,24
9d3vl96l,98rpyqj1,j1ll2kv1,7dg43xxd,None,4
9d3vl96l,98rpyqj1,j1ll2kv1,7kj14o4k,None,5
9d3vl96l,98rpyqj1,9d3vl96l,wkp5vzvd,o9xgl41d,3
9d3vl96l,98rpyqj1,pd0w2o21,rkljl16d,None,62
9d3vl96l,98rpyqj1,9do79k6p,5dwyog0k,None,1
9d3vl96l,98rpyqj1,9d3vl96l,wk6plepd,None,5
9d3vl96l,98rpyqj1,46w33ln1,7dgrnmpk,None,11
9d3vl96l,98rpyqj1,46w33ln1,8246gond,None,25
9d3vl96l,98rpyqj1,l3dx0vdy,l824jg25,None,204
9d3vl96l,98rpyqj1,9do79k6p,02q8n972,None,2
9d3vl96l,98rpyqj1,9do79k6p,zdnrjnn2,None,8
9d3vl96l,98rpyqj1,9do79k6p,5dwyog0k,None,1
9d3vl96l,j2ye5y78,o1y9pyk6,mke9xe9d,5d7e0vvw,27
9d3vl96l,j2ye5y78,9d3vl96l,7dg8op42,None,21
9d3vl96l,j2ye5y78,o1y9wo6q,n2y55mko,None,566
9d3vl96l,8l03pg78,9d3vl96l,wkp5vzvd,69z542o9,11
9d3vl96l,8l03pg78,9d3vl96l,wkp5vzvd,r9gl3xkw,13
9d3vl96l,jmoe6g48,9d3vl96l,7dg8op42,None,58
9d3vl96l,jmoe6g48,w6jn7x1j,7kj6poz2,None,20
9d3vl96l,8w0lwzqj,9d3vl96l,xk90megk,None,2
9d3vl96l,8e6zv16j,9d3vl96l,7dg8op42,None,8
9d3vl96l,j0g1w3mx,9d3vl96l,7dg8op42,None,17
9d3vl96l,x7mpm56x,yd4jl5de,9d8joxqk,None,2
9d3vl96l,x7mpm56x,yd4jl5de,9d8v0v3k,None,10
9d3vl96l,x7mpm56x,yd4jl5de,9d8v0v3k,None,10
9d3vl96l,x7mpm56x,9d3vl96l,7dg8op42,None,46
9d3vl96l,j0vz12wx,9d3vl96l,7dg8op42,None,24
9d3vl96l,j0vz12wx,9d3vl96l,wk6plepd,None,4
9d3vl96l,j0vz12wx,9d3vl96l,n2yqy91k,None,7
9d3vl96l,j0vz12wx,w6jn7x1j,ndxe54rk,None,9
9d3vl96l,j0vz12wx,9d3vl96l,z27gx4o2,None,17
9d3vl96l,j0vz12wx,9d3j006l,vdo4gjv2,None,6
9d3vl96l,j0vz12wx,9d3evg1l,vdowv6kp,None,1
9d3vl96l,xylmkwzj,9d3vl96l,7dg8op42,None,53
9d3vl96l,j960e9oj,w6jmm26j,8246xjgd,xd0g3gjw,2
9d3vl96l,j960e9oj,9d3vl96l,z27gx4o2,None,5
9d3vl96l,j960e9oj,9d3vl96l,7kjvn8zk,None,7
9d3vl96l,xzlqmye8,9d3vl96l,7dg8op42,None,54
9d3vl96l,x765k5vj,j1n8m5w1,824867wk,None,14
9d3vl96l,x765k5vj,9d3vl96l,7dg8op42,None,37
9d3vl96l,j4qq7gmx,pdv2wwk6,ndx09y5d,None,50
9d3vl96l,j4qq7gmx,yd4oq3k1,7dgnvyx2,gdr1qp8w,28
9d3vl96l,j4qq7gmx,nd2er3ed,9kvyy7ok,592qxq39,86
9d3vl96l,j4qq7gmx,9d3vl96l,xk90megk,None,5
9d3vl96l,j4qq7gmx,46w33zl1,jdz6zgv2,None,2
9d3vl96l,j4qq7gmx,46w33zl1,xk9e7oy2,None,1
9d3vl96l,j4qq7gmx,9d3vl96l,z27gx4o2,None,3
9d3vl96l,j4qq7gmx,9d3vl96l,z27gx4o2,None,20
9d3vl96l,xzlvgp98,9d3vl96l,7dg8op42,None,35
9d3vl96l,xzlvgp98,pdvznzr6,9d8yo9wk,None,33
9d3vl96l,xzlvgp98,j1lml4dg,w20pjxok,None,8
9d3vl96l,xzlvgp98,pdvznzr6,9d8yo9wk,None,35
9d3vl96l,xzlvgp98,pdvznzr6,824r35md,None,163
9d3vl96l,j5vogz68,76r3lrq6,jdrnp45k,None,2
9d3vl96l,j5vogz68,9d3vl96l,7dg8op42,None,38
9d3vl96l,8d0yg6mx,9d3vl96l,7dg8op42,None,40
9d3vl96l,8rpgoydj,9d3vl96l,7dg8op42,None,30
9d3vl96l,8r2p3mgx,9d3vl96l,7dg8op42,None,64
9d3vl96l,jn23ry1j,9d3vl96l,wk6plepd,None,5
9d3vl96l,jn23ry1j,9d3vl96l,7dg8op42,None,48
9d3vl96l,7j4qg55x,9d3vl96l,wk6plepd,None,1
9d3vl96l,7j4qg55x,9d3vl96l,z27gx4o2,None,1
9d3vl96l,7j4qg55x,9d3vl96l,7dg8op42,None,1
9d3vl96l,7j4qg55x,9d3vl96l,7kjvn8zk,None,2
9d3vl96l,7j4qg55x,m1mngy4d,wk6r51ek,None,1
9d3vl96l,7j4qg55x,9d3vl96l,wkp5vzvd,o9xgl41d,1
9d3vl96l,7j4qg55x,9d3vl96l,wkp5vzvd,r9gl3xkw,1
9d3vl96l,7j4qg55x,9d3vl96l,q25489gd,None,1
9d3vl96l,7j4qg55x,9d3vl96l,n2yqy91k,None,2
9d3vl96l,7j4qg55x,9d3vl96l,q25489gd,None,2
9d3vl96l,7j4qg55x,9d3vl96l,n2yqy91k,None,2
9d3vl96l,7j4qg55x,9d3evg1l,q25r5gko,None,6
9d3vl96l,7j4qg55x,9d3vl96l,xd1394wk,None,3
9d3vl96l,7j4qg55x,9d3vl96l,7kjvn8zk,None,2
9d3vl96l,7j4qg55x,9d3vl96l,wkp5vzvd,o9xgl41d,1
9d3vl96l,7j4qg55x,9d3vl96l,wkp5vzvd,o9xgl41d,1
9d3vl96l,7j4qg55x,9d3vl96l,7dgg5jgd,None,2
9d3vl96l,7j4qg55x,46w33zl1,wk6oeeqk,592evgo9,3
9d3vl96l,7j4qg55x,76rxmvl6,mke4eo62,rdn2x1vd,3
9d3vl96l,7j4qg55x,o1y9j9v6,jdz8oprd,None,133
9d3vl96l,7j4qg55x,9d3vl96l,wk6plepd,None,3
9d3vl96l,7j4qg55x,9d3vl96l,z27gx4o2,None,2
9d3vl96l,7j4qg55x,9d3vl96l,wkp5vzvd,ywey85rd,2
9d3vl96l,7j4qg55x,46w33ln1,8246gond,None,1
9d3vl96l,7j4qg55x,46w33ln1,z276rygd,None,1
9d3vl96l,7j4qg55x,9d3vl96l,z27gx4o2,None,2
9d3vl96l,7j4qg55x,9d3vl96l,wkp5vzvd,69z542o9,3
9d3vl96l,7j4qg55x,9d3vl96l,n2yqy91k,None,2
9d3vl96l,7j4qg55x,9d3evg1l,vdowv6kp,None,6
9d3vl96l,7j4qg55x,46w33zl1,5dw59w0d,None,3
9d3vl96l,7j4qg55x,9d3vl96l,7dg8op42,None,2
9d3vl96l,7j4qg55x,9d3vl96l,n2yqy91k,None,2
9d3vl96l,7j4qg55x,9d3vl96l,wkp5vzvd,69z542o9,2
9d3vl96l,7j4qg55x,9d3vl96l,z27gx4o2,None,3
9d3vl96l,7j4qg55x,o1y9j9v6,7dgr144k,69z2m8g9,381
9d3vl96l,7j4qg55x,9do79k6p,q258nxj2,None,51
9d3vl96l,7j4qg55x,k6q9jm1g,q25jogdo,None,3
9d3vl96l,7j4qg55x,9d3j006l,vdo4gjv2,None,5
9d3vl96l,7j4qg55x,46w33zl1,xk9e7oy2,None,1
9d3vl96l,7j4qg55x,k6q4z3od,7kj1v6zk,None,2
9d3vl96l,7j4qg55x,k6q4z3od,n2y7qg12,None,2
9d3vl96l,7j4qg55x,k6q9jm1g,zdnzwxdq,None,3
9d3vl96l,7j4qg55x,46w33zl1,xk9e7oy2,None,4
9d3vl96l,7j4qg55x,j1np9e6p,mkex49d6,None,3
9d3vl96l,7j4qg55x,46w33zl1,xk9e7oy2,None,4
9d3vl96l,7j4qg55x,9d3z9y1l,5dwyornk,None,7
9d3vl96l,7j4qg55x,o6gxkxd2,mkejoz82,None,8
9d3vl96l,8v5165yj,j1nv5e6p,rklevww2,None,3
9d3vl96l,8v5165yj,k6q4rqzd,9kv7gzok,29v5n01d,1
9d3vl96l,8v5165yj,9d3vl96l,7dg8op42,None,26
9d3vl96l,8l01rm28,9d3vl96l,z27gx4o2,None,13
9d3vl96l,jmpklvyj,76rx9le6,jdrxjnnd,None,146
9d3vl96l,jmpklvyj,m1mxxrx6,jdz8el3d,None,7
9d3vl96l,jmpklvyj,9d3vl96l,z27gx4o2,None,10
9d3vl96l,j0np9o48,v1prkz68,w20zl5jd,None,117
9d3vl96l,j0np9o48,j1lqrpz6,vdonqryk,None,3
9d3vl96l,j0np9o48,76rlz568,zd30plyd,None,21
9d3vl96l,j0np9o48,9d3vl96l,7dg8op42,None,16
9d3vl96l,j0np9o48,9d3rnedl,9d86472n,None,8
9d3vl96l,j0np9o48,4d799lz1,7kjporgk,z986k17d,1
9d3vl96l,j0np9o48,4d799lz1,7kjporgk,n937j67d,1
9d3vl96l,j0np9o48,4d799lz1,7kjporgk,xd4joq0d,1
9d3vl96l,j0np9o48,4d799lz1,7kjporgk,29v3ro1w,1
9d3vl96l,j0np9o48,4d799lz1,xk9gplxd,5wkj735d,2
9d3vl96l,j0np9o48,9d3rnedl,82461wd5,None,9
9d3vl96l,j0np9o48,369p7el1,zd3wng8k,None,15
9d3vl96l,j0np9o48,4d799lz1,zd38elek,None,2
9d3vl96l,j0np9o48,y65r7e1e,7kjo3g23,None,58
9d3vl96l,j0np9o48,4d799lz1,7kjporgk,592z7yg9,1
9d3vl96l,j0np9o48,3dx2kk51,xk9gw54d,None,2
9d3vl96l,j0np9o48,3dx2kk51,wkpo5gg2,None,2
9d3vl96l,j0np9o48,369p7el1,zd3wng8k,None,6
9d3vl96l,j0np9o48,kdkznk2d,q25e5ng2,None,2
9d3vl96l,j0np9o48,9d3rnedl,zdn8exdq,None,13
9d3vl96l,j0np9o48,9d3rnedl,jdrxe5d6,None,19
9d3vl96l,j0np9o48,4d799lz1,7kjporgk,5wkj735d,2
9d3vl96l,j0np9o48,4d799lz1,zd36oerd,None,5
9d3vl96l,j0np9o48,9d3rnedl,q251qjdo,5wk8zpw4,4
9d3vl96l,j0np9o48,369go31l,02q6ezky,None,297
9d3vl96l,j0np9o48,9d3rnedl,q251qjdo,495y33wp,2
9d3vl96l,j0np9o48,9d3rnedl,02qopyky,None,25
9d3vl96l,j0np9o48,9d3rnedl,q2587lj2,None,4
9d3vl96l,j0np9o48,9d3rnedl,q251qjdo,rdqorjgw,3
9d3vl96l,j0np9o48,4d7p73d7,jdr1j002,rdqjjy29,2
9d3vl96l,j0np9o48,4d7p73d7,jdr1j002,rdqjj429,1
9d3vl96l,j0np9o48,4d7p73d7,jdr1j002,z98664pd,1
9d3vl96l,j0np9o48,4d7p73d7,jdr1j002,xd0ggnxw,1
9d3vl96l,j0np9o48,4d7p73d7,jdr1j002,xd4jje2d,2
9d3vl96l,j0np9o48,4d7p73d7,jdr1j002,xd4jje2d,1
9d3vl96l,j0np9o48,4d74qgd7,mke45ln2,None,3
9d3vl96l,j0np9o48,46w33ln1,7dgrnmpk,None,16
9d3vl96l,j0np9o48,9d3rnedl,jdz87gdv,None,33
9d3vl96l,j0np9o48,9d3rnedl,zdny4nkq,kwj3n7dg,2
9d3vl96l,j0np9o48,9d3rnedl,q251qjdo,ewpe6k9n,3
9d3vl96l,j0np9o48,369vyg1l,7dg89yp2,None,2
9d3vl96l,j0np9o48,369vyg1l,wdm4ogod,None,2
9d3vl96l,j0np9o48,9d3rnedl,q251qjdo,owol1kw6,2
9d3vl96l,j0np9o48,pd0w2v1e,5dwyynkg,None,154
9d3vl96l,j0np9o48,yd474xde,w20no8dn,None,38
9d3vl96l,j0np9o48,lde45l13,5dw5oegd,None,6
9d3vl96l,j0np9o48,3dx2kk51,wkpo5gg2,None,3
9d3vl96l,j0np9o48,j1nypw6p,wk68q8e2,None,5
9d3vl96l,j0np9o48,9d3rnedl,q251qjdo,nwlnqedv,3
9d3vl96l,j0np9o48,9d3rnedl,zdny4nkq,ldyjord3,2
9d3vl96l,j0np9o48,9d3rnedl,q251qjdo,5d7e6vwy,2
9d3vl96l,j0np9o48,46w3k91r,7kjpwzk3,None,8
9d3vl96l,j5v4o0w8,9d3vl96l,7dg8op42,None,56
