original_game_id,user_id,game_id,category_id,level_id,position
o6gnown1,j0nm9r48,v1pxk976,9d88pvwd,None,1
o6gnown1,j0nm9r48,3698q32d,z279nmzd,None,1
o6gnown1,j0nm9r48,pd0qgrl1,7kj7xo4k,None,1
o6gnown1,j0nm9r48,3698q32d,zdn76n9k,None,1
o6gnown1,j0nm9r48,3698q32d,zdn76n9k,None,1
o6gnown1,j0nm9r48,kdkmlme1,rklz6p62,None,1
o6gnown1,j0nm9r48,y655v506,xd1qy9z2,None,1
o6gnown1,j0nm9r48,9d3808w1,mke700n2,None,1
o6gnown1,j0nm9r48,v1pxko86,z279qegd,None,1
o6gnown1,j0nm9r48,v1pxko86,z279qegd,None,1
o6gnown1,j0nm9r48,v1pxko86,xk9946yk,None,1
o6gnown1,j0nm9r48,j1lq0le6,xk994zyk,None,1
o6gnown1,j0nm9r48,j1lq0le6,q259nz8k,gdrzejz9,1
o6gnown1,j0nm9r48,j1lq0le6,q259nz8k,nwl8l6rd,1
o6gnown1,j0nm9r48,j1lq0le6,q259nz8k,yweo14r9,1
o6gnown1,j0nm9r48,v1pxko86,7kj7e4xk,None,1
o6gnown1,j0nm9r48,w6j7rle6,vdon9yyk,z98x8ypd,1
o6gnown1,j0nm9r48,w6j7rle6,vdon9yyk,rdnyp679,1
o6gnown1,j0nm9r48,w6j70oe6,q2598gjk,y9mop2zw,1
o6gnown1,j0nm9r48,v1pxko86,xk9946yk,None,1
o6gnown1,j0nm9r48,v1pxko86,7kj7e4xk,None,1
o6gnown1,j0nm9r48,j1lq04e6,9d8nq37d,None,1
o6gnown1,j0nm9r48,w6j7rle6,ndx0x51d,None,1
o6gnown1,j0nm9r48,w6j7rle6,vdon9yyk,n93rgvz9,1
o6gnown1,j0nm9r48,ldej5vj1,zdn7vnek,None,1
o6gnown1,j0nm9r48,ldej5vj1,zdn7vnek,None,1
o6gnown1,j0nm9r48,ldej5vj1,zdn7vnek,None,2
o6gnown1,j0nm9r48,o1yjmxv1,q2596yjk,None,1
o6gnown1,j0nm9r48,yd4kpeg6,zd3re4vd,oworkqjw,1
o6gnown1,j0nm9r48,yd4kpeg6,zd3re4vd,kwj2y109,1
o6gnown1,j0nm9r48,yd4kpeg6,zd3re4vd,xd1n08zw,1
o6gnown1,j0nm9r48,yd4kpeg6,zd3re4vd,xd1n08zw,1
o6gnown1,j0nm9r48,yd4kpeg6,xd1qpo42,None,1
o6gnown1,j0nm9r48,pdv2e346,jdzo4pg2,None,1
o6gnown1,j0nm9r48,nd28qx3d,7dg7yegd,None,2
o6gnown1,j0nm9r48,3dxkoe51,02q7zwpd,None,1
o6gnown1,j0nm9r48,9do85gk1,wdm7jood,None,2
o6gnown1,j0nm9r48,9do85gk1,vdon7gvk,None,1
o6gnown1,j0nm9r48,o6gn50x1,w2059yvd,None,1
o6gnown1,j0nm9r48,m1mn5p3d,rklzymn2,None,1
o6gnown1,j0nm9r48,o6gn50x1,ndx0v11d,None,1
o6gnown1,j0nm9r48,o6gn50x1,ndx0v11d,None,1
o6gnown1,j0nm9r48,o6gn50x1,ndx0v11d,None,1
o6gnown1,j0nm9r48,o6gn50x1,rklzojq2,None,1
o6gnown1,j0nm9r48,o6gn50x1,rklzojq2,None,1
o6gnown1,j0nm9r48,o6gn50x1,ndx0v11d,None,1
o6gnown1,j0nm9r48,v1px5rz6,jdr840xk,None,1
o6gnown1,j0nm9r48,kdkm59x1,z279jygd,None,1
o6gnown1,j0nm9r48,ldej5qj1,zdn79pqk,None,1
o6gnown1,j0nm9r48,k6qw5lm6,q2596w8k,None,2
o6gnown1,j0nm9r48,nd28455d,zdn73pxk,None,1
o6gnown1,j0nm9r48,pd0qkl21,02q7xw9d,None,3
o6gnown1,j0nm9r48,kdkm5yg1,xd1qxow2,None,1
o6gnown1,j0nm9r48,268wlv76,zd3rm4rd,None,1
o6gnown1,j0nm9r48,46w28l36,9kvlg332,None,1
o6gnown1,j0nm9r48,4d7nqyn6,9d85407d,None,1
o6gnown1,j0nm9r48,o6gn58n1,vdonvv9k,None,1
o6gnown1,j0nm9r48,46w28w36,wkprll82,None,1
o6gnown1,j0nm9r48,v1pxr286,xd1qqer2,None,1
o6gnown1,j0nm9r48,268wl876,n2ym6n82,None,1
o6gnown1,j0nm9r48,268wl876,n2ym6n82,None,1
o6gnown1,j0nm9r48,3dxko8g1,zdn73oqk,None,1
o6gnown1,j0nm9r48,3dxko8g1,q259p58k,495evl29,1
o6gnown1,j0nm9r48,3dxko8g1,q259p58k,rdqe65md,1
o6gnown1,j0nm9r48,m1zk4mm1,z279el0d,None,1
o6gnown1,j0nm9r48,m1zk4mm1,zdn73xek,None,1
o6gnown1,j0nm9r48,m1zk4mm1,zdn73xek,None,1
o6gnown1,j0nm9r48,v1pxr286,9d8nn67d,None,1
o6gnown1,j0nm9r48,m1zk4j21,wk644qod,None,1
o6gnown1,j0nm9r48,o1yjm2r1,jdzoo062,None,2
o6gnown1,j0nm9r48,o1yjm2r1,jdzoo062,None,1
o6gnown1,j0nm9r48,o1yjm2r1,jdzoo062,None,1
o6gnown1,j0nm9r48,9d38xow1,9d8nn8ld,None,2
o6gnown1,j0nm9r48,46w2npn6,zd3rr68d,None,1
o6gnown1,j0nm9r48,v1pxr286,82499mwd,None,1
o6gnown1,j0nm9r48,j1n8w591,jdzoov32,None,2
o6gnown1,j0nm9r48,kdkm47q1,02q77ljd,None,1
o6gnown1,j0nm9r48,j1lqxgv6,82499rmd,None,3
o6gnown1,j0nm9r48,j1n8w091,ndx00m5d,None,1
o6gnown1,j0nm9r48,9d38nx01,xd1qw5w2,None,1
o6gnown1,j0nm9r48,9do8gz31,z27955od,None,1
o6gnown1,j0nm9r48,268w4756,5dwxqq02,None,1
o6gnown1,j0nm9r48,46w2nm76,rklz0082,None,1
o6gnown1,j0nm9r48,kdkm4gx1,vdonyv6k,None,1
o6gnown1,j0nm9r48,m1zkg001,9kvlpp32,None,3
o6gnown1,j0nm9r48,ldejpk51,jdr8r1gk,None,2
o6gnown1,j0nm9r48,nd28qx3d,5dwxne52,ldyzvo7w,1
o6gnown1,j0nm9r48,nd28qx3d,5dwxne52,gdr3v5kd,1
o6gnown1,j0nm9r48,nd28qx3d,5dwxne52,nwljvrg9,1
o6gnown1,j0nm9r48,nd28qx3d,5dwxne52,ywee764w,1
o6gnown1,j0nm9r48,4d795zl1,02qpe6pd,None,9
o6gnown1,j0nm9r48,w6j7kk26,5dwxnmg2,None,1
o6gnown1,j0nm9r48,w6j7kk26,wk643xed,None,1
o6gnown1,j0nm9r48,w6j7kk26,n2ymnpe2,None,1
o6gnown1,j0nm9r48,w6j7kk26,7kj79jgk,None,1
o6gnown1,j0nm9r48,w6j7kw26,rklznz62,z98k0x19,1
o6gnown1,j0nm9r48,w6j7kw26,rklznz62,yweee8lw,1
o6gnown1,j0nm9r48,w6j7kw26,rklznz62,rdn1vy69,1
o6gnown1,j0nm9r48,w6j7kw26,rklznz62,n93jprrd,1
o6gnown1,j0nm9r48,w6j7kw26,rklznz62,rw660z6w,1
o6gnown1,j0nm9r48,w6j7kw26,rklznz62,xd05j8j9,2
o6gnown1,j0nm9r48,w6j7kw26,9kvlnle2,None,4
o6gnown1,j0nm9r48,46w2nxl6,ndx0nlod,None,1
o6gnown1,j0nm9r48,kdkm4gx1,vdonyv6k,None,1
o6gnown1,j0nm9r48,j1n8wxl1,z279vmgd,None,1
o6gnown1,j0nm9r48,j1n8wxl1,7dg7yxld,xd4om1r9,1
o6gnown1,j0nm9r48,j1n8wxl1,7dg7yxld,xd05j149,1
o6gnown1,j0nm9r48,j1n8wxl1,7dg7yxld,rw6601gw,1
o6gnown1,j0nm9r48,j1n8wxl1,7dg7yxld,n93jp1zd,1
o6gnown1,j0nm9r48,j1n8wxl1,7dg7yxld,z98k03p9,1
o6gnown1,j0nm9r48,j1n8wxl1,7dg7yxld,rdn1v779,1
o6gnown1,j0nm9r48,j1n8wxl1,7dg7yxld,ldyzvxrw,1
o6gnown1,j0nm9r48,j1n8wxl1,7dg7yxld,gdr3vnld,1
o6gnown1,j0nm9r48,j1n8wxl1,7dg7yxld,nwljv5e9,1
o6gnown1,j0nm9r48,j1n8wxl1,7dg7yxld,ywee7y7w,1
o6gnown1,j0nm9r48,j1n8wxl1,7dg7yxld,69zgv5gw,1
o6gnown1,j0nm9r48,j1n8wxl1,7dg7yxld,r9ggolp9,1
o6gnown1,j0nm9r48,o6gne481,q25911gk,None,1
o6gnown1,j0nm9r48,o6gne481,q25911gk,None,1
o6gnown1,j0nm9r48,o6gne481,q25911gk,None,1
o6gnown1,j0nm9r48,pdv2qkk6,9d8nllld,None,1
o6gnown1,j0nm9r48,m1zko7x1,mke7yz82,None,1
o6gnown1,j0nm9r48,m1zko7x1,mke7yz82,None,1
o6gnown1,j0nm9r48,4d7nmql6,rklz5yw2,None,2
o6gnown1,j0nm9r48,4d7nmql6,ndx03qjd,None,1
o6gnown1,j0nm9r48,kdkm4kg1,zd3rj8vd,None,1
o6gnown1,j0nm9r48,kdkm4kg1,zd3rj8vd,None,1
o6gnown1,j0nm9r48,kdkm4kg1,9kvl8782,None,1
o6gnown1,j0nm9r48,ldejpk51,9kvl6q32,None,3
o6gnown1,j0nm9r48,nd28jlvd,xd1qgpr2,xd1qy5ew,1
o6gnown1,j0nm9r48,nd28jlvd,xd1qgpr2,ewp6ojkd,1
o6gnown1,j0nm9r48,nd28jlvd,xd1qgpr2,y9mogj5w,1
o6gnown1,j0nm9r48,nd28jlvd,xd1qgpr2,5wk7ej2d,1
o6gnown1,j0nm9r48,nd28jlvd,xd1qgpr2,5927rzow,1
o6gnown1,j0nm9r48,ldejpk51,9kvl6q32,None,4
o6gnown1,j0nm9r48,nd28jlvd,xd1qgpr2,69zg64lw,1
o6gnown1,j0nm9r48,nd28jlvd,xd1qgpr2,r9ggn359,1
o6gnown1,j0nm9r48,nd28jlvd,xd1qgpr2,o9xeol0w,1
o6gnown1,j0nm9r48,nd28jlvd,xd1qgpr2,4951z80w,1
o6gnown1,j0nm9r48,nd28jlvd,xd1qgpr2,rdqko1kd,1
o6gnown1,j0nm9r48,nd28jlvd,xd1qgpr2,xd056yj9,1
o6gnown1,j0nm9r48,nd28jlvd,xd1qgpr2,rw665x6w,1
o6gnown1,j0nm9r48,nd28jlvd,xd1qgpr2,n93jzerd,1
o6gnown1,j0nm9r48,nd28jlvd,xd1qgpr2,z98k4q19,1
o6gnown1,j0nm9r48,nd28jlvd,xd1qgpr2,5d7mx3gd,1
o6gnown1,j0nm9r48,nd28jlvd,xd1qgpr2,kwjq6en9,1
o6gnown1,j0nm9r48,nd28jlvd,xd1qgpr2,owop52o9,1
o6gnown1,j0nm9r48,4d795zl1,vdoyqm92,None,2
o6gnown1,j0nm9r48,ldejpk51,9kvl6q32,None,4
o6gnown1,j0nm9r48,nd28jlvd,xd1qgpr2,n93jlgnd,1
o6gnown1,j0nm9r48,nd28jlvd,xd1qgpr2,z98k58g9,1
o6gnown1,j0nm9r48,nd28jlvd,xd1qgpr2,rdn1xpq9,1
o6gnown1,j0nm9r48,nd28jlvd,xd1qgpr2,ldyzkpkw,1
o6gnown1,j0nm9r48,nd28jlvd,xd1qgpr2,gdr3oq6d,1
o6gnown1,j0nm9r48,nd28jlvd,xd1qgpr2,ywee38yw,1
o6gnown1,j0nm9r48,nd28jlvd,xd1qgpr2,nwljz709,1
o6gnown1,j0nm9r48,4d7njrg6,vdon8eok,xd4ok709,1
o6gnown1,j0nm9r48,nd28jn5d,w205w5zd,rw6637pw,1
o6gnown1,j0nm9r48,nd28jn5d,w205w5zd,z98k56g9,1
o6gnown1,j0nm9r48,ldejprl1,5dwx7152,rw66gqrw,1
o6gnown1,j0nm9r48,4d7njrg6,8249gqed,rdn1xkq9,1
o6gnown1,j0nm9r48,4d7njrg6,vdon8eok,29vrze1w,1
o6gnown1,j0nm9r48,ldejprl1,5dwx7152,592742gw,1
o6gnown1,j0nm9r48,yd4kjyk6,9d8ng8qd,592751gw,1
o6gnown1,j0nm9r48,yd4kjyk6,9d8ng8qd,29vr2r1w,1
o6gnown1,j0nm9r48,ldejprl1,5dwx7152,xd0545m9,1
o6gnown1,j0nm9r48,4d7njrg6,8249gqed,29vrze1w,1
o6gnown1,j0nm9r48,4d7njrg6,8249gqed,xd4ok709,1
o6gnown1,j0nm9r48,4d7njrg6,8249gqed,xd054r09,1
o6gnown1,j0nm9r48,4d7njrg6,8249gqed,rw66mpnw,1
o6gnown1,j0nm9r48,4d7njrg6,8249gqed,n93jl2nd,1
o6gnown1,j0nm9r48,4d7njrg6,8249gqed,z98k52g9,1
o6gnown1,j0nm9r48,j1lqvxj6,jdzo9er2,None,1
o6gnown1,j0nm9r48,ldejprl1,5dwx7152,69zgqylw,1
o6gnown1,j0nm9r48,j1lqvxj6,jdzo9er2,None,1
o6gnown1,j0nm9r48,3698kk3d,mke7qg82,owopqly9,1
o6gnown1,j0nm9r48,yd4kjyk6,mke79qn2,xd1qxoqw,1
o6gnown1,j0nm9r48,76r3el46,xd1w9842,None,1
o6gnown1,j0nm9r48,3698kk3d,7dg74w7d,None,1
o6gnown1,j0nm9r48,268y47dp,wdmw0xo2,None,29
o6gnown1,j0nm9r48,yd4kjyk6,mke79qn2,y9mo8vlw,1
o6gnown1,j0nm9r48,nd28jn5d,w205w5zd,nwljo2g9,1
o6gnown1,j0nm9r48,w6j70oe6,jdr81vnk,kwjqev09,1
o6gnown1,j0nm9r48,ldejprl1,5dwx7152,n93jnr7d,1
o6gnown1,j0nm9r48,ldejprl1,5dwx7152,rw66lznw,1
o6gnown1,j0nm9r48,yd4kjyk6,9d8ng8qd,ldyz26jw,1
o6gnown1,j0nm9r48,yd4kjyk6,9d8ng8qd,ewp6rvld,1
o6gnown1,j0nm9r48,76r3el46,9d851gqd,ewp6r6ld,1
o6gnown1,j0nm9r48,76r3el46,9d851gqd,rdqkj4od,1
o6gnown1,j0nm9r48,3dxk7g41,wdmm7g4d,xd4m6eqd,1
o6gnown1,j0nm9r48,3dxk7g41,wdmm7g4d,xd0j0nmw,1
o6gnown1,j0nm9r48,3dxk7g41,wdmm7g4d,rw60vgpw,1
o6gnown1,j0nm9r48,3dxk7g41,wdmm7g4d,n93p0z2d,1
o6gnown1,j0nm9r48,3dxk7g41,wdmm7g4d,z980j4rd,1
o6gnown1,j0nm9r48,3dxk7g41,wdmm7g4d,rdnv5459,1
o6gnown1,j0nm9r48,yd4kjyk6,mke79qn2,rdn1n8n9,2
o6gnown1,j0nm9r48,nd28jn5d,w205w5zd,69zg284w,1
o6gnown1,j0nm9r48,pdv2wj96,wk6477pd,ewp6x04d,1
o6gnown1,j0nm9r48,pdv2wj96,wk6477pd,y9mox10w,1
o6gnown1,j0nm9r48,pdv2wj96,wk6477pd,5wk761xd,1
o6gnown1,j0nm9r48,pdv2wj96,wk6477pd,5927qn6w,1
o6gnown1,j0nm9r48,pdv2wj96,wk6477pd,29vr75xw,1
o6gnown1,j0nm9r48,pdv2wj96,wk6477pd,xd1qxmzw,1
o6gnown1,j0nm9r48,pdv2wj96,wk6477pd,ewp6r3yd,1
o6gnown1,j0nm9r48,pdv2wj96,wk6477pd,y9mo86zw,1
o6gnown1,j0nm9r48,pdv2wj96,wk6477pd,5wk7pxvd,1
o6gnown1,j0nm9r48,pdv2wj96,wk6477pd,59275k7w,1
o6gnown1,j0nm9r48,w6j7woe6,jdzrm9g2,y9mv3n09,1
o6gnown1,j0nm9r48,j1lqkpz6,vdopvr62,None,1
o6gnown1,j0nm9r48,pdv2wj96,5dwx5502,None,2
o6gnown1,j0nm9r48,pdv2wj96,wk6477pd,5d7m4zed,1
o6gnown1,j0nm9r48,pdv2wj96,wk6477pd,kwjqz119,1
o6gnown1,j0nm9r48,pdv2wj96,wk6477pd,owop6q39,1
o6gnown1,j0nm9r48,pdv2wj96,wk6477pd,xd1q28yw,1
o6gnown1,j0nm9r48,w6j70oe6,zdn7r0nk,None,1
o6gnown1,j0nm9r48,pdv2wj96,wk6477pd,xd4ojgq9,1
o6gnown1,j0nm9r48,pdv2wj96,wk6477pd,49515l4w,1
o6gnown1,j0nm9r48,pdv2wj96,wk6477pd,owop04j9,1
o6gnown1,j0nm9r48,pdv2wj96,wk6477pd,xd1q7lzw,1
o6gnown1,j0nm9r48,pdv2wj96,wk6477pd,29vr3nqw,1
o6gnown1,j0nm9r48,pdv2wj96,wk6477pd,kwjq5409,1
o6gnown1,j0nm9r48,pdv2wj96,wk6477pd,ewp6j4yd,1
o6gnown1,j0nm9r48,pdv2wj96,wk6477pd,y9moj4zw,1
o6gnown1,j0nm9r48,pdv2wj96,wk6477pd,5wk7j4vd,1
o6gnown1,j0nm9r48,pdv2wj96,wk6477pd,5927ze7w,1
o6gnown1,j0nm9r48,nd28jn5d,w205w5zd,ywee5q4w,1
o6gnown1,j0nm9r48,pdv2wj96,wk6477pd,owop03j9,2
o6gnown1,j0nm9r48,pdv2wj96,wk6477pd,xd1q74zw,1
o6gnown1,j0nm9r48,pdv2wj96,wk6477pd,ewp6j8yd,1
o6gnown1,j0nm9r48,pdv2wj96,wk6477pd,y9moj2zw,1
o6gnown1,j0nm9r48,76r3el46,9d851gqd,y9mvo709,1
o6gnown1,j0nm9r48,pdv2wj96,wk6477pd,5wk7jqvd,1
o6gnown1,j0nm9r48,pdv2wj96,wk6477pd,5d7mvqqd,1
o6gnown1,j0nm9r48,w6j70oe6,jdr81vnk,gdr3qyed,1
o6gnown1,j0nm9r48,w6j70oe6,jdr81vnk,ldyzp3pw,1
o6gnown1,j0nm9r48,w6j70oe6,jdr81vnk,69zg48xw,1
o6gnown1,j0nm9r48,w6j70oe6,jdr81vnk,r9gg37j9,1
o6gnown1,j0nm9r48,w6j70oe6,jdr81vnk,o9xelx3w,1
o6gnown1,j0nm9r48,w6j70oe6,jdr81vnk,49518mmw,1
o6gnown1,j0nm9r48,w6j70oe6,jdr81vnk,rdqk1nod,1
o6gnown1,j0nm9r48,w6j70oe6,jdr81vnk,5d7m32qd,1
o6gnown1,j0nm9r48,w6j70oe6,q2598gjk,owop23j9,1
o6gnown1,j0nm9r48,w6j70oe6,q2598gjk,ewp6q8yd,1
o6gnown1,j0nm9r48,3698kzld,z279314d,None,1
o6gnown1,j0nm9r48,y655jm06,wkprq1j2,rdn1pn69,3
o6gnown1,j0nm9r48,y655jm06,wkprq1j2,rdn1pn69,3
o6gnown1,j0nm9r48,y655jm06,wkprq1j2,ldyzp27w,3
o6gnown1,j0nm9r48,y655jm06,wkprq1j2,gdr3qgkd,2
o6gnown1,j0nm9r48,y655jm06,wkprq1j2,nwlj7ng9,1
o6gnown1,j0nm9r48,y655jm06,wkprq1j2,ywee8n4w,2
o6gnown1,j0nm9r48,y655jm06,wkprq1j2,69zg4x4w,1
o6gnown1,j0nm9r48,y655jm06,wkprq1j2,r9gg3r29,1
o6gnown1,j0nm9r48,y655jm06,wkprq1j2,o9xelk7w,1
o6gnown1,j0nm9r48,y655jm06,wkprq1j2,rdqk1ggd,1
o6gnown1,j0nm9r48,y655jm06,wkprq1j2,5d7m3led,1
o6gnown1,j0nm9r48,y655jm06,wkprq1j2,kwjqe319,1
o6gnown1,j0nm9r48,y655jm06,wkprq1j2,owop2l39,1
o6gnown1,j0nm9r48,y655jm06,wkprq1j2,xd1q56yw,1
o6gnown1,j0nm9r48,y655jm06,wkprq1j2,ewp6qe4d,1
o6gnown1,j0nm9r48,y655jm06,wkprq1j2,y9mopy0w,1
o6gnown1,j0nm9r48,y655jm06,wkprq1j2,5wk7r8xd,1
o6gnown1,j0nm9r48,w6j70oe6,q2598gjk,xd4o3rq9,1
o6gnown1,j0nm9r48,w6j70oe6,jdr81vnk,xd4o3rq9,1
o6gnown1,j0nm9r48,w6j70oe6,q2598gjk,rw66nepw,1
o6gnown1,j0nm9r48,w6j70oe6,q2598gjk,n93jgm2d,1
o6gnown1,j0nm9r48,w6j70oe6,q2598gjk,z98k8mr9,1
o6gnown1,j0nm9r48,w6j70oe6,q2598gjk,rdn1pq59,1
o6gnown1,j0nm9r48,w6j70oe6,q2598gjk,ldyzp3pw,1
o6gnown1,j0nm9r48,w6j70oe6,q2598gjk,gdr3qyed,1
o6gnown1,j0nm9r48,w6j70oe6,jdr81vnk,xd0573m9,1
o6gnown1,j0nm9r48,w6j70oe6,jdr81vnk,rw66nepw,1
o6gnown1,j0nm9r48,w6j70oe6,q2598gjk,nwlj72o9,1
o6gnown1,j0nm9r48,w6j70oe6,jdr81vnk,n93jgm2d,1
o6gnown1,j0nm9r48,w6j70oe6,q2598gjk,ywee8qlw,1
o6gnown1,j0nm9r48,w6j70oe6,q2598gjk,69zg48xw,1
o6gnown1,j0nm9r48,w6j70oe6,jdr81vnk,z98k8mr9,1
o6gnown1,j0nm9r48,w6j70oe6,q2598gjk,r9gg37j9,1
o6gnown1,j0nm9r48,w6j70oe6,q2598gjk,o9xelx3w,1
o6gnown1,j0nm9r48,w6j70oe6,q2598gjk,49518mmw,1
o6gnown1,j0nm9r48,w6j70oe6,jdr81vnk,nwlj72o9,1
o6gnown1,j0nm9r48,w6j70oe6,q2598gjk,rdqk1nod,1
o6gnown1,j0nm9r48,w6j70oe6,q2598gjk,5d7m32qd,1
o6gnown1,j0nm9r48,w6j70oe6,jdr81vnk,ywee8qlw,1
o6gnown1,j0nm9r48,m1zg4060,7kjrog42,None,6
o6gnown1,j0nm9r48,76r3el46,9d851gqd,ewpv614w,1
o6gnown1,j0nm9r48,76r3el46,9d851gqd,xd1oqky9,1
o6gnown1,j0nm9r48,46w2xl96,02qe5o72,None,1
o6gnown1,j0nm9r48,46w2xl96,824qw6ek,None,1
o6gnown1,j0nm9r48,46w2xl96,9d85r6wd,None,1
o6gnown1,j0nm9r48,kdkmkgq1,02qr07jk,None,1
o6gnown1,j0nm9r48,76r3el46,9d851gqd,owovpo39,1
o6gnown1,j0nm9r48,m1zkwpz1,rkl01vqk,None,1
o6gnown1,j0nm9r48,w6j7woe6,jdzrm9g2,y9mvvxl9,1
o6gnown1,j0nm9r48,m1mx2lj6,5dw7vllk,None,5
o6gnown1,j0nm9r48,76r3el46,9d851gqd,kwjmqx1w,1
o6gnown1,j0nm9r48,m1mnlxpd,jdzrm4v2,xd1o12q9,3
o6gnown1,j0nm9r48,w6j7woe6,jdzrm9g2,nwlv18g9,1
o6gnown1,j0nm9r48,w6j7woe6,jdzrm9g2,ywe7go4d,1
o6gnown1,j0nm9r48,w6j7woe6,jdzrm9g2,xd1orny9,1
o6gnown1,j0nm9r48,w6j7woe6,jdzrm9g2,ewpvyl4w,1
o6gnown1,j0nm9r48,m1mnlxpd,jdzrm4v2,ewpv5xlw,4
o6gnown1,j0nm9r48,m1mnlxpd,jdzrm4v2,y9mvzxl9,4
o6gnown1,j0nm9r48,m1mnlxpd,jdzrm4v2,5wkvl65d,3
o6gnown1,j0nm9r48,m1mnlxpd,jdzrm4v2,5921pqgw,2
o6gnown1,j0nm9r48,m1mnlxpd,jdzrm4v2,29vvp219,1
o6gnown1,j0nm9r48,w6j7woe6,jdzrm9g2,29vvxrx9,1
o6gnown1,j0nm9r48,w6j7woe6,jdzrm9g2,xd4mzo8d,1
o6gnown1,j0nm9r48,w6j7woe6,jdzrm9g2,xd0jy5jw,1
o6gnown1,j0nm9r48,3dxk7g41,wdmm7g4d,4950jzmd,1
o6gnown1,j0nm9r48,3dxk7g41,wdmm7g4d,5d707xq9,1
o6gnown1,j0nm9r48,3dxk7g41,wdmm7g4d,kwjmy60w,1
o6gnown1,j0nm9r48,3dxk7g41,wdmm7g4d,owovk5j9,1
o6gnown1,j0nm9r48,3dxk7g41,wdmm7g4d,xd1o0yz9,1
o6gnown1,j0nm9r48,3dxk7g41,wdmm7g4d,ewpvpoyw,1
o6gnown1,j0nm9r48,3dxk7g41,wdmm7g4d,y9mvegz9,1
o6gnown1,j0nm9r48,3dxk7g41,wdmm7g4d,5wkv2evd,1
o6gnown1,j0nm9r48,3dxk7g41,wdmm7g4d,5921jr7w,1
o6gnown1,j0nm9r48,3dxk7g41,wdmm7g4d,29vvy0q9,1
o6gnown1,j0nm9r48,w6j7woe6,jdzrm9g2,rw60x66w,1
o6gnown1,j0nm9r48,w6j7woe6,jdzrm9g2,n93pejrd,1
o6gnown1,j0nm9r48,w6j7woe6,jdzrm9g2,z980qk1d,1
o6gnown1,j0nm9r48,w6j7woe6,jdzrm9g2,rdnv8169,1
o6gnown1,j0nm9r48,w6j7woe6,jdzrm9g2,ldyv6z7d,1
o6gnown1,j0nm9r48,w6j7woe6,jdzrm9g2,gdrvlzkw,1
o6gnown1,j0nm9r48,w6j7woe6,jdzrm9g2,rdnv8v69,1
o6gnown1,j0nm9r48,w6j7woe6,jdzrm9g2,ldyv6v7d,1
o6gnown1,j0nm9r48,w6j7woe6,jdzrm9g2,gdrvl3kw,1
o6gnown1,j0nm9r48,w6j7woe6,jdzrm9g2,5921l76w,1
o6gnown1,j0nm9r48,268wo3k6,zd359j8k,rdnvgp59,1
o6gnown1,j0nm9r48,268wo3k6,zd359j8k,n93p3g7d,1
o6gnown1,j0nm9r48,268wo3k6,zd359j8k,z980l87d,1
o6gnown1,j0nm9r48,w6j7woe6,jdzrm9g2,o9xvqv1d,1
o6gnown1,j0nm9r48,w6j7woe6,jdzrm9g2,4950g0jd,1
o6gnown1,j0nm9r48,w6j7woe6,jdzrm9g2,rdqvrv19,1
o6gnown1,j0nm9r48,w6j7woe6,jdzrm9g2,5d7050v9,1
o6gnown1,j0nm9r48,w6j7woe6,jdzrm9g2,kwjmjmzw,1
o6gnown1,j0nm9r48,w6j7woe6,jdzrm9g2,owovnvy9,1
o6gnown1,j0nm9r48,w6j7woe6,jdzrm9g2,xd1oro69,1
o6gnown1,j0nm9r48,w6j7woe6,jdzrm9g2,ewpvyvzw,1
o6gnown1,j0nm9r48,w6j7woe6,jdzrm9g2,y9mv3v19,1
o6gnown1,j0nm9r48,w6j7woe6,jdzrm9g2,5wkvovqd,1
o6gnown1,j0nm9r48,w6j7woe6,jdzrm9g2,5921l1rw,1
o6gnown1,j0nm9r48,w6j7woe6,jdzrm9g2,29vvxvn9,1
o6gnown1,j0nm9r48,w6j7woe6,jdzrm9g2,xd4mzmpd,1
o6gnown1,j0nm9r48,w6j7woe6,jdzrm9g2,xd0jyj1w,1
o6gnown1,j0nm9r48,w6j7woe6,jdzrm9g2,rw60x07w,1
o6gnown1,j0nm9r48,w6j7woe6,jdzrm9g2,n93peped,1
o6gnown1,j0nm9r48,w6j7woe6,jdzrm9g2,z980q0ld,1
o6gnown1,j0nm9r48,w6j7woe6,jdzrm9g2,rdnv8vv9,1
o6gnown1,j0nm9r48,w6j7woe6,jdzrm9g2,ldyv6vzd,1
o6gnown1,j0nm9r48,w6j7woe6,jdzrm9g2,n93peprd,1
o6gnown1,j0nm9r48,w6j7woe6,jdzrm9g2,z980q01d,1
o6gnown1,j0nm9r48,yd4kwe56,wk6ry3qk,None,1
o6gnown1,j0nm9r48,268wo3k6,9kvrv8j2,None,1
o6gnown1,j0nm9r48,268wo3k6,zd359j8k,z980l8rd,2
o6gnown1,j0nm9r48,268wo3k6,zd359j8k,ldyv0ppd,1
o6gnown1,j0nm9r48,268wo3k6,zd359j8k,rdnvgpn9,1
o6gnown1,j0nm9r48,3dxk7g41,7dg13q4d,None,1
o6gnown1,j0nm9r48,3dxk7g41,9kvrl402,None,1
o6gnown1,j0nm9r48,w6j7woe6,jdzrm9g2,ldyv60zd,2
o6gnown1,j0nm9r48,w6j7woe6,jdzrm9g2,gdrvl7zw,1
o6gnown1,j0nm9r48,w6j7woe6,jdzrm9g2,nwlv1er9,1
o6gnown1,j0nm9r48,w6j7woe6,jdzrm9g2,ywe7gprd,1
o6gnown1,j0nm9r48,w6j7woe6,jdzrm9g2,69zvj0ow,1
o6gnown1,j0nm9r48,w6j7woe6,jdzrm9g2,r9go5okw,1
o6gnown1,j0nm9r48,m1zkwpz1,wdmm3lxd,None,1
o6gnown1,j0nm9r48,y655e906,rkl0z08k,None,1
o6gnown1,j0nm9r48,pdv2meo6,7dg1jr4d,None,1
o6gnown1,j0nm9r48,pdv2meo6,mkew6z9k,None,1
o6gnown1,j0nm9r48,y655gr36,zd354jvk,None,1
o6gnown1,j0nm9r48,y655gr36,jdzrxz62,5d70xoq9,1
o6gnown1,j0nm9r48,y655gr36,jdzrxz62,owov5zj9,1
o6gnown1,j0nm9r48,o6gnoeo1,824q4ogk,None,1
o6gnown1,j0nm9r48,o6gnoeo1,9d859w3d,rdnv7rq9,1
o6gnown1,j0nm9r48,o6gnoeo1,9d859w3d,ldyvxjkd,1
o6gnown1,j0nm9r48,o6gnoeo1,9d859w3d,gdrvng6w,1
o6gnown1,j0nm9r48,o6gnoeo1,9d859w3d,nwlv5n09,1
o6gnown1,j0nm9r48,o6gnoeo1,9d859w3d,ywe7ynyd,1
o6gnown1,j0nm9r48,yd4kwe56,n2yrznzd,z9803r7d,1
o6gnown1,j0nm9r48,yd4kwe56,n2yrznzd,rdnv7on9,1
o6gnown1,j0nm9r48,yd4kwe56,n2yrznzd,ldyvx1jd,1
o6gnown1,j0nm9r48,yd4kwe56,n2yrznzd,gdrvnp8w,1
o6gnown1,j0nm9r48,yd4kwe56,n2yrznzd,nwlv5gp9,1
o6gnown1,j0nm9r48,yd4kwe56,n2yrznzd,ywe7y2qd,1
o6gnown1,j0nm9r48,yd4kwe56,n2yrznzd,xd4m100d,1
o6gnown1,j0nm9r48,yd4kwe56,n2yrznzd,xd0j1k0w,1
o6gnown1,j0nm9r48,yd4kwe56,n2yrznzd,rw601qnw,1
o6gnown1,j0nm9r48,yd4kwe56,n2yrznzd,n93p1q7d,1
o6gnown1,j0nm9r48,3dxk7g41,7dg13q4d,None,1
o6gnown1,j0nm9r48,3dxk7g41,7dg13q4d,None,1
o6gnown1,j0nm9r48,3dxk7g41,7dg13q4d,None,1
o6gnown1,j0nm9r48,yd4kwj56,wk6ry0qk,None,1
o6gnown1,j0nm9r48,o6gnogo1,7kjlwon2,None,1
o6gnown1,j0nm9r48,3dxk7g41,7dg13q4d,None,1
o6gnown1,j0nm9r48,3dxk7g41,7dg13q4d,None,1
o6gnown1,j0nm9r48,9do8ppk1,9kvr8z02,r9g8ppkd,3
o6gnown1,j0nm9r48,9do8ppk1,9kvr8z02,owoxz0jw,1
o6gnown1,j0nm9r48,9do8ppk1,9kvr8z02,xd11g7zd,1
o6gnown1,j0nm9r48,9do8ppk1,9kvr8z02,ewp5gjy9,1
o6gnown1,j0nm9r48,9do8ppk1,9kvr8z02,y9mzljzd,1
o6gnown1,j0nm9r48,9do8ppk1,9kvr8z02,5wklyjv9,1
o6gnown1,j0nm9r48,9do8ppk1,9kvr8z02,592pxz7w,1
o6gnown1,j0nm9r48,9do8ppk1,9kvr8z02,29vpo3q9,2
o6gnown1,j0nm9r48,9do8ppk1,9kvr8z02,xd48qjqw,2
o6gnown1,j0nm9r48,3dxk7g41,wdmm7g4d,29vvynq9,1
o6gnown1,j0nm9r48,3dxk7g41,wdmm7g4d,xd0j06mw,1
o6gnown1,j0nm9r48,3dxk7g41,wdmm7g4d,rw60v5pw,1
o6gnown1,j0nm9r48,y655gr36,xd1wzpw2,29vv0oq9,1
o6gnown1,j0nm9r48,y655gr36,jdzrxz62,kwjm6n0w,1
o6gnown1,j0nm9r48,y655gr36,9d85z9ld,kwjm6n0w,1
o6gnown1,j0nm9r48,y655gr36,9d85z9ld,owov5zj9,1
o6gnown1,j0nm9r48,y655gr36,9d85z9ld,xd1oygz9,1
o6gnown1,j0nm9r48,y655gr36,9d85z9ld,ewpvogyw,1
o6gnown1,j0nm9r48,y655gr36,9d85z9ld,y9mvglz9,1
o6gnown1,j0nm9r48,y655gr36,9d85z9ld,5wkveyvd,1
o6gnown1,j0nm9r48,y655gr36,9d85z9ld,5921rx7w,1
o6gnown1,j0nm9r48,y655gr36,9d85z9ld,29vv0oq9,1
o6gnown1,j0nm9r48,y655gr36,zd354jvk,None,1
o6gnown1,j0nm9r48,y655gr36,xd1wzpw2,rdqvoxo9,1
o6gnown1,j0nm9r48,y655gr36,xd1wzpw2,5d70xoq9,1
o6gnown1,j0nm9r48,y655gr36,xd1wzpw2,kwjm6n0w,1
o6gnown1,j0nm9r48,y655gr36,xd1wzpw2,owov5zj9,1
o6gnown1,j0nm9r48,y655gr36,xd1wzpw2,xd1oygz9,1
o6gnown1,j0nm9r48,y655gr36,xd1wzpw2,ewpvogyw,1
o6gnown1,j0nm9r48,y655gr36,xd1wzpw2,y9mvglz9,1
o6gnown1,j0nm9r48,y655gr36,xd1wzpw2,5wkveyvd,1
o6gnown1,j0nm9r48,y655gr36,xd1wzpw2,5921rx7w,1
o6gnown1,j0nm9r48,3dxk7g41,wdmm7g4d,y9mve4z9,1
o6gnown1,j0nm9r48,3dxk7g41,wdmm7g4d,5wkv24vd,1
o6gnown1,j0nm9r48,3dxk7g41,wdmm7g4d,5921je7w,1
o6gnown1,j0nm9r48,3dxk7g41,wdmm7g4d,xd4m6gqd,1
o6gnown1,j0nm9r48,y655gr36,824qz4nk,rdqvoxo9,1
o6gnown1,j0nm9r48,y655gr36,824qz4nk,5d70xoq9,1
o6gnown1,j0nm9r48,y655gr36,824qz4nk,kwjm6n0w,1
o6gnown1,j0nm9r48,y655gr36,824qz4nk,owov5zj9,1
o6gnown1,j0nm9r48,y655gr36,824qz4nk,xd1oygz9,1
o6gnown1,j0nm9r48,y655gr36,824qz4nk,ewpvogyw,1
o6gnown1,j0nm9r48,y655gr36,824qz4nk,y9mvglz9,1
o6gnown1,j0nm9r48,y655gr36,824qz4nk,5wkveyvd,1
o6gnown1,j0nm9r48,y655gr36,824qz4nk,5921rx7w,1
o6gnown1,j0nm9r48,y655gr36,q255z6g2,rdqvoxo9,1
o6gnown1,j0nm9r48,y655gr36,9d85z9ld,rdqvoxo9,1
o6gnown1,j0nm9r48,y655gr36,9d85z9ld,5d70xoq9,1
o6gnown1,j0nm9r48,y655gr36,jdzrxz62,rdqvoxo9,1
o6gnown1,j0nm9r48,o6gno081,jdzrx8g2,None,2
o6gnown1,j0nm9r48,3dxk7g41,wdmm7g4d,xd1o0lz9,1
o6gnown1,j0nm9r48,3dxk7g41,wdmm7g4d,ewpvp4yw,1
o6gnown1,j0nm9r48,w6jl59ed,7kjgjr3k,None,2
o6gnown1,j0nm9r48,kdkmmke1,9d8l1pl2,None,6
o6gnown1,j0nm9r48,j1lqkpz6,wkpgl8jk,kwjmpnnw,1
o6gnown1,j0nm9r48,j1lqkpz6,wkpgl8jk,owovyzo9,1
o6gnown1,j0nm9r48,j1lqkpz6,wkpgl8jk,xd1oxge9,1
o6gnown1,j0nm9r48,j1lqkpz6,wkpgl8jk,ewpvr1kw,1
o6gnown1,j0nm9r48,j1lqkpz6,wkpgl8jk,y9mv8759,1
o6gnown1,j0nm9r48,j1lqkpz6,wkpgl8jk,5wkvp52d,1
o6gnown1,j0nm9r48,j1lqkpz6,wkpgl8jk,592152ow,1
o6gnown1,j0nm9r48,j1lqkpz6,wkpgl8jk,29vv2439,1
o6gnown1,j0nm9r48,j1lqkpz6,wkpgl8jk,xd4mx42d,1
o6gnown1,j0nm9r48,j1lqkpz6,wkpgl8jk,xd0jxmxw,1
o6gnown1,j0nm9r48,j1lqkpz6,wkpgl8jk,rw6038rw,1
o6gnown1,j0nm9r48,j1lqkpz6,wkpgl8jk,5d708og9,1
o6gnown1,j0nm9r48,pd0qmpl1,wkpgl6jk,None,1
o6gnown1,j0nm9r48,pd0qmpl1,7dg1elgd,o9xv480d,1
o6gnown1,j0nm9r48,pd0qmpl1,7dg1elgd,4950430d,1
o6gnown1,j0nm9r48,pd0qmpl1,7dg1elgd,rdqvlpk9,1
o6gnown1,j0nm9r48,pd0qmpl1,7dg1elgd,5d708ng9,1
o6gnown1,j0nm9r48,pd0qmpl1,7dg1elgd,kwjmpxnw,1
o6gnown1,j0nm9r48,3dxk7g41,wdmm7g4d,5d707qq9,1
o6gnown1,j0nm9r48,3dxk7g41,wdmm7g4d,kwjmy40w,1
o6gnown1,j0nm9r48,3dxk7g41,wdmm7g4d,owovk4j9,1
o6gnown1,j0nm9r48,j1lqkyz6,824qo4nk,None,2
o6gnown1,j0nm9r48,3dxk7g41,wdmm7g4d,rdqv04o9,1
o6gnown1,j0nm9r48,nd28xz3d,824qonmk,None,3
o6gnown1,j0nm9r48,9d38p591,xd1wxj72,None,2
o6gnown1,j0nm9r48,9d38p591,zd35mj8k,None,1
o6gnown1,j0nm9r48,y655gr36,xd1woj42,None,1
o6gnown1,j0nm9r48,j1lqk976,z275y84k,z9806ygd,3
o6gnown1,j0nm9r48,j1lqk976,z275y84k,rdnv06q9,1
o6gnown1,j0nm9r48,j1lqk976,z275y84k,ldyvynkd,1
o6gnown1,j0nm9r48,j1lqk976,z275y84k,gdrvem6w,1
o6gnown1,j0nm9r48,j1lqk976,z275y84k,nwlvlq09,1
o6gnown1,j0nm9r48,j1lqk976,z275y84k,ywe71ryd,1
o6gnown1,j0nm9r48,j1lqk976,z275y84k,69zv3ylw,1
o6gnown1,j0nm9r48,j1lqk976,z275y84k,r9go2e5w,1
o6gnown1,j0nm9r48,j1lqk976,z275y84k,o9xvn80d,1
o6gnown1,j0nm9r48,j1lqk976,z275y84k,4950630d,1
o6gnown1,j0nm9r48,j1lqk976,z275y84k,rdqvjpk9,1
o6gnown1,j0nm9r48,j1lqk976,z275y84k,5d70vng9,1
o6gnown1,j0nm9r48,3dxk7g41,wdmm7g4d,ldyvelpd,1
o6gnown1,j0nm9r48,3dxk7g41,wdmm7g4d,gdrvj6ew,1
o6gnown1,j0nm9r48,3dxk7g41,wdmm7g4d,nwlv64o9,1
o6gnown1,j0nm9r48,3dxk7g41,wdmm7g4d,ywe74xld,1
o6gnown1,j0nm9r48,3dxk7g41,wdmm7g4d,69zvrexw,1
o6gnown1,j0nm9r48,3dxk7g41,wdmm7g4d,r9gozqjw,1
o6gnown1,j0nm9r48,3dxk7g41,wdmm7g4d,o9xv2r3d,1
o6gnown1,j0nm9r48,3dxk7g41,wdmm7g4d,4950jxmd,1
o6gnown1,j0nm9r48,o6gnown1,wdmmoo3d,None,2
o6gnown1,j0nm9r48,o6gnown1,wdmmoo3d,None,2
o6gnown1,j0nm9r48,j1lqk976,xk9513v2,None,1
o6gnown1,j0nm9r48,o6gnown1,vdopgg92,nwlvllr9,1
o6gnown1,j0nm9r48,o6gnown1,vdopgg92,ywe711rd,1
o6gnown1,j0nm9r48,y655gr36,xd1woj42,None,1
o6gnown1,j0nm9r48,o6gnzno1,z27m71o2,xd06n4xd,3
o6gnown1,j0nm9r48,o6gnzno1,z27m71o2,rdq4onk9,1
o6gnown1,j0nm9r48,o6gnzno1,z27m71o2,5d7qx2gw,1
o6gnown1,j0nm9r48,o6gnzno1,z27m71o2,kwj46vnw,1
o6gnown1,j0nm9r48,o6gnzno1,z27m71o2,owo453o9,1
o6gnown1,j0nm9r48,o6gnzno1,z27m71o2,xd1ly4e9,1
o6gnown1,j0nm9r48,o6gnzno1,z27m71o2,ewp4ookw,1
o6gnown1,j0nm9r48,o6gnzno1,z27m71o2,5wk4ee2d,1
o6gnown1,j0nm9r48,o6gnzno1,7kjor6z2,kwj4647w,1
o6gnown1,j0nm9r48,o6gnzno1,7kjor6z2,owo454k9,1
o6gnown1,j0nm9r48,o6gnzno1,z27m71o2,xd1lyl59,1
o6gnown1,j0nm9r48,o6gnzno1,7kjor6z2,ewp4o4jw,1
o6gnown1,j0nm9r48,o6gnzno1,z27m71o2,y9m4g4x9,1
o6gnown1,j0nm9r48,9do8ppk1,9kvr8z02,n933rje9,4
o6gnown1,j0nm9r48,9do8ppk1,9kvr8z02,z98lxkld,5
o6gnown1,j0nm9r48,9do8ppk1,9kvr8z02,rdngy1v9,3
o6gnown1,j0nm9r48,9do8ppk1,9kvr8z02,ldy0ozz9,4
o6gnown1,j0nm9r48,9do8ppk1,9kvr8z02,gdr7z3zw,5
o6gnown1,j0nm9r48,9do8ppk1,9kvr8z02,nwle8jrd,5
o6gnown1,j0nm9r48,9do8ppk1,9kvr8z02,ywepoerd,5
o6gnown1,j0nm9r48,9do8ppk1,9kvr8z02,69z01god,4
o6gnown1,j0nm9r48,kdkmp321,mkew798k,ywe727yd,1
o6gnown1,j0nm9r48,9d3rv59d,jdre5jgk,None,1
o6gnown1,j0nm9r48,kdkmp321,mkew798k,nwlvgv09,1
o6gnown1,j0nm9r48,ldejr7n1,vdopn5v2,None,1
o6gnown1,j0nm9r48,o6gnre51,8248lxwk,owonypvd,12
o6gnown1,j0nm9r48,o6gnre51,8248lxwk,rdqrlkmw,16
o6gnown1,j0nm9r48,o6gnre51,8248lxwk,kwjjpqrw,15
o6gnown1,j0nm9r48,o6gnre51,8248lxwk,495g412w,32
o6gnown1,j0nm9r48,o6gnre51,8248lxwk,5d758m5w,13
o6gnown1,j0nm9r48,nd283qvd,mkewwoxk,None,4
o6gnown1,j0nm9r48,yd4kne56,q2555ov2,None,2
o6gnown1,j0nm9r48,nd283qvd,wkpggj0k,None,1
o6gnown1,j0nm9r48,nd283qvd,7dg118xd,None,5
o6gnown1,j0nm9r48,268wmo56,zd35q5rk,5d7rk259,4
o6gnown1,j0nm9r48,268wmo56,zd35q5rk,kwjrlvrd,2
o6gnown1,j0nm9r48,268wmo56,zd35q5rk,owox13vw,1
o6gnown1,j0nm9r48,268wmo56,zd35q5rk,xd11e4qd,1
o6gnown1,j0nm9r48,268wmo56,zd35q5rk,ewp5m8l9,1
o6gnown1,j0nm9r48,268wmo56,zd35q5rk,y9mzq2ld,1
o6gnown1,j0nm9r48,268wmo56,zd35q5rk,5wklzq59,1
o6gnown1,j0nm9r48,268wmo56,zd35q5rk,592pg4gw,1
o6gnown1,j0nm9r48,268wmo56,zd35q5rk,29vpe019,1
o6gnown1,j0nm9r48,268wmo56,zd35q5rk,xd487e0w,1
o6gnown1,j0nm9r48,268wmo56,zd35q5rk,xd0orn0d,1
o6gnown1,j0nm9r48,268wmo56,zd35q5rk,rw6ypgn9,1
o6gnown1,j0nm9r48,ldejrgj1,jdrwrvxk,rw6yzk69,1
o6gnown1,j0nm9r48,268wmo56,zd35q5rk,n9335l79,1
o6gnown1,j0nm9r48,268wmo56,zd35q5rk,z98lv57d,1
o6gnown1,j0nm9r48,268wmo56,zd35q5rk,rdngjxn9,1
o6gnown1,j0nm9r48,268wmo56,zd35q5rk,ldy07kj9,1
o6gnown1,j0nm9r48,268wmo56,zd35q5rk,gdr74o8w,1
o6gnown1,j0nm9r48,268wmo56,zd35q5rk,nwlexzpd,1
o6gnown1,j0nm9r48,268wmo56,zd35q5rk,ywepk3qd,1
o6gnown1,j0nm9r48,268wmo56,zd35q5rk,69z0o66d,1
o6gnown1,j0nm9r48,268wmo56,zd35q5rk,r9g80nqd,1
o6gnown1,j0nm9r48,268wmo56,zd35q5rk,o9x05o69,1
o6gnown1,j0nm9r48,268wmo56,zd35q5rk,495noz29,1
o6gnown1,j0nm9r48,268wmo56,zd35q5rk,rdqq2omd,1
o6gnown1,j0nm9r48,268wmo56,zd35q5rk,5d7rkx59,1
o6gnown1,j0nm9r48,268wmo56,zd35q5rk,kwjrl6rd,1
o6gnown1,j0nm9r48,268wmo56,zd35q5rk,owox15vw,1
o6gnown1,j0nm9r48,268wmo56,zd35q5rk,xd11eyqd,1
o6gnown1,j0nm9r48,268wmo56,zd35q5rk,ewp5mol9,1
o6gnown1,j0nm9r48,268wmo56,zd35q5rk,y9mzqgld,1
o6gnown1,j0nm9r48,268wmo56,zd35q5rk,5wklze59,1
o6gnown1,j0nm9r48,268wmo56,mkewymjk,None,1
o6gnown1,j0nm9r48,9do8ppk1,xd1wjp82,None,1
o6gnown1,j0nm9r48,j1n8xke1,jdrwnegk,None,4
o6gnown1,j0nm9r48,j1n8xke1,q25517y2,None,1
o6gnown1,j0nm9r48,9do8ppk1,xd1wjp82,None,1
o6gnown1,j0nm9r48,j1lmjzdg,jdz56vxd,None,208
o6gnown1,j0nm9r48,j1lmjzdg,wk6jj9ed,None,27
o6gnown1,j0nm9r48,ldejrgj1,jdrwrvxk,z98lx21d,1
o6gnown1,j0nm9r48,ldejrgj1,jdrwrvxk,rdngyk69,1
o6gnown1,j0nm9r48,ldejrgj1,jdrwrvxk,ldy0o479,1
o6gnown1,j0nm9r48,ldejrgj1,jdrwrvxk,gdr7zpkw,1
o6gnown1,j0nm9r48,ldejrgj1,jdrwrvxk,nwle8ggd,1
o6gnown1,j0nm9r48,ldejrgj1,jdrwrvxk,ywepo24d,1
o6gnown1,j0nm9r48,ldejrgj1,jdrwrvxk,69z01p4d,1
o6gnown1,j0nm9r48,ldejrgj1,jdrwrvxk,r9g8py2d,1
o6gnown1,j0nm9r48,ldejrgj1,jdrwrvxk,n933r2r9,1
o6gnown1,j0nm9r48,9do8ppk1,xd1wjp82,None,3
o6gnown1,j0nm9r48,9do8ppk1,9kvr8z02,ldy0ozr9,3
o6gnown1,j0nm9r48,9do8ppk1,xd1wjp82,None,3
o6gnown1,j0nm9r48,268wm2y6,jdrw930k,None,1
o6gnown1,j0nm9r48,kdkmokl1,wdmm934d,592p763w,3
o6gnown1,j0nm9r48,kdkmokl1,wdmm934d,29vpr8l9,1
o6gnown1,j0nm9r48,kdkmokl1,wdmm934d,xd48o5rw,1
o6gnown1,j0nm9r48,kdkmokl1,wdmm934d,xd0o5e4d,1
o6gnown1,j0nm9r48,kdkmokl1,wdmm934d,rw6y67g9,1
o6gnown1,j0nm9r48,kdkmokl1,wdmm934d,n933jxz9,1
o6gnown1,j0nm9r48,kdkmokl1,wdmm934d,z98lkopd,1
o6gnown1,j0nm9r48,kdkmokl1,wdmm934d,rdng1m79,1
o6gnown1,j0nm9r48,kdkmokl1,wdmm934d,ldy0zrr9,1
o6gnown1,j0nm9r48,kdkmokl1,wdmm934d,nwlejmed,1
o6gnown1,j0nm9r48,kdkmokl1,wdmm934d,ywepev7d,1
o6gnown1,j0nm9r48,kdkmokl1,wdmm934d,69z0glgd,1
o6gnown1,j0nm9r48,kdkmokl1,w20e87zd,None,1
o6gnown1,j0nm9r48,9d38q291,02qe9nz2,None,1
o6gnown1,j0nm9r48,9d38q291,9d85oqqd,rw6y6xg9,3
o6gnown1,j0nm9r48,9d38q291,9d85oqqd,n933jez9,1
o6gnown1,j0nm9r48,9d38q291,9d85oqqd,z98lkqpd,1
o6gnown1,j0nm9r48,9d38q291,9d85oqqd,rdng1879,1
o6gnown1,j0nm9r48,9d38q291,9d85oqqd,ldy0z6r9,1
o6gnown1,j0nm9r48,9d38q291,9d85oqqd,gdr73llw,1
o6gnown1,j0nm9r48,4d7nqyn6,xd1wgnr2,69z00y4d,1
o6gnown1,j0nm9r48,yd4kn0x6,7dg1xzxd,None,2
o6gnown1,j0nm9r48,y655ele6,02qe9oj2,5wklvxp9,1
o6gnown1,j0nm9r48,m1zk75x1,wdmm9xod,None,1
o6gnown1,j0nm9r48,m1zk75x1,n2yreo8d,xd48mlpw,1
o6gnown1,j0nm9r48,m1zk75x1,n2yreo8d,xd0oj81d,1
o6gnown1,j0nm9r48,m1zk75x1,n2yreo8d,5wklv3q9,2
o6gnown1,j0nm9r48,m1zk75x1,n2yreo8d,592p1yrw,1
o6gnown1,j0nm9r48,m1zk75x1,n2yreo8d,29vpvqn9,1
o6gnown1,j0nm9r48,yd4knzk6,zd35vork,None,1
o6gnown1,j0nm9r48,yd4knzk6,wkpg908k,ywep7r4d,1
o6gnown1,j0nm9r48,yd4knzk6,wkpg908k,69z0vy4d,1
o6gnown1,j0nm9r48,yd4knzk6,wkpg908k,495n0349,1
o6gnown1,j0nm9r48,yd4knzk6,wkpg908k,o9x0v879,1
o6gnown1,j0nm9r48,yd4knzk6,wkpg908k,rdqqvpgd,1
o6gnown1,j0nm9r48,9d38q7y1,w20ex6zd,None,2
o6gnown1,j0nm9r48,yd4kn0x6,vdopz612,None,2
o6gnown1,j0nm9r48,yd4kn0x6,wdmm90xd,None,1
o6gnown1,j0nm9r48,yd4kn0x6,wkpg9p0k,None,1
o6gnown1,j0nm9r48,y655ele6,xk95pj42,None,1
o6gnown1,j0nm9r48,9d38q7y1,wdmmvy4d,None,1
o6gnown1,j0nm9r48,pdv27gr6,9d85eqqd,None,1
o6gnown1,j0nm9r48,pdv27gr6,xd1w4y82,None,4
o6gnown1,j0nm9r48,pdv27gr6,vdopxr12,None,1
o6gnown1,j0nm9r48,9d38q7y1,vdopx9o2,None,1
o6gnown1,j0nm9r48,pdv27gr6,q255elv2,None,1
o6gnown1,j0nm9r48,4d7nqyn6,xd1wgnr2,yweppr4d,1
o6gnown1,j0nm9r48,4d7nqyn6,xd1wgnr2,rw6y18p9,1
o6gnown1,j0nm9r48,4d7nqyn6,xd1wgnr2,xd4814qw,1
o6gnown1,j0nm9r48,4d7nqyn6,xd1wgnr2,xd0o1mmd,1
o6gnown1,j0nm9r48,76r32pq6,zdno0p72,None,1
o6gnown1,j0nm9r48,pd0q9rv1,wk6rvqek,None,30
o6gnown1,j0nm9r48,pd0q9rv1,wk6rvqek,None,9
o6gnown1,j0nm9r48,3dxkq4p1,zd3q99rk,None,1
o6gnown1,j0nm9r48,y655kw46,q255g382,None,1
o6gnown1,j0nm9r48,y655kw46,jdrwvexk,None,1
o6gnown1,j0nm9r48,y655kw46,jdzr97v2,None,1
o6gnown1,j0nm9r48,y655kw46,02qe3pp2,None,1
o6gnown1,j0nm9r48,pd0q9rv1,mkewwn9k,None,3
o6gnown1,j0nm9r48,3dxkmzg1,5dwq5jld,None,1
o6gnown1,j0nm9r48,3dxkmzg1,7dg1r8pd,None,1
o6gnown1,j0nm9r48,3dxkmzg1,mkewzo6k,None,1
o6gnown1,j0nm9r48,3dxkmzg1,wk6r7pxk,None,1
o6gnown1,j0nm9r48,3dxkmzg1,n2yr5q8d,None,1
o6gnown1,j0nm9r48,3dxkmzg1,7kjlpvx2,None,1
o6gnown1,j0nm9r48,3dxkmzg1,wkpgojwk,None,1
o6gnown1,j0nm9r48,9d38e891,jdrw1jgk,None,1
o6gnown1,j0nm9r48,kdkm0qg1,9kvrjzj2,None,2
o6gnown1,j0nm9r48,kdkm0qg1,wdmm4jxd,None,1
o6gnown1,j0nm9r48,kdkm0qg1,7dg15pxd,None,1
o6gnown1,j0nm9r48,kdkm0qg1,vdopq712,None,1
o6gnown1,j0nm9r48,kdkm0qg1,ndxrpq1d,None,1
o6gnown1,j0nm9r48,kdkm0qg1,rkl0eyqk,None,1
o6gnown1,j0nm9r48,9d38eze1,ndxnp0jk,nwleyprd,1
o6gnown1,j0nm9r48,9d38eze1,ndxnp0jk,ywepjmrd,1
o6gnown1,j0nm9r48,9d38eze1,ndxnp0jk,gdr781zw,1
o6gnown1,j0nm9r48,9d38eze1,ndxnp0jk,ldy058z9,1
o6gnown1,j0nm9r48,9d38eze1,8248mq3k,None,1
o6gnown1,j0nm9r48,9d38eze1,xd153w82,None,1
o6gnown1,j0nm9r48,9d38eze1,ndxnp0jk,rdqq351d,1
o6gnown1,j0nm9r48,9d38eze1,ndxnp0jk,5d7rezv9,1
o6gnown1,j0nm9r48,9d38eze1,ndxnp0jk,kwjr81zd,1
o6gnown1,j0nm9r48,9d38eze1,ndxnp0jk,owoxeqyw,1
o6gnown1,j0nm9r48,9d38eze1,ndxnp0jk,xd11386d,1
o6gnown1,j0nm9r48,9d38eze1,ndxnp0jk,ewp5z0z9,1
o6gnown1,j0nm9r48,9d38eze1,ndxnp0jk,y9mzr11d,1
o6gnown1,j0nm9r48,9d38eze1,ndxnp0jk,5wkln1q9,1
o6gnown1,j0nm9r48,9d38eze1,ndxnp0jk,592p8nrw,1
o6gnown1,j0nm9r48,9d38eze1,ndxnp0jk,29vpl5n9,1
o6gnown1,j0nm9r48,9d38eze1,ndxnp0jk,xd48yrpw,1
o6gnown1,j0nm9r48,9d38eze1,ndxnp0jk,xd0o231d,1
o6gnown1,j0nm9r48,9d38eze1,ndxnp0jk,rw6yle79,1
o6gnown1,j0nm9r48,9d38eze1,ndxnp0jk,n933nye9,1
o6gnown1,j0nm9r48,9d38eze1,ndxnp0jk,z98lzgld,1
o6gnown1,j0nm9r48,9d38eze1,ndxnp0jk,rdngl2v9,1
o6gnown1,j0nm9r48,4d7n5lg6,9kvrpj32,None,1
o6gnown1,j0nm9r48,9d38e891,5dw1o3ek,None,1
o6gnown1,j0nm9r48,9d38eze1,ndxnp0jk,gdr78gzw,1
o6gnown1,j0nm9r48,9d38eze1,ndxnp0jk,nwleynrd,1
o6gnown1,j0nm9r48,9d38eze1,ndxnp0jk,ywepjnrd,1
o6gnown1,j0nm9r48,9d38eze1,ndxnp0jk,69z0qxod,1
o6gnown1,j0nm9r48,9d38eze1,ndxnp0jk,r9g8jjkd,1
o6gnown1,j0nm9r48,9d38eze1,ndxnp0jk,o9x0zz19,1
o6gnown1,j0nm9r48,9d38eze1,ndxnp0jk,495nrrj9,1
o6gnown1,j0nm9r48,9d38eze1,ndxnp0jk,rdqq331d,1
o6gnown1,j0nm9r48,9d38eze1,ndxnp0jk,5d7reev9,1
o6gnown1,j0nm9r48,9d38eze1,ndxnp0jk,kwjr88zd,1
o6gnown1,j0nm9r48,9d38eze1,ndxnp0jk,owoxeeyw,1
o6gnown1,j0nm9r48,9d38eze1,ndxnp0jk,ewp5zzz9,1
o6gnown1,j0nm9r48,9d38eze1,ndxnp0jk,xd11336d,1
o6gnown1,j0nm9r48,kdkmkne1,jdrn370k,None,1
o6gnown1,j0nm9r48,4d7n5lg6,9kvrpj32,None,1
o6gnown1,j0nm9r48,4d7n5lg6,9kvrpj32,None,1
o6gnown1,j0nm9r48,kdkmkne1,jdrn370k,None,1
o6gnown1,j0nm9r48,kdkmkne1,jdrn370k,None,1
o6gnown1,j0nm9r48,4d7n5lg6,9kvrpj32,None,1
o6gnown1,j0nm9r48,y655yo86,z275p64k,z98l6prd,2
o6gnown1,j0nm9r48,y655yo86,z275p64k,rdng0359,2
o6gnown1,j0nm9r48,y655yo86,z275p64k,ldy0yqp9,2
o6gnown1,j0nm9r48,y655yo86,z275p64k,gdr7erew,2
o6gnown1,j0nm9r48,y655yo86,z275p64k,nwlel0od,2
o6gnown1,j0nm9r48,y655yo86,xk95ygv2,None,2
o6gnown1,j0nm9r48,y655yo86,z275p64k,ldy0yk79,3
o6gnown1,j0nm9r48,y655yo86,z275p64k,5d7rvqq9,2
o6gnown1,j0nm9r48,y655yo86,z275p64k,kwjr540d,2
o6gnown1,j0nm9r48,y655yo86,z275p64k,owox04jw,2
o6gnown1,j0nm9r48,y655yo86,z275p64k,xd117lzd,2
o6gnown1,j0nm9r48,y655yo86,z275p64k,ewp5j4y9,2
o6gnown1,j0nm9r48,y655yo86,z275p64k,y9mzj4zd,2
o6gnown1,j0nm9r48,y655yo86,z275p64k,5wklj4v9,2
o6gnown1,j0nm9r48,y655yo86,z275p64k,592pze7w,2
o6gnown1,j0nm9r48,y655yo86,z275p64k,29vp3nq9,2
o6gnown1,j0nm9r48,y655yo86,z275p64k,xd48jgqw,2
o6gnown1,j0nm9r48,y655yo86,z275p64k,xd0og6md,2
o6gnown1,j0nm9r48,y655yo86,z275p64k,rw6y45p9,2
o6gnown1,j0nm9r48,y655yo86,z275p64k,n9337k29,2
o6gnown1,j0nm9r48,268wk8y6,jdrnzmgk,rdngpjq9,1
o6gnown1,j0nm9r48,268wk8y6,z27vnj02,None,1
o6gnown1,j0nm9r48,w6jl9wed,xk9nyy42,None,4
o6gnown1,j0nm9r48,y655yl86,xk9xq8vk,None,1
o6gnown1,j0nm9r48,46w2wmn6,wk635lxk,ewpymx4w,1
o6gnown1,j0nm9r48,46w2wmn6,wk635lxk,y9m3qx0w,1
o6gnown1,j0nm9r48,46w2wmn6,wk635lxk,5wkoz6x9,1
o6gnown1,j0nm9r48,46w2wmn6,wk635lxk,592lgq6d,1
o6gnown1,j0nm9r48,46w2wmn6,wk635lxk,29vxe7xw,1
o6gnown1,j0nm9r48,46w2wmn6,wk635lxk,xd4z728w,1
o6gnown1,j0nm9r48,46w2wmn6,wk635lxk,xd0yrqjw,1
o6gnown1,j0nm9r48,46w2wmn6,wk635lxk,rw6xpo6w,1
o6gnown1,j0nm9r48,46w2wmn6,wk635lxk,n93e54rw,1
o6gnown1,j0nm9r48,46w2wmn6,wk635lxk,z98qv719,1
o6gnown1,j0nm9r48,j1n82ew1,rkln4lw2,None,5
o6gnown1,j0nm9r48,j1n82ew1,rkln4lw2,None,3
o6gnown1,j0nm9r48,j1n82ew1,rkln4lw2,None,3
o6gnown1,j0nm9r48,j1n82ew1,rkln4lw2,None,3
o6gnown1,j0nm9r48,j1n82ew1,rkln4lw2,None,2
o6gnown1,j0nm9r48,j1n82ew1,rkln4lw2,None,2
o6gnown1,j0nm9r48,j1n82ew1,w20njgzd,rdngon69,1
o6gnown1,j0nm9r48,j1n82ew1,w20njgzd,ldy01279,1
o6gnown1,j0nm9r48,j1n82ew1,w20njgzd,gdr7pgkw,1
o6gnown1,j0nm9r48,j1n82ew1,w20njgzd,o9x01z79,1
o6gnown1,j0nm9r48,j1n82ew1,w20njgzd,495nkr49,1
o6gnown1,j0nm9r48,j1n82ew1,w20njgzd,rdqqz3gd,1
o6gnown1,j0nm9r48,j1n82ew1,ndxnz9jk,None,2
o6gnown1,j0nm9r48,46w2wmn6,wk635lxk,rdqr27gw,1
o6gnown1,j0nm9r48,46w2wmn6,wk635lxk,5d75k4ew,1
o6gnown1,j0nm9r48,46w2wmn6,wk635lxk,kwjjlz1w,1
o6gnown1,j0nm9r48,46w2wmn6,wk635lxk,owon163d,1
o6gnown1,j0nm9r48,46w2wmn6,wk635lxk,xd1re2y9,1
o6gnown1,j0nm9r48,kdkmkne1,jdrn370k,None,1
o6gnown1,j0nm9r48,46w2wmn6,wk635lxk,69zjopow,1
o6gnown1,j0nm9r48,46w2wmn6,wk635lxk,29vxe3xw,1
o6gnown1,j0nm9r48,46w2wmn6,wk635lxk,xd4z7j8w,1
o6gnown1,j0nm9r48,46w2wmn6,wk635lxk,xd0yrgjw,1
o6gnown1,j0nm9r48,46w2wmn6,wk635lxk,rw6xp46w,1
o6gnown1,j0nm9r48,46w2wmn6,wk635lxk,n93e57rw,1
o6gnown1,j0nm9r48,46w2wmn6,wk635lxk,z98qv619,1
o6gnown1,j0nm9r48,46w2wmn6,wk635lxk,rdn8j06d,1
o6gnown1,j0nm9r48,46w2wmn6,wk635lxk,ldy67y79,1
o6gnown1,j0nm9r48,46w2wmn6,wk635lxk,gdrl4xkd,1
o6gnown1,j0nm9r48,46w2wmn6,wk635lxk,nwl1xog9,1
o6gnown1,j0nm9r48,46w2wmn6,wk635lxk,ywegk54d,1
o6gnown1,j0nm9r48,46w2wmn6,wk635lxk,69zjo24w,1
o6gnown1,j0nm9r48,46w2wmn6,wk635lxk,r9g5042d,1
o6gnown1,j0nm9r48,46w2wmn6,wk635lxk,o9xq577w,1
o6gnown1,j0nm9r48,46w2wmn6,wk635lxk,495go54w,1
o6gnown1,j0nm9r48,kdkmkne1,jdrn370k,None,1
o6gnown1,j0nm9r48,46w2wmn6,5dwnlwld,None,2
o6gnown1,j0nm9r48,3dxkq4p1,9kvnvv3d,gdrl4ekd,1
o6gnown1,j0nm9r48,3dxkq4p1,9kvnvv3d,nwl1xlg9,1
o6gnown1,j0nm9r48,3dxkq4p1,9kvnvv3d,ywegk14d,1
o6gnown1,j0nm9r48,3dxkq4p1,9kvnvv3d,69zjo34w,1
o6gnown1,j0nm9r48,3dxkq4p1,9kvnvv3d,r9g5022d,1
o6gnown1,j0nm9r48,3dxkq4p1,9kvnvv3d,o9xq5n7w,1
o6gnown1,j0nm9r48,3dxkq4p1,9kvnvv3d,495go64w,1
o6gnown1,j0nm9r48,3dxkq4p1,9kvnvv3d,rdqr2jgw,1
o6gnown1,j0nm9r48,3dxkq4p1,9kvnvv3d,5d75kvew,1
o6gnown1,j0nm9r48,3dxkq4p1,9kvnvv3d,kwjjl51w,1
o6gnown1,j0nm9r48,3dxkq4p1,9kvnvv3d,owon103d,1
o6gnown1,j0nm9r48,3dxkq4p1,9kvnvv3d,ldy67p79,1
o6gnown1,j0nm9r48,3dxkq4p1,9kvnvv3d,xd1re7y9,1
o6gnown1,j0nm9r48,3dxkq4p1,9kvnvv3d,ewpymj4w,1
o6gnown1,j0nm9r48,3dxkq4p1,9kvnvv3d,y9m3qj0w,1
o6gnown1,j0nm9r48,3dxkq4p1,9kvnvv3d,5wkozjx9,1
o6gnown1,j0nm9r48,46w2w476,jdznjegd,None,2
o6gnown1,j0nm9r48,pd0wrnw1,wdmx7n3k,None,4
o6gnown1,j0nm9r48,46w2w476,9d8l0y62,None,1
o6gnown1,j0nm9r48,k6qw8n96,wk63lrqk,gdrl5qkd,1
o6gnown1,j0nm9r48,k6qw8n96,wk63lrqk,nwl1r7g9,1
o6gnown1,j0nm9r48,k6qw8n96,wk63lrqk,yweg684d,1
o6gnown1,j0nm9r48,k6qw8n96,wk63lrqk,69zjk44w,1
o6gnown1,j0nm9r48,k6qw8n96,wk63lrqk,r9g5v32d,1
o6gnown1,j0nm9r48,k6qw8n96,wk63lrqk,o9xqpl7w,1
o6gnown1,j0nm9r48,k6qw8n96,wk63lrqk,495g784w,1
o6gnown1,j0nm9r48,k6qw8n96,wk63lrqk,rdqrx1gw,1
o6gnown1,j0nm9r48,k6qw8n96,wk63lrqk,5d75o3ew,1
o6gnown1,j0nm9r48,k6qw8n96,wk63lrqk,kwjjne1w,1
o6gnown1,j0nm9r48,k6qw8n96,wk63lrqk,owonz23d,1
o6gnown1,j0nm9r48,k6qw8n96,wk63lrqk,xd1rg5y9,1
o6gnown1,j0nm9r48,k6qw8n96,wk63lrqk,ewpygq4w,1
o6gnown1,j0nm9r48,k6qw8n96,wk63lrqk,y9m3lp0w,1
o6gnown1,j0nm9r48,k6qw8n96,wk63lrqk,5wkoyrx9,1
o6gnown1,j0nm9r48,k6qw8n96,wk63lrqk,592lxo6d,1
o6gnown1,j0nm9r48,k6qw8n96,wk63lrqk,29vxokxw,1
o6gnown1,j0nm9r48,k6qw8n96,wk63lrqk,xd4zq38w,1
o6gnown1,j0nm9r48,k6qw8n96,wk63lrqk,xd0yz7jw,1
o6gnown1,j0nm9r48,k6qw8n96,wk63lrqk,rw6xjn6w,1
o6gnown1,j0nm9r48,kdkmkgq1,824839mk,n93e6grw,1
o6gnown1,j0nm9r48,kdkmkgq1,824839mk,z98q1819,1
o6gnown1,j0nm9r48,kdkmkgq1,824839mk,rdn8ep6d,1
o6gnown1,j0nm9r48,kdkmkgq1,824839mk,ldy6mp79,1
o6gnown1,j0nm9r48,kdkmkgq1,824839mk,gdrl5ekd,1
o6gnown1,j0nm9r48,kdkmkgq1,824839mk,nwl1rlg9,1
o6gnown1,j0nm9r48,kdkmkgq1,824839mk,yweg614d,1
o6gnown1,j0nm9r48,kdkmkgq1,824839mk,69zjk34w,1
o6gnown1,j0nm9r48,kdkmkgq1,824839mk,r9g5v22d,1
o6gnown1,j0nm9r48,kdkmkgq1,824839mk,o9xqpn7w,1
o6gnown1,j0nm9r48,k6qw8n96,wk63lrqk,5wkoy2x9,1
o6gnown1,j0nm9r48,k6qw8n96,wk63lrqk,592lxj6d,1
o6gnown1,j0nm9r48,k6qw8n96,wk63lrqk,29vxoyxw,1
o6gnown1,j0nm9r48,k6qw8n96,wk63lrqk,xd4zq68w,1
o6gnown1,j0nm9r48,k6qw8n96,wk63lrqk,xd0yz0jw,1
o6gnown1,j0nm9r48,k6qw8n96,wk63lrqk,rw6xjv6w,1
o6gnown1,j0nm9r48,k6qw8n96,wk63lrqk,n93e60rw,1
o6gnown1,j0nm9r48,k6qw8n96,wk63lrqk,z98q1j19,1
o6gnown1,j0nm9r48,k6qw8n96,wk63lrqk,rdn8e56d,1
o6gnown1,j0nm9r48,k6qw8n96,wk63lrqk,ldy6me79,1
o6gnown1,j0nm9r48,k6qw8n96,wk63lrqk,69zjkyow,1
o6gnown1,j0nm9r48,k6qw8n96,wkpnxggd,None,2
o6gnown1,j0nm9r48,y6552376,xd15p782,None,1
o6gnown1,j0nm9r48,y6552376,9d8l9gq2,None,1
o6gnown1,j0nm9r48,w6j74gx6,vdoyv792,None,1
o6gnown1,j0nm9r48,nd2m3r10,q251nn8d,None,1
o6gnown1,j0nm9r48,nd2m3r10,q251nn8d,None,1
o6gnown1,j0nm9r48,nd2m3r10,q251nn8d,None,1
o6gnown1,j0nm9r48,4d795zl1,9d8x5z32,None,2
o6gnown1,j0nm9r48,9d3rwmyd,xd1ey7w2,None,1
o6gnown1,j0nm9r48,nd2m3r10,q251nn8d,None,1
o6gnown1,j0nm9r48,76rxlx46,vdo3pevd,None,4
o6gnown1,j0nm9r48,9d3rwmyd,xd1ey7w2,None,1
o6gnown1,j0nm9r48,9d3rwmyd,xd1ey7w2,None,1
o6gnown1,j0nm9r48,9d3rwmyd,xd1ey7w2,None,2
o6gnown1,j0nm9r48,9d3rwmyd,xd1ey7w2,None,2
o6gnown1,j0nm9r48,9d3rwmyd,xd1ey7w2,None,1
o6gnown1,j0nm9r48,9d3rwmyd,xd1ey7w2,None,1
o6gnown1,j0nm9r48,9d3rwmyd,xd1ey7w2,None,2
o6gnown1,j0nm9r48,m1mx7wj6,7dgrqnlk,None,2
o6gnown1,j0nm9r48,m1mx7wj6,mkezn9nk,None,1
o6gnown1,j0nm9r48,v1pny4d8,wk615ged,None,3
o6gnown1,j0nm9r48,nd28zqed,w20n3lvd,None,1
o6gnown1,j0nm9r48,v1pny4d8,vdoq9vok,n938kpzw,3
o6gnown1,j0nm9r48,v1pny4d8,vdoq9vok,nwlmpeg9,7
o6gnown1,j0nm9r48,v1pny4d8,vdoq9vok,ywevmp4d,5
o6gnown1,j0nm9r48,v1pny4d8,vdoq9vok,69zln04d,4
o6gnown1,j0nm9r48,v1pny4d8,vdoq9vok,o9xy307d,2
o6gnown1,j0nm9r48,v1pny4d8,vdoq9vok,495qln49,3
o6gnown1,j0nm9r48,v1pny4d8,vdoq9vok,rdqm5qg9,7
o6gnown1,j0nm9r48,v1pny4d8,vdoq9vok,5d7jzred,3
o6gnown1,j0nm9r48,v1pny4d8,vdoq9vok,owomqx39,4
o6gnown1,j0nm9r48,v1pny4d8,vdoq9vok,kwjk1r19,3
o6gnown1,j0nm9r48,v1pny4d8,vdoq9vok,ewp20549,3
o6gnown1,j0nm9r48,v1pny4d8,vdoq9vok,y9mm1z09,3
o6gnown1,j0nm9r48,v1pny4d8,vdoq9vok,5wkm1lxd,4
o6gnown1,j0nm9r48,v1pny4d8,vdoq9vok,o9xy3v7d,4
o6gnown1,j0nm9r48,v1pny4d8,vdoq9vok,rdqm5vg9,2
o6gnown1,j0nm9r48,v1pny4d8,vdoq9vok,owomqv39,2
o6gnown1,j0nm9r48,v1pny4d8,vdoq9vok,5wkm1vxd,3
o6gnown1,j0nm9r48,v1pny4d8,vdoq9vok,xd45rm8w,3
o6gnown1,j0nm9r48,v1pny4d8,vdoq9vok,xd0e3jj9,5
o6gnown1,j0nm9r48,v1pny4d8,vdoq9vok,z98ogkrd,3
o6gnown1,j0nm9r48,v1pny4d8,vdoq9vok,rdnm2159,3
o6gnown1,j0nm9r48,v1pny4d8,vdoq9vok,gdr013ed,4
o6gnown1,j0nm9r48,v1pny4d8,vdoq9vok,ywevmeld,3
o6gnown1,j0nm9r48,v1pny4d8,vdoq9vok,69zlngxd,2
o6gnown1,j0nm9r48,v1pny4d8,vdoq9vok,r9gm1gj9,3
o6gnown1,j0nm9r48,v1pny4d8,vdoq9vok,rdqm5ko9,4
o6gnown1,j0nm9r48,v1pny4d8,vdoq9vok,495ql1m9,4
o6gnown1,j0nm9r48,v1pny4d8,vdoq9vok,r9gm1829,4
o6gnown1,j0nm9r48,v1pny4d8,vdoq9vok,xd1z81yw,2
o6gnown1,j0nm9r48,v1pny4d8,vdoq9vok,ewp20v49,4
o6gnown1,j0nm9r48,v1pny4d8,vdoq9vok,nwlmpjo9,2
o6gnown1,j0nm9r48,v1pny4d8,vdoq9vok,kwjk1q09,4
o6gnown1,j0nm9r48,nd28zqed,rklnrpq2,None,1
o6gnown1,j0nm9r48,nd28zqed,vdoy1j12,r9g52rkd,1
o6gnown1,j0nm9r48,nd28zqed,vdoy1j12,o9xqnk1w,1
o6gnown1,j0nm9r48,nd28zqed,vdoy1j12,kwjj53zw,1
o6gnown1,j0nm9r48,nd28zqed,vdoy1j12,495g6yjw,1
o6gnown1,j0nm9r48,nd28zqed,vdoy1j12,rdqrjg1w,1
o6gnown1,j0nm9r48,nd28zqed,vdoy1j12,5d75vlvw,1
o6gnown1,j0nm9r48,nd28zqed,vdoy1j12,owon0lyd,1
o6gnown1,j0nm9r48,nd28zqed,vdoy1j12,xd1r7669,1
o6gnown1,j0nm9r48,nd28zqed,vdoy1j12,ewpyjezw,1
o6gnown1,j0nm9r48,nd28zqed,vdoy1j12,y9m3jy1w,1
o6gnown1,j0nm9r48,9d38eze1,mkeyqe82,None,1
o6gnown1,j0nm9r48,9d38eze1,mkeyqe82,None,1
o6gnown1,j0nm9r48,9d38eze1,mkeyqe82,None,1
o6gnown1,j0nm9r48,9d38eze1,mkeyqe82,None,1
o6gnown1,j0nm9r48,9d38eze1,mkeyqe82,None,1
o6gnown1,j0nm9r48,9d38eze1,mkeyqe82,None,1
o6gnown1,j0nm9r48,4d795zl1,8241qzg2,None,2
o6gnown1,j0nm9r48,4d795zl1,vdoyqm92,None,3
o6gnown1,j0nm9r48,9d38eze1,ndxnp0jk,kwjkqm79,1
o6gnown1,j0nm9r48,9d38eze1,ndxnp0jk,owompvk9,1
o6gnown1,j0nm9r48,9d38eze1,ndxnp0jk,xd1zqo5w,1
o6gnown1,j0nm9r48,9d38eze1,ndxnp0jk,ewp26vj9,1
o6gnown1,j0nm9r48,9d38eze1,ndxnp0jk,y9mmovx9,1
o6gnown1,j0nm9r48,9d38eze1,ndxnp0jk,5wkm7vpd,1
o6gnown1,j0nm9r48,9d38eze1,ndxnp0jk,5926713d,1
o6gnown1,j0nm9r48,w6j7ey76,jdzlzg62,None,4
o6gnown1,j0nm9r48,w6j7ey76,824n4vnk,rw67k2p9,3
o6gnown1,j0nm9r48,w6j7ey76,824n4vnk,n93x2129,3
o6gnown1,j0nm9r48,w6j7ey76,824n4vnk,z98o23rd,3
o6gnown1,j0nm9r48,w6j7ey76,824n4vnk,rdnmk759,3
o6gnown1,j0nm9r48,w6j7ey76,824n4vnk,ldyr4xp9,3
o6gnown1,j0nm9r48,kdkzxyed,02qm1wyd,29vn2k3d,1
o6gnown1,j0nm9r48,kdkzxyed,02qm1wyd,xd4gx32d,1
o6gnown1,j0nm9r48,kdkzxyed,02qm1wyd,xd06x7xd,1
o6gnown1,j0nm9r48,kdkzxyed,02qm1wyd,rw653nrd,1
o6gnown1,j0nm9r48,kdkzxyed,02qm1wyd,n93zognw,1
o6gnown1,j0nm9r48,76r3xn56,wdm959ok,None,1
o6gnown1,j0nm9r48,pdvz4xk6,02q9q7zk,xd1l8gy9,1
o6gnown1,j0nm9r48,pdvz4xk6,02q9q7zk,ewp40g4w,1
o6gnown1,j0nm9r48,pdvz4xk6,02q9q7zk,rdq45xg9,1
o6gnown1,j0nm9r48,pdvz4xk6,02q9q7zk,owo4qz39,1
o6gnown1,j0nm9r48,9d38o3g1,rkl9e56k,None,1
o6gnown1,j0nm9r48,pdvz4xk6,02q9q7zk,5d7qzoew,1
o6gnown1,j0nm9r48,pdvz4xk6,02q9q7zk,kwj41n1w,1
o6gnown1,j0nm9r48,3dxkjlp1,vdozom9k,None,1
o6gnown1,j0nm9r48,j1n87jl1,7dgx4wxk,rw65zq7d,1
o6gnown1,j0nm9r48,j1n87jl1,7dgx4wxk,n93zrqew,1
o6gnown1,j0nm9r48,j1n87jl1,7dgx4wxk,z984xrlw,1
o6gnown1,j0nm9r48,j1n87jl1,7dgx4wxk,rdn4yov9,1
o6gnown1,j0nm9r48,j1n87jl1,7dgx4wxk,ldylo1z9,1
o6gnown1,j0nm9r48,j1n87jl1,7dgx4wxk,gdr6zpzd,1
o6gnown1,j0nm9r48,j1n87jl1,7dgx4wxk,nwl48gr9,1
o6gnown1,j0nm9r48,j1n87jl1,7dgx4wxk,ywexo2r9,1
o6gnown1,j0nm9r48,j1n87jl1,7dgx4wxk,69ze1po9,1
o6gnown1,j0nm9r48,j1n87jl1,7dgx4wxk,r9gqpzkd,1
o6gnown1,j0nm9r48,j1n87jl1,7dgx4wxk,o9xrj219,1
o6gnown1,j0nm9r48,o6gnz2x1,xd11g37d,rdq4e3o9,3
o6gnown1,j0nm9r48,pd0qxz01,02q9oppk,y9m40q09,1
o6gnown1,j0nm9r48,pd0qxz01,02q9oppk,y9m40q09,1
o6gnown1,j0nm9r48,j1n87jl1,vdozmr1k,None,1
o6gnown1,j0nm9r48,yd4km9k6,n2ye7pmk,29vnqmnd,2
o6gnown1,j0nm9r48,j1n87jl1,7dgx4wxk,xd068k1d,1
o6gnown1,j0nm9r48,j1lq40z6,824l1vwd,None,1
o6gnown1,j0nm9r48,yd4km9k6,n2ye7pmk,xd4gl0pd,3
o6gnown1,j0nm9r48,yd4km9k6,n2ye7pmk,69ze1z49,3
o6gnown1,j0nm9r48,yd4km9k6,n2ye7pmk,r9gqpx2d,3
o6gnown1,j0nm9r48,pd0qxz01,wdm9l93k,None,1
o6gnown1,j0nm9r48,pd0qxz01,wdm9l93k,None,1
o6gnown1,j0nm9r48,pdv23m96,5dw98x52,ldyl6gp9,1
o6gnown1,j0nm9r48,pdv23m96,5dw98x52,z984kypw,2
o6gnown1,j0nm9r48,pdv23m96,wk60o4ok,z984kypw,2
o6gnown1,j0nm9r48,pdv23m96,5dw98x52,rdn41679,1
o6gnown1,j0nm9r48,pdv23m96,wk60o4ok,rdn41679,1
o6gnown1,j0nm9r48,pdv23m96,5dw98x52,ldylznr9,1
o6gnown1,j0nm9r48,pdv23m96,wk60o4ok,ldylznr9,1
o6gnown1,j0nm9r48,pdv23m96,5dw98x52,gdr63mld,1
o6gnown1,j0nm9r48,pdv23m96,wk60o4ok,gdr63mld,1
o6gnown1,j0nm9r48,pdv23m96,5dw98x52,nwl4jqe9,1
o6gnown1,j0nm9r48,pdv23m96,wk60o4ok,nwl4jqe9,1
o6gnown1,j0nm9r48,pd0qxz01,wdm9l93k,None,1
o6gnown1,j0nm9r48,pd0qxz01,wdm9l93k,None,2
o6gnown1,j0nm9r48,pd0qxz01,wdm9l93k,None,1
o6gnown1,j0nm9r48,pd0qxz01,jdze87vd,y9m40q09,1
o6gnown1,j0nm9r48,3dxkjlp1,wk607npk,29vn61xd,1
o6gnown1,j0nm9r48,pd0qxz01,q25xq38k,None,1
o6gnown1,j0nm9r48,pd0qxz01,jdze87vd,gdr6nkkd,1
o6gnown1,j0nm9r48,pd0qxz01,jdze87vd,rdn43j69,1
o6gnown1,j0nm9r48,3dxkjlp1,wk607npk,owo4jg39,1
o6gnown1,j0nm9r48,3dxkjlp1,wk607npk,592ekv69,1
o6gnown1,j0nm9r48,pd0qxz01,jdze87vd,ldylq779,1
o6gnown1,j0nm9r48,pd0qxz01,jdze87vd,z984pv1w,1
o6gnown1,j0nm9r48,kdkm3qq1,wkp9ygv2,z984ov1w,1
o6gnown1,j0nm9r48,76rx5kl6,vdoxjryd,ldyl81j9,1
o6gnown1,j0nm9r48,ldepme13,xd1m5rwd,None,10
o6gnown1,j0nm9r48,ldepme13,zd3yq0r2,None,6
o6gnown1,j0nm9r48,pd0qxz01,jdze87vd,xd4gp78d,1
o6gnown1,j0nm9r48,76rx5kl6,wdmven5d,ldyl81j9,2
o6gnown1,j0nm9r48,46w2zr76,9d8ov5q2,ywex3079,1
o6gnown1,j0nm9r48,46w2zr76,02q9jezk,None,1
o6gnown1,j0nm9r48,46w2zr76,9d8ov5q2,69ze67g9,1
o6gnown1,j0nm9r48,46w2zr76,9d8ov5q2,r9gqn6pd,1
o6gnown1,j0nm9r48,46w2zr76,9d8ov5q2,o9xro6p9,1
o6gnown1,j0nm9r48,46w2zr76,9d8ov5q2,495xzp3d,1
o6gnown1,j0nm9r48,kdkm3qq1,wkp9ygv2,rdn4mjv9,1
o6gnown1,j0nm9r48,kdkm3qq1,wkp9ygv2,ldylr7z9,1
o6gnown1,j0nm9r48,kdkm3qq1,wkp9ygv2,n93zx5rw,1
o6gnown1,j0nm9r48,pd0qxz01,jdze87vd,n93zk5rw,1
o6gnown1,j0nm9r48,pd0qxz01,jdze87vd,xd06prjd,1
o6gnown1,j0nm9r48,pd0qxz01,jdze87vd,29vngexd,1
o6gnown1,j0nm9r48,3dxkjlp1,5dw95402,592ekv69,1
o6gnown1,j0nm9r48,3dxkjlp1,5dw95402,29vn61xd,1
o6gnown1,j0nm9r48,o1y9lvk6,wkp9p1j2,gdr61rzd,1
o6gnown1,j0nm9r48,o1y9lvk6,wkp9p1j2,ywexm0r9,1
o6gnown1,j0nm9r48,o1y9lvk6,wkp9p1j2,69zen7o9,1
o6gnown1,j0nm9r48,o1y9lvk6,wkp9p1j2,r9gq1lkd,1
o6gnown1,j0nm9r48,pd0qxz01,jdze87vd,592emg69,1
o6gnown1,j0nm9r48,pd0qxz01,jdze87vd,5wk40zxd,1
o6gnown1,j0nm9r48,m1mnvwpd,02q9oxzk,None,2
o6gnown1,j0nm9r48,pd0qxz01,jdze87vd,y9m40q09,1
o6gnown1,j0nm9r48,3dxkjlp1,5dw95402,owo4jg39,2
o6gnown1,j0nm9r48,9d38o3g1,9kvqj8ed,None,1
o6gnown1,j0nm9r48,9d38o3g1,ndxep3ok,n93zzrrw,1
o6gnown1,j0nm9r48,9d38o3g1,ndxep3ok,ldyllo79,1
o6gnown1,j0nm9r48,9d38o3g1,ndxep3ok,gdr665kd,1
o6gnown1,j0nm9r48,9d38o3g1,ndxep3ok,nwl44rg9,1
o6gnown1,j0nm9r48,4d7977r1,9d8op3w2,None,2
o6gnown1,j0nm9r48,9do8mm1p,82470n25,y9mgvl95,11
o6gnown1,j0nm9r48,9do8mm1p,82470n25,y9mgvl95,12
o6gnown1,j0nm9r48,4d7977r1,xd11rvzd,None,2
o6gnown1,j0nm9r48,4d7977r1,wk601xrk,ywex03y9,4
o6gnown1,j0nm9r48,4d7977r1,wk601xrk,n93zkznw,3
o6gnown1,j0nm9r48,4d7977r1,wk601xrk,kwj406nw,4
o6gnown1,j0nm9r48,4d7977r1,wk601xrk,z984p4gw,3
o6gnown1,j0nm9r48,4d7977r1,wk601xrk,rdq4yok9,3
o6gnown1,j0nm9r48,4d7977r1,wk601xrk,ldylqlk9,4
o6gnown1,j0nm9r48,4d7977r1,wk601xrk,29vngn3d,5
o6gnown1,j0nm9r48,4d7977r1,wk601xrk,69ze76l9,3
o6gnown1,j0nm9r48,4d7977r1,wk601xrk,592emeo9,3
o6gnown1,j0nm9r48,9do8ook1,02q9gm7k,None,1
o6gnown1,j0nm9r48,4d7977r1,wk601xrk,o9xr6o09,2
o6gnown1,j0nm9r48,4d7977r1,wk601xrk,xd1lpye9,4
o6gnown1,j0nm9r48,4d7977r1,wk601xrk,5d7qpxgw,3
o6gnown1,j0nm9r48,4d7977r1,wk601xrk,ewp4n4kw,4
o6gnown1,j0nm9r48,4d7977r1,wk601xrk,rw6525rd,3
o6gnown1,j0nm9r48,4d7977r1,wk601xrk,xd4gpg2d,4
o6gnown1,j0nm9r48,4d7977r1,wk601xrk,r9gq6n5d,4
o6gnown1,j0nm9r48,4d7977r1,wk601xrk,y9m40459,3
o6gnown1,j0nm9r48,4d7977r1,wk601xrk,gdr6ro6d,4
o6gnown1,j0nm9r48,4d7977r1,wk601xrk,495xpz0d,3
o6gnown1,j0nm9r48,4d7977r1,wk601xrk,nwl40z09,3
o6gnown1,j0nm9r48,4d7977r1,wk601xrk,ldylqkk9,3
o6gnown1,j0nm9r48,4d7977r1,wk601xrk,xd06p6xd,3
o6gnown1,j0nm9r48,4d7977r1,wk601xrk,5wk4042d,3
o6gnown1,j0nm9r48,4d7977r1,wk601xrk,rdn434q9,4
o6gnown1,j0nm9r48,4d7977r1,wk601xrk,owo485o9,4
o6gnown1,j0nm9r48,o1y9lvk6,wkp9p1j2,ldyl8qz9,1
o6gnown1,j0nm9r48,pd0qn31e,5dw6pln2,n93l27z9,7
o6gnown1,j0nm9r48,pd0qn31e,5dw6pln2,n93l27z9,6
o6gnown1,j0nm9r48,pd0qn31e,5dw6pln2,n93l27z9,7
o6gnown1,j0nm9r48,pd0qn31e,5dw6pln2,n93l27z9,8
o6gnown1,j0nm9r48,pd0qn31e,5dw6pln2,n93l27z9,10
o6gnown1,j0nm9r48,pd0qn31e,5dw6pln2,n93l27z9,6
o6gnown1,j0nm9r48,pd0qn31e,5dw6pln2,n93l27z9,6
o6gnown1,j0nm9r48,pd0qn31e,5dw6pln2,n93l27z9,7
o6gnown1,j0nm9r48,pd0qn31e,5dw6pln2,n93l27z9,6
o6gnown1,j0nm9r48,pd0qn31e,5dw6pln2,n93l27z9,8
o6gnown1,j0nm9r48,pd0qn31e,5dw6pln2,n93l27z9,6
o6gnown1,j0nm9r48,pd0qn31e,5dw6pln2,n93l27z9,7
o6gnown1,j0nm9r48,k6qwmwm6,5dw9p702,None,1
o6gnown1,j0nm9r48,9d38o3g1,ndxep3ok,z9844x1w,1
o6gnown1,j0nm9r48,9d38o3g1,ndxep3ok,rdn44y69,1
o6gnown1,j0nm9r48,k6qwmwm6,5dw9p702,None,1
o6gnown1,j0nm9r48,k6qwmwm6,5dw9p702,None,1
o6gnown1,j0nm9r48,k6qwmwm6,5dw9p702,None,1
o6gnown1,j0nm9r48,k6qwmwm6,5dw9p702,None,2
o6gnown1,j0nm9r48,4d7977r1,824lx0ed,None,2
o6gnown1,j0nm9r48,o1y9lvk6,wkp9p1j2,ldyl8qz9,2
o6gnown1,j0nm9r48,o1y9lvk6,wkp9p1j2,gdr61rzd,2
o6gnown1,j0nm9r48,o1y9lvk6,wkp9p1j2,nwl4p0r9,1
o6gnown1,j0nm9r48,pd0qn31e,5dw6pln2,n93l27z9,6
o6gnown1,j0nm9r48,pd0qn31e,5dw6pln2,n93l27z9,7
o6gnown1,j0nm9r48,pd0qn31e,5dw6pln2,n93l27z9,6
o6gnown1,j0nm9r48,pd0qn31e,5dw6pln2,n93l27z9,8
o6gnown1,j0nm9r48,pd0qn31e,5dw6pln2,n93l27z9,6
o6gnown1,j0nm9r48,pd0qn31e,5dw6pln2,n93l27z9,6
o6gnown1,j0nm9r48,k6qwmwm6,5dw9p702,None,2
o6gnown1,j0nm9r48,9do8mm1p,82470n25,y9mgvl95,13
o6gnown1,j0nm9r48,9do8mm1p,02qx7zky,y9mgvl95,38
o6gnown1,j0nm9r48,9do8mm1p,02qx7zky,y9mgvl95,31
o6gnown1,j0nm9r48,j1nepy91,n2y580mk,None,4
o6gnown1,j0nm9r48,pd0qn31e,7kj8rxnd,n93l27z9,10
o6gnown1,j0nm9r48,pd0qn31e,xk9elq42,n93l27z9,12
o6gnown1,j0nm9r48,pd0qn31e,5dw6pln2,n93l27z9,7
o6gnown1,j0nm9r48,pd0qn31e,5dw6pln2,n93l27z9,7
o6gnown1,j0nm9r48,pd0qn31e,5dw6pln2,n93l27z9,7
o6gnown1,j0nm9r48,pd0qn31e,5dw6pln2,n93l27z9,6
o6gnown1,j0nm9r48,pd0qn31e,5dw6pln2,n93l27z9,6
o6gnown1,j0nm9r48,pd0qn31e,5dw6pln2,n93l27z9,7
o6gnown1,j0nm9r48,9do8mm1p,02qx7zky,y9mgvl95,63
o6gnown1,j0nm9r48,268eye96,z274xwz2,5wk42rpd,1
o6gnown1,j0nm9r48,268eye96,z274xwz2,592ejo39,1
o6gnown1,j0nm9r48,268eye96,z274xwz2,y9m4epx9,1
o6gnown1,j0nm9r48,268eye96,z274xwz2,ewp4pqjw,1
o6gnown1,j0nm9r48,4d7977r1,z27mg142,None,2
o6gnown1,j0nm9r48,k6qwmwm6,5dw9p702,None,5
o6gnown1,j0nm9r48,m1zk2kz1,jdze5nrd,None,2
o6gnown1,j0nm9r48,kdkm3qq1,wdm9qm4k,None,2
o6gnown1,j0nm9r48,46w2zr76,jdr9pw0d,None,1
o6gnown1,j0nm9r48,k6qwmwm6,5dw9p702,None,2
o6gnown1,j0nm9r48,o6gnzno1,wk60j8pk,None,1
o6gnown1,j0nm9r48,o6gnzno1,7kjor6z2,xd06n4xd,1
o6gnown1,j0nm9r48,o6gnzno1,7kjor6z2,rw65gmrd,1
o6gnown1,j0nm9r48,o6gnzno1,z27m71o2,rw65gmrd,1
o6gnown1,j0nm9r48,o6gnzno1,z27m71o2,495xzm0d,1
o6gnown1,j0nm9r48,o6gnzno1,7kjor6z2,495xzm0d,1
o6gnown1,j0nm9r48,76rx5kl6,wkp078g2,ldyl81j9,1
o6gnown1,j0nm9r48,76rx5kl6,vdoxjryd,gdr61p8d,1
o6gnown1,j0nm9r48,46w3kql1,5dw6zxe2,y9m42o09,1
o6gnown1,j0nm9r48,46w3kql1,5dw6zxe2,5wk4q7xd,1
o6gnown1,j0nm9r48,46w3kql1,5dw6zxe2,592e4769,1
o6gnown1,j0nm9r48,46w3kql1,5dw6zxe2,29vnzrxd,1
o6gnown1,j0nm9r48,m1zjj8x6,zdn4p4nk,None,2
o6gnown1,j0nm9r48,4d7977r1,xk9p0vvd,None,2
o6gnown1,j0nm9r48,46w3kql1,5dw6zxe2,xd06v4jd,1
o6gnown1,j0nm9r48,46w3kql1,5dw6zxe2,rw65km6d,1
o6gnown1,j0nm9r48,46w3kql1,5dw6zxe2,n93z2mrw,1
o6gnown1,j0nm9r48,46w3kql1,5dw6zxe2,ewp4864w,1
o6gnown1,j0nm9r48,v1pny4d8,q258z6y2,None,4
o6gnown1,j0nm9r48,m1zjj8x6,vdoozevd,None,1
o6gnown1,j0nm9r48,kdkzxyed,02qm1wyd,xd1lx0e9,3
o6gnown1,j0nm9r48,kdkzxyed,02qm1wyd,ewp4rqkw,2
o6gnown1,j0nm9r48,kdkzxyed,02qm1wyd,y9m48p59,1
o6gnown1,j0nm9r48,kdkzxyed,02qm1wyd,5wk4pr2d,1
o6gnown1,j0nm9r48,kdkzxyed,02qm1wyd,592e5oo9,1
o6gnown1,j0nm9r48,9do8ook1,9d8opew2,ewp480kw,1
o6gnown1,j0nm9r48,9do8ook1,9d8opew2,y9m42159,1
o6gnown1,j0nm9r48,9do8ook1,9d8opew2,5wk4q12d,1
o6gnown1,j0nm9r48,9do8ook1,9d8opew2,592e4no9,1
o6gnown1,j0nm9r48,9do8ook1,9d8opew2,29vnz53d,1
o6gnown1,j0nm9r48,4d7977r1,7kjov632,None,2
o6gnown1,j0nm9r48,76rx5kl6,w20xlr82,ldyl81j9,1
o6gnown1,j0nm9r48,76rx5kl6,w20xlr82,gdr61p8d,1
o6gnown1,j0nm9r48,76rx5kl6,w20xlr82,nwl4pgp9,1
o6gnown1,j0nm9r48,76rx5kl6,w20xlr82,ywexm2q9,1
o6gnown1,j0nm9r48,kdkzxyed,02qm1wyd,rdq4l0k9,1
o6gnown1,j0nm9r48,kdkzxyed,02qm1wyd,5d7q87gw,1
o6gnown1,j0nm9r48,kdkzxyed,02qm1wyd,kwj4pynw,1
o6gnown1,j0nm9r48,kdkzxyed,02qm1wyd,owo4yko9,1
o6gnown1,j0nm9r48,o1y9lvk6,wdm90lek,None,2
o6gnown1,j0nm9r48,pdvz4xk6,jdzeqoxd,None,1
o6gnown1,j0nm9r48,46w3kql1,5dw6zxe2,29vn1zxd,1
o6gnown1,j0nm9r48,46w3kql1,5dw6zxe2,xd4gvk8d,1
o6gnown1,j0nm9r48,o1y9lvk6,wkp9p1j2,rdq45819,1
o6gnown1,j0nm9r48,268eye96,z274xwz2,xd1l0559,1
o6gnown1,j0nm9r48,lde3e5x6,wdmx71ok,None,4
o6gnown1,j0nm9r48,76rx5kl6,9d8erm6d,None,1
o6gnown1,j0nm9r48,4d797ng1,824jwrn2,o9xrke79,2
o6gnown1,j0nm9r48,yd4z0k6e,9kv9pre2,None,4
o6gnown1,j0nm9r48,268eye96,n2y9yvmd,None,1
o6gnown1,j0nm9r48,lde3e5x6,ndx90wrd,None,5
o6gnown1,j0nm9r48,lde3e5x6,w20g545k,None,5
o6gnown1,j0nm9r48,kdkzxyed,02qm1wyd,495x4j0d,3
o6gnown1,j0nm9r48,kdkzxyed,z2740yz2,None,3
o6gnown1,j0nm9r48,lde3e5x6,zd3wrmvk,None,5
o6gnown1,j0nm9r48,lde3e5x6,zd3wrmvk,None,4
o6gnown1,j0nm9r48,9d3rwmyd,xd1ey7w2,None,2
o6gnown1,j0nm9r48,lde3e5x6,824g9og2,None,4
o6gnown1,j0nm9r48,lde3e5x6,824g9og2,None,4
o6gnown1,j0nm9r48,lde3e5x6,9d84nw3k,None,3
o6gnown1,j0nm9r48,lde3e5x6,9d84nw3k,None,3
o6gnown1,j0nm9r48,m1zj9kz6,zd3o9led,None,1
o6gnown1,j0nm9r48,lde3e5x6,xd1gqx4d,None,3
o6gnown1,j0nm9r48,lde3e5x6,xd1gqx4d,None,3
o6gnown1,j0nm9r48,nd2ep8vd,ndx5xmok,None,1
o6gnown1,j0nm9r48,v1ponkp6,mkelm78d,kwj4ov1w,1
o6gnown1,j0nm9r48,46w3kql1,5dw6zxe2,y9m4k209,1
o6gnown1,j0nm9r48,46w3kql1,5dw6zxe2,5wk4gqxd,1
o6gnown1,j0nm9r48,46w3kql1,5dw6zxe2,592ev469,1
o6gnown1,j0nm9r48,v1ponkp6,mkelm78d,rdq46ng9,1
o6gnown1,j0nm9r48,46w3kql1,5dw6zxe2,ewp4k84w,2
o6gnown1,j0nm9r48,46w3kql1,5dw6zxe2,xd1lv4y9,2
o6gnown1,j0nm9r48,v1ponkp6,9kv61no2,None,2
o6gnown1,j0nm9r48,v1ponkp6,mkelm78d,o9xrmx79,1
o6gnown1,j0nm9r48,v1ponkp6,mkelm78d,495xvm4d,1
o6gnown1,j0nm9r48,46w3kql1,wkp0zn02,None,1
o6gnown1,j0nm9r48,yd4z0k6e,rklxxlrk,None,6
o6gnown1,j0nm9r48,yd4z0k6e,rklxxlrk,None,6
o6gnown1,j0nm9r48,v1pny4d8,q258z6y2,None,1
o6gnown1,j0nm9r48,4d794qg1,wkpvl3vk,None,11
o6gnown1,810q6nqx,o6gnown1,wdmmoo3d,None,1
o6gnown1,810q6nqx,nd28xz3d,824qonmk,None,1
o6gnown1,810q6nqx,o6gno081,jdzrx8g2,None,1
o6gnown1,810q6nqx,j1lqkyz6,824qo4nk,None,1
o6gnown1,810q6nqx,o6gnown1,wdmmoo3d,None,1
