original_game_id,user_id,game_id,category_id,level_id,position
m1mxwox6,8r21qd3x,m1mxwox6,wk6v8ped,None,1
m1mxwox6,8r21qd3x,yd4komg6,q25xxwgk,None,1
m1mxwox6,18vv03v8,m1mxwox6,wk6v8ped,None,5
m1mxwox6,18vv03v8,nd24zr10,9kvx5z02,None,5
m1mxwox6,8wkrnq48,m1zx0zd0,rklren6k,None,2
m1mxwox6,8wkrnq48,9d3xp9dl,7kjrx8z2,None,13
m1mxwox6,8wkrnq48,y65je8de,02qjzm7d,None,12
m1mxwox6,8wkrnq48,46w99l1r,zd3l79ed,None,6
m1mxwox6,8wkrnq48,pdv2q96w,wk6n8r21,None,12
m1mxwox6,8wkrnq48,lde39l63,ndx8vvkq,None,211
m1mxwox6,8wkrnq48,pd05m01e,5dwq3edg,None,3
m1mxwox6,8wkrnq48,m1mxwox6,wk6v8ped,None,4
m1mxwox6,8wkrnq48,369540dl,jdz10rkv,None,37
m1mxwox6,8wkrnq48,j1ln8v6g,zdn1yoek,None,7
m1mxwox6,8wkrnq48,9do393dp,wdmzqye2,None,1
m1mxwox6,8wkrnq48,9do393dp,wdmzqye2,None,2
m1mxwox6,8wkrnq48,pd0jl26e,wk6j3xxd,None,11
m1mxwox6,8wkrnq48,pd0jy26e,zd3lz0vd,None,2
m1mxwox6,8wkrnq48,pd0jy26e,xd13zewk,None,3
m1mxwox6,8wkrnq48,pdvre41w,5dwoq02g,None,15
m1mxwox6,8wkrnq48,k6qkyx6g,zdnw7z7d,None,13
m1mxwox6,8wkrnq48,pd0jy26e,9d8jzp3k,None,3
m1mxwox6,8wkrnq48,pd0jy26e,xd13zr4k,None,3
m1mxwox6,8wkrnq48,lde0ex63,ndxel8jk,None,8
m1mxwox6,8wkrnq48,2688056p,7dgx3g4k,None,2
m1mxwox6,8wkrnq48,76r77v18,9kvjr58k,None,12
m1mxwox6,8wkrnq48,76r4p418,q25x8jko,None,3
m1mxwox6,8wkrnq48,ldeyzl13,wkpjvgwk,None,29
m1mxwox6,8wkrnq48,ldeyzl13,vdo03pvd,None,56
m1mxwox6,8wkrnq48,76r4wl18,5dwgp5kg,None,10
m1mxwox6,8wkrnq48,46w3jw71,7kjpmj4k,None,5
m1mxwox6,8wkrnq48,kdke0qdm,7kjg4wzk,None,10
m1mxwox6,8wkrnq48,268eg76p,xd13708k,None,42
m1mxwox6,8wkrnq48,ldeopj63,w20zxljd,None,18
m1mxwox6,8wkrnq48,m1mz7xd2,824rj5ed,None,3
m1mxwox6,8wkrnq48,yd42m56e,9kvjqz8k,None,6
m1mxwox6,8wkrnq48,kdkr3g6m,9kvpwr3k,None,50
m1mxwox6,8wkrnq48,m1zx0zd0,jdrq5j5k,None,17
m1mxwox6,8wkrnq48,o1y32k6q,wk68oe21,None,60
m1mxwox6,8wkrnq48,v1po8p46,xk99epgk,None,4
m1mxwox6,8wkrnq48,lde3w856,ndxmx5o2,None,4
m1mxwox6,8wkrnq48,w6jvke6j,wdm1r4dq,None,9
m1mxwox6,8wkrnq48,369go31l,02q6ezky,None,189
m1mxwox6,8wkrnq48,w6jvke6j,w204nzkn,None,8
m1mxwox6,8wkrnq48,46wr391r,mke4w826,None,108
m1mxwox6,8wkrnq48,pd0wq31e,n2y1y72o,None,877
m1mxwox6,8wkrnq48,m1mn7vxd,mkexjrnd,None,6
m1mxwox6,8wkrnq48,kdk2lqdm,z27ge552,None,8
m1mxwox6,8wkrnq48,m1mn7vxd,5dw1y70k,None,2
m1mxwox6,68wne448,kdkmj7g1,xd1jzlrd,None,1
m1mxwox6,68wne448,kdkmj7g1,xd1jzlrd,None,1
m1mxwox6,68wne448,o1yjwzk1,xd1w0l82,None,1
m1mxwox6,68wne448,9d38xx01,q259vgvk,None,2
m1mxwox6,68wne448,3698q78d,wk64z8rd,None,2
m1mxwox6,68wne448,o1yjmmv1,ndx0641d,None,2
m1mxwox6,68wne448,3dxk7x51,7dg3z04k,None,1
m1mxwox6,68wne448,9d3rz3wd,w20xv182,None,5
m1mxwox6,68wne448,y655j536,02q78p7d,None,1
m1mxwox6,68wne448,m1zvj360,wdm7z4ed,None,1
m1mxwox6,68wne448,9d380ke1,jdr83jlk,None,1
m1mxwox6,68wne448,j1llg3j1,wdmvr95d,None,1
m1mxwox6,68wne448,w6j7v2x6,zd3jm3r2,None,2
m1mxwox6,68wne448,ldejpoj1,9kvl7n02,None,2
m1mxwox6,68wne448,m1zgzz60,jdz9mz32,None,5
m1mxwox6,68wne448,m1zgzz60,z27rqz0d,None,5
m1mxwox6,68wne448,m1zgzz60,mke9068d,r9g1re29,3
m1mxwox6,68wne448,m1zgzz60,5dw4lwek,z98ge11w,3
m1mxwox6,68wne448,m1zgzz60,zdn0jge2,None,4
m1mxwox6,68wne448,m1zgzz60,7dg66w4k,r9g1re29,2
m1mxwox6,68wne448,m1zgzz60,q25gnzyd,None,5
m1mxwox6,68wne448,m1zgzz60,mke44g92,z98ge11w,3
m1mxwox6,68wne448,m1zgzz60,824g74m2,None,2
m1mxwox6,68wne448,9do44k6p,n2yo987d,ldy56okw,1
m1mxwox6,68wne448,9do44k6p,n2yj4x72,None,4
m1mxwox6,68wne448,9do44k6p,n2yo987d,69zqjgl9,1
m1mxwox6,68wne448,9do44k6p,n2yj4x72,None,9
m1mxwox6,68wne448,268mnydp,rklex3n2,ywe82klw,2
m1mxwox6,68wne448,268mnydp,rklex3n2,rdq1zpg9,2
m1mxwox6,68wne448,76rgp518,w207y5kn,None,8
m1mxwox6,68wne448,76rgp518,9d8mlwkn,ywejg3ld,1
m1mxwox6,68wne448,pdvk996w,7dgyrygd,None,2
m1mxwox6,68wne448,pdvk996w,7dgyrygd,None,2
m1mxwox6,68wne448,pdvk996w,7dgyrygd,None,2
m1mxwox6,68wne448,pdvk996w,7dgyrygd,None,2
m1mxwox6,68wne448,ldej4me1,wdm7nr5d,None,1
m1mxwox6,68wne448,y655vq36,q259lygk,None,1
m1mxwox6,68wne448,9d380ke1,jdzog162,None,1
m1mxwox6,68wne448,ldej4xe1,z27908od,None,2
m1mxwox6,68wne448,ldej4xe1,zdn75exk,None,1
m1mxwox6,68wne448,ldej4xe1,q259lrgk,None,1
m1mxwox6,68wne448,o1y53kdq,jdzl4yr2,None,2
m1mxwox6,68wne448,9d380ke1,jdr83jlk,None,1
m1mxwox6,68wne448,o1yjx0o1,7dg7wwld,None,1
m1mxwox6,68wne448,k6q8n96g,wkpq8v8d,None,15
m1mxwox6,68wne448,k6q8n96g,jdz96ov2,29vlx5qw,3
m1mxwox6,68wne448,k6q8n96g,wkpq8v8d,None,15
m1mxwox6,68wne448,o6glzy9d,02q71xpd,r9gpx2k9,1
m1mxwox6,68wne448,o6glzy9d,02q71xpd,r9gpx2k9,1
m1mxwox6,68wne448,o1y93526,wk64xgxd,5wk3p6q9,1
m1mxwox6,68wne448,o1y93526,wk64xgxd,rw6z3o7d,1
m1mxwox6,68wne448,o1y93526,n2ymp682,rw6z3o7d,1
m1mxwox6,68wne448,v1px03m6,zdno3492,None,1
m1mxwox6,68wne448,v1px03m6,02qexoy2,n93p4nrd,1
m1mxwox6,68wne448,v1px03m6,02qexoy2,z9807z1d,1
m1mxwox6,68wne448,v1px03m6,02qexoy2,rdnvzl69,1
m1mxwox6,68wne448,v1px03m6,02qexoy2,ldyvg57d,1
m1mxwox6,68wne448,v1px03m6,02qexoy2,gdrvx1kw,1
m1mxwox6,68wne448,v1px03m6,02qexoy2,xd1qm1yw,1
m1mxwox6,68wne448,v1px03m6,02qexoy2,ewp6354d,1
m1mxwox6,68wne448,v1px03m6,02qexoy2,y9mo6z0w,1
m1mxwox6,68wne448,v1px03m6,02qexoy2,5wk7xlxd,1
m1mxwox6,68wne448,v1px03m6,02qexoy2,5927kp6w,1
m1mxwox6,68wne448,3dxkrz41,xd1q3xr2,None,2
m1mxwox6,68wne448,369pwlg1,zdn4jy7k,None,6
m1mxwox6,68wne448,369pwlg1,w20w6ezd,o9x73p1d,4
m1mxwox6,68wne448,369pwlg1,w20w6ezd,69z2n1o9,4
m1mxwox6,68wne448,369pwlg1,w20w6ezd,4955l7j9,4
m1mxwox6,68wne448,o1yj8e21,zdn77zqk,None,2
m1mxwox6,68wne448,j1lqv746,xd1q3182,None,2
m1mxwox6,68wne448,ldenoxd3,xk90w64k,None,5
m1mxwox6,68wne448,3dxk3xp1,5dw1vl0k,None,1
m1mxwox6,68wne448,w6j79m56,7dgmxl4d,None,1
m1mxwox6,68wne448,v1pxp2p6,w20q8jzd,None,1
m1mxwox6,68wne448,j1n8jx1p,wdme852q,None,11
m1mxwox6,68wne448,36980r0d,xk99mw4k,None,1
m1mxwox6,68wne448,j1lzkv6g,5dw6yq52,None,2
m1mxwox6,68wne448,46w235n6,zd3qvqrk,None,1
m1mxwox6,68wne448,kdk7wl1m,zd37mgv2,n93ozve9,1
m1mxwox6,68wne448,kdk7wl1m,zd37mgv2,z98n4yl9,1
m1mxwox6,68wne448,kdk7wl1m,zd37mgv2,rdnn46vd,1
m1mxwox6,68wne448,kdk7wl1m,zd37mgv2,ldy2lnzw,1
m1mxwox6,68wne448,kdk7wl1m,zd37mgv2,gdr26mz9,1
m1mxwox6,68wne448,kdk7wl1m,zd37mgv2,nwl34qrw,1
m1mxwox6,68wne448,kdk7wl1m,zd37mgv2,ywelxrr9,1
m1mxwox6,68wne448,kdk7wl1m,zd37mgv2,xd4xg7p9,1
m1mxwox6,68wne448,kdk7wl1m,zd37mgv2,xd0x6r1d,1
m1mxwox6,68wne448,kdk7wl1m,zd37mgv2,rw635p7w,1
m1mxwox6,68wne448,kdk7wl1m,zd37mgv2,n93oz5e9,1
m1mxwox6,68wne448,kdk7wl1m,zd37mgv2,z98n4vl9,1
m1mxwox6,68wne448,kdk7wl1m,zd37mgv2,rdnn4jvd,1
m1mxwox6,68wne448,kdk7wl1m,zd37mgv2,ldy2l7zw,1
m1mxwox6,68wne448,kdk7wl1m,zd37mgv2,r9gx6ykw,1
m1mxwox6,68wne448,kdk7wl1m,zd37mgv2,o9x4611d,1
m1mxwox6,68wne448,kdk7wl1m,zd37mgv2,4954pkjw,1
m1mxwox6,68wne448,kdk7wl1m,zd37mgv2,rdqlyz1w,1
m1mxwox6,68wne448,kdk7wl1m,zd37mgv2,5d78pyvw,1
m1mxwox6,68wne448,kdk7wl1m,zd37mgv2,kwjp07zw,1
m1mxwox6,68wne448,kdk7wl1m,zd37mgv2,owoy87y9,1
m1mxwox6,68wne448,kdk7wl1m,zd37mgv2,xd4xg4r9,1
m1mxwox6,68wne448,kdk7wl1m,zd37mgv2,xd0x6m4d,1
m1mxwox6,68wne448,kdk7wl1m,zd37mgv2,rw6358gw,1
m1mxwox6,68wne448,kdk7wl1m,zd37mgv2,n93ozvz9,1
m1mxwox6,68wne448,kdk7wl1m,zd37mgv2,z98n4yp9,1
m1mxwox6,68wne448,kdk7wl1m,zd37mgv2,rdnn467d,1
m1mxwox6,68wne448,kdk7wl1m,zd37mgv2,ldy2lnrw,1
m1mxwox6,68wne448,kdk7wl1m,zd37mgv2,owoy41y9,1
m1mxwox6,68wne448,kdk7wl1m,zd37mgv2,xd1xle69,1
m1mxwox6,68wne448,kdk7wl1m,zd37mgv2,ewpr4mzd,1
m1mxwox6,68wne448,kdk7wl1m,zd37mgv2,y9m84q1d,1
m1mxwox6,68wne448,kdk7wl1m,zd37mgv2,5wkp4zqd,1
m1mxwox6,68wne448,kdk7wl1m,zd37mgv2,5925egr9,1
m1mxwox6,68wne448,kdk7wl1m,zd37mgv2,29v2nend,1
m1mxwox6,68wne448,kdk7wl1m,zd37mgv2,z98np2l9,1
m1mxwox6,68wne448,kdk7wl1m,zd37mgv2,rdnn3kvd,1
m1mxwox6,68wne448,kdk7wl1m,zd37mgv2,ldy2q4zw,1
m1mxwox6,68wne448,kdk7wl1m,zd37mgv2,gdr2rkz9,1
m1mxwox6,68wne448,kdk7wl1m,zd37mgv2,nwl30krw,1
m1mxwox6,68wne448,kdk7wl1m,zd37mgv2,ywel0zr9,1
m1mxwox6,68wne448,kdk7wl1m,zd37mgv2,69zz7mo9,1
m1mxwox6,68wne448,kdk7wl1m,zd37mgv2,xd0xpk1d,1
m1mxwox6,68wne448,kdk7wl1m,zd37mgv2,rw632q7w,1
m1mxwox6,68wne448,kdk7wl1m,zd37mgv2,rdnn3ovd,1
m1mxwox6,68wne448,kdk7wl1m,zd37mgv2,ldy2q1zw,1
m1mxwox6,68wne448,kdk7wl1m,zd37mgv2,gdr2rpz9,1
m1mxwox6,68wne448,kdk7wl1m,zd37mgv2,xd1xpj69,1
m1mxwox6,68wne448,kdk7wl1m,zd37mgv2,ewprn7zd,1
m1mxwox6,68wne448,kdk7wl1m,zd37mgv2,y9m8051d,1
m1mxwox6,68wne448,kdk7wl1m,zd37mgv2,5wkp0kqd,1
m1mxwox6,68wne448,kdk7wl1m,zd37mgv2,5925m0r9,1
m1mxwox6,68wne448,kdk7wl1m,zd37mgv2,29v2gmnd,1
m1mxwox6,68wne448,kdk7wl1m,zd37mgv2,xd4xp0p9,1
m1mxwox6,68wne448,kdk7wl1m,zd37mgv2,rdqly61w,1
m1mxwox6,68wne448,kdk7wl1m,zd37mgv2,5d78p6vw,1
m1mxwox6,68wne448,kdk7wl1m,zd37mgv2,kwjp0ozw,1
m1mxwox6,68wne448,kdk7wl1m,zd37mgv2,owoy8gy9,1
m1mxwox6,68wne448,kdk7wl1m,zd37mgv2,xd1xpv69,1
m1mxwox6,68wne448,kdk7wl1m,zd37mgv2,ewprnkzd,1
m1mxwox6,68wne448,kdk7wl1m,zd37mgv2,y9m80k1d,1
m1mxwox6,68wne448,kdk7wl1m,zd37mgv2,gdr264z9,1
m1mxwox6,68wne448,kdk7wl1m,zd37mgv2,nwl34xrw,1
m1mxwox6,68wne448,kdk7wl1m,zd37mgv2,ywelxkr9,1
m1mxwox6,68wne448,kdk7wl1m,zd37mgv2,69zzeoo9,1
m1mxwox6,68wne448,kdk7wl1m,zd37mgv2,r9gx6kkw,1
m1mxwox6,68wne448,kdk7wl1m,zd37mgv2,o9x46m1d,1
m1mxwox6,68wne448,kdk7wl1m,zd37mgv2,4954pvjw,1
m1mxwox6,68wne448,kdk7wl1m,zd37mgv2,69zzeyo9,1
m1mxwox6,68wne448,kdk7wl1m,zd37mgv2,r9gxq0kw,1
m1mxwox6,68wne448,kdk7wl1m,zd37mgv2,rdql421w,1
m1mxwox6,68wne448,kdk7wl1m,zd37mgv2,5d78qkvw,1
m1mxwox6,68wne448,kdk7wl1m,zd37mgv2,kwjp4lzw,1
m1mxwox6,68wne448,kdk7wl1m,zd37mgv2,5wkp0gqd,1
m1mxwox6,68wne448,kdk7wl1m,zd37mgv2,5925mvr9,1
m1mxwox6,68wne448,kdk7wl1m,zd37mgv2,29v2g1nd,1
m1mxwox6,68wne448,kdk7wl1m,zd37mgv2,xd4xpvp9,1
m1mxwox6,68wne448,kdk7wl1m,zd37mgv2,xd0xpv1d,1
m1mxwox6,68wne448,kdk7wl1m,zd37mgv2,rw632k7w,1
m1mxwox6,68wne448,kdk7wl1m,zd37mgv2,n93ok2e9,1
m1mxwox6,68wne448,o1yjkv21,w205grvd,None,1
m1mxwox6,68wne448,ldejo8x1,ndx08yvd,None,2
m1mxwox6,68wne448,76r3krl6,z279z9gd,None,2
m1mxwox6,68wne448,m1zk0ex1,02q7lo9d,None,2
m1mxwox6,68wne448,3dxko9v1,9d8n07qd,None,2
m1mxwox6,68wne448,76rx8xe6,mkely8nd,None,2
m1mxwox6,68wne448,76rx8xe6,mkely8nd,None,2
m1mxwox6,68wne448,m1zkgvx1,w20el58d,None,1
m1mxwox6,68wne448,m1zkgvx1,w20el58d,None,1
m1mxwox6,68wne448,yd4opjk1,z27464o2,None,1
m1mxwox6,68wne448,j1lxvz1g,7kjz9ynd,None,11
m1mxwox6,68wne448,o1y5eodq,wdm7pned,29vlxelw,1
m1mxwox6,68wne448,k6q8vz6g,mke713j2,rw6zq0rd,2
m1mxwox6,68wne448,kdkz39gd,7kj70m3k,xd4l0or9,1
m1mxwox6,68wne448,9d3eze1l,xk9re3vk,gdr8lzl9,3
m1mxwox6,68wne448,9d3eze1l,mke7pv62,gdr8lzl9,2
m1mxwox6,68wne448,kdkmgox1,zd3r0vnd,None,2
m1mxwox6,68wne448,w6jro7dj,zd3539vk,None,1
m1mxwox6,68wne448,m1zk47x1,5dwx3w02,None,1
m1mxwox6,68wne448,y655w506,n2ymx7z2,None,1
m1mxwox6,68wne448,y655w506,wk646vqd,None,2
m1mxwox6,68wne448,yd4lgw1e,z27o4p5d,None,1
m1mxwox6,68wne448,w6j7wx26,02q76epd,None,1
m1mxwox6,68wne448,w6j7wx26,02q76epd,None,1
m1mxwox6,68wne448,w6j7wx26,02q76epd,None,1
m1mxwox6,68wne448,w6j7wx26,02q76epd,None,1
m1mxwox6,68wne448,w6j7wx26,02q76epd,None,1
m1mxwox6,68wne448,w6j7wx26,02q76epd,None,1
m1mxwox6,68wne448,w6j7wx26,02q76epd,None,1
m1mxwox6,68wne448,o6gn5qx1,jdzoxov2,None,1
m1mxwox6,68wne448,369p7r81,824n16gk,None,5
m1mxwox6,68wne448,j1ne7vl1,5dwx30g2,None,1
m1mxwox6,68wne448,k6qw58o6,9kvl1w02,None,2
m1mxwox6,68wne448,kdkm5kg1,wdm7pz4d,None,2
m1mxwox6,68wne448,yd4kpgp6,z279e7zd,None,1
m1mxwox6,68wne448,yd4kpgp6,zdn73q9k,None,2
m1mxwox6,68wne448,yd4kpgp6,q259p4vk,None,1
m1mxwox6,68wne448,k6q487zd,9d8n58wd,None,1
m1mxwox6,68wne448,3dxko041,7dg7e5xd,None,2
m1mxwox6,68wne448,9d389291,xd1w0wr2,None,1
m1mxwox6,68wne448,j1nzk91p,rklxg66k,None,1
m1mxwox6,68wne448,46w2nrq6,z2794y4d,None,1
m1mxwox6,68wne448,m1mp3p12,jdz8963d,None,1
m1mxwox6,68wne448,ldejg0l1,jdzrv5v2,None,1
m1mxwox6,68wne448,46w2lj96,zd3qjwvk,None,1
m1mxwox6,68wne448,46w2lj96,824889nk,xd4zkm8w,1
m1mxwox6,68wne448,46w2lj96,824889nk,xd0y4jjw,1
m1mxwox6,68wne448,46w2lj96,824889nk,rw6xm06w,1
m1mxwox6,68wne448,46w2lj96,824889nk,n93emprw,1
m1mxwox6,68wne448,46w2lj96,824889nk,z98qm019,1
m1mxwox6,68wne448,46w2lj96,824889nk,rdn8qv6d,1
m1mxwox6,68wne448,46w2lj96,824889nk,ldy63v79,1
m1mxwox6,68wne448,46w2lj96,824889nk,n93emj2w,1
m1mxwox6,68wne448,46w2lj96,824889nk,z98qmkr9,1
m1mxwox6,68wne448,46w2lj96,824889nk,rdn8q15d,1
m1mxwox6,68wne448,y655w036,jdzo0ev2,None,1
m1mxwox6,68wne448,k6q4wgzd,7kjpl4nk,None,2
m1mxwox6,68wne448,kdkyle1m,wkpj330k,None,4
m1mxwox6,68wne448,kdkm93e1,jdzo51v2,None,1
m1mxwox6,68wne448,v1pxypp6,7dg738xd,None,1
m1mxwox6,68wne448,v1pxypp6,7kj9g3x2,None,1
m1mxwox6,68wne448,m1mnp3pd,9d8nolld,None,1
m1mxwox6,68wne448,yd4kpkw6,wk6461rd,None,1
m1mxwox6,68wne448,yd4kzjw6,vdoy1eo2,None,1
m1mxwox6,68wne448,m1mnp3pd,02q79r9d,None,1
m1mxwox6,68wne448,m1mnp3pd,8249l8nd,None,1
m1mxwox6,68wne448,268wlek6,wk6445od,None,2
m1mxwox6,68wne448,w6j7wx26,zd3r0wnd,None,1
m1mxwox6,68wne448,w6j7wx26,zd3r0wnd,None,1
m1mxwox6,68wne448,w6j7wx26,zd3r0wnd,None,1
m1mxwox6,68wne448,w6j7wx26,zd3r0wnd,None,1
m1mxwox6,68wne448,w6j7wx26,zd3r0wnd,None,1
m1mxwox6,68wne448,w6j7wx26,zd3r0wnd,None,1
m1mxwox6,68wne448,w6j7wx26,zd3r0wnd,None,1
m1mxwox6,68wne448,w6j7wx26,zd3r0wnd,None,1
m1mxwox6,68wne448,w6j7wx26,wkprj3v2,y9mo551w,1
m1mxwox6,68wne448,w6j7wx26,wkprj3v2,5wk7kkqd,1
m1mxwox6,68wne448,w6j7wx26,wkprj3v2,592700rw,1
m1mxwox6,68wne448,w6j7wx26,wkprj3v2,29vrmmnw,1
m1mxwox6,68wne448,w6j7wx26,wkprj3v2,n93jqqed,1
m1mxwox6,68wne448,w6j7wx26,wkprj3v2,z98krrl9,1
m1mxwox6,68wne448,w6j7wx26,wkprj3v2,rdn1oov9,1
m1mxwox6,68wne448,w6j7wx26,wkprj3v2,ldyz11zw,1
m1mxwox6,68wne448,w6j7wx26,wkprj3v2,gdr3ppzd,1
m1mxwox6,68wne448,w6j7wx26,wkprj3v2,nwljggr9,1
m1mxwox6,68wne448,w6j7wx26,wkprj3v2,ywee22rw,1
m1mxwox6,68wne448,w6j7wx26,wkprj3v2,69zgppow,1
m1mxwox6,68wne448,w6j7wx26,wkprj3v2,r9ggyzk9,1
m1mxwox6,68wne448,w6j7wx26,wkprj3v2,z98krj19,1
m1mxwox6,68wne448,w6j7wx26,wkprj3v2,rdn1o569,1
m1mxwox6,68wne448,w6j7wx26,wkprj3v2,ldyz1e7w,1
m1mxwox6,68wne448,w6j7wx26,wkprj3v2,gdr3pqkd,1
m1mxwox6,68wne448,w6j7wx26,wkprj3v2,nwljg7g9,1
m1mxwox6,68wne448,w6j7wx26,wkprj3v2,ywee284w,1
m1mxwox6,68wne448,w6j7wx26,wkprj3v2,69zgp44w,1
m1mxwox6,68wne448,w6j7wx26,wkprj3v2,r9ggy329,1
m1mxwox6,68wne448,w6j7wx26,wkprj3v2,o9xe1l7w,1
m1mxwox6,68wne448,w6j7wx26,wkprj3v2,4951k84w,1
m1mxwox6,68wne448,w6j7wx26,wkprj3v2,rdqkz1gd,1
m1mxwox6,68wne448,w6j7wx26,wkprj3v2,5d7my3ed,1
m1mxwox6,68wne448,w6j7wx26,wkprj3v2,kwjq7e19,1
m1mxwox6,68wne448,w6j7wx26,wkprj3v2,owop7239,1
m1mxwox6,68wne448,w6j7wx26,wkprj3v2,xd1qj5yw,1
m1mxwox6,68wne448,w6j7wx26,wkprj3v2,ewp67q4d,1
m1mxwox6,68wne448,w6j7wx26,wkprj3v2,y9mo5p0w,1
m1mxwox6,68wne448,w6j7wx26,wkprj3v2,5wk7krxd,1
m1mxwox6,68wne448,w6j7wx26,wkprj3v2,59270o6w,1
m1mxwox6,68wne448,w6j7wx26,wkprj3v2,29vrmkxw,1
m1mxwox6,68wne448,w6j7wx26,wkprj3v2,xd4o0389,1
m1mxwox6,68wne448,w6j7wx26,wkprj3v2,xd05k7j9,1
m1mxwox6,68wne448,w6j7wx26,wkprj3v2,rw66qn6w,1
m1mxwox6,68wne448,w6j7wx26,wkprj3v2,n93jqgrd,1
m1mxwox6,68wne448,w6j7wx26,wkprj3v2,z98kr819,1
m1mxwox6,68wne448,w6j7wx26,wkprj3v2,rdn1op69,1
m1mxwox6,68wne448,w6j7wx26,wkprj3v2,ldyz1p7w,1
m1mxwox6,68wne448,w6j7wx26,wkprj3v2,gdr3pekd,1
m1mxwox6,68wne448,w6j7wx26,wkprj3v2,nwljglg9,1
m1mxwox6,68wne448,w6j7wx26,wkprj3v2,ywee214w,1
m1mxwox6,68wne448,w6j7wx26,wkprj3v2,69zgp34w,1
m1mxwox6,68wne448,w6j7wx26,wkprj3v2,r9ggy229,1
m1mxwox6,68wne448,w6j7wx26,wkprj3v2,o9xe1n7w,1
m1mxwox6,68wne448,w6j7wx26,wkprj3v2,4951k64w,1
m1mxwox6,68wne448,w6j7wx26,wkprj3v2,rdqkzjgd,1
m1mxwox6,68wne448,w6j7wx26,wkprj3v2,5d7myved,1
m1mxwox6,68wne448,w6j7wx26,wkprj3v2,kwjq7519,1
m1mxwox6,68wne448,w6j7wx26,wkprj3v2,owop7039,1
m1mxwox6,68wne448,w6j7wx26,wkprj3v2,xd1qj7yw,1
m1mxwox6,68wne448,w6j7wx26,wkprj3v2,ewp67j4d,1
m1mxwox6,68wne448,w6j7wx26,wkprj3v2,y9mo5j0w,1
m1mxwox6,68wne448,w6j7wx26,wkprj3v2,5wk7kjxd,1
m1mxwox6,68wne448,w6j7wx26,wkprj3v2,59270z6w,1
m1mxwox6,68wne448,w6j7wx26,wkprj3v2,29vrm3xw,1
m1mxwox6,68wne448,w6j7wx26,wkprj3v2,xd4o0j89,1
m1mxwox6,68wne448,w6j7wx26,wkprj3v2,xd05kgj9,1
m1mxwox6,68wne448,w6j7wx26,wkprj3v2,rw66q46w,1
m1mxwox6,68wne448,w6j7wx26,wkprj3v2,n93jq7rd,1
m1mxwox6,68wne448,w6j7wx26,wkprj3v2,z98kr619,1
m1mxwox6,68wne448,w6j7wx26,wkprj3v2,rdn1o069,1
m1mxwox6,68wne448,w6j7wx26,9kvlpo02,None,1
m1mxwox6,68wne448,y6558746,n2ymme82,None,2
m1mxwox6,68wne448,o6gne9o1,q25998vk,None,1
m1mxwox6,68wne448,4d7nmwg6,7kj7754k,None,1
m1mxwox6,68wne448,9do8gm31,7dg71o4d,None,2
m1mxwox6,68wne448,268w4g56,9d8n50qd,None,2
m1mxwox6,68wne448,j1n8wve1,zd3r5med,None,1
m1mxwox6,68wne448,pd0qvk31,7dg778xd,None,1
m1mxwox6,68wne448,9d38p3y1,wk6r6xok,None,1
m1mxwox6,68wne448,9d38p3y1,zd354nek,xd1o7ke9,2
m1mxwox6,68wne448,9d38p3y1,zd354nek,5wkvjz2d,1
m1mxwox6,68wne448,9d38p3y1,zd354nek,5921zgow,2
m1mxwox6,68wne448,9d38p3y1,zd354nek,n93p75nd,2
m1mxwox6,68wne448,9d38p3y1,zd354nek,z9806vgd,1
m1mxwox6,68wne448,o6gne581,ndx0r75d,None,2
m1mxwox6,68wne448,y6558j76,ndx0rj1d,None,2
m1mxwox6,68wne448,76r30ev6,n2ymnv12,None,2
m1mxwox6,68wne448,j1lqxrj6,zdn7yzxk,None,2
m1mxwox6,68wne448,pd0qvr31,wdm7r53d,None,2
m1mxwox6,68wne448,m1mnp2xd,9d8nylld,None,2
m1mxwox6,68wne448,9do8gje1,zdn7nyxk,None,1
m1mxwox6,68wne448,o6gneqx1,wdm7rw5d,None,2
m1mxwox6,68wne448,kdkz5qed,zdn8nend,None,1
m1mxwox6,68wne448,yd4keyk6,rklz5n82,None,1
m1mxwox6,68wne448,v1pxrvp6,z279w4gd,None,2
m1mxwox6,68wne448,9d38p3y1,zd354nek,owov0oo9,4
m1mxwox6,68wne448,9d38p3y1,zd354nek,y9mvjq59,2
m1mxwox6,68wne448,9d38p3y1,zd354nek,29vv3e39,2
m1mxwox6,68wne448,v1px03m6,zdno3492,None,1
m1mxwox6,68wne448,v1px03m6,02qexoy2,rdnvzl69,1
m1mxwox6,68wne448,v1px03m6,02qexoy2,xd1qm1yw,1
m1mxwox6,68wne448,v1px03m6,02qexoy2,ewp6354d,1
m1mxwox6,68wne448,v1px03m6,02qexoy2,y9mo6z0w,1
m1mxwox6,68wne448,v1px03m6,02qexoy2,5wk7xlxd,1
m1mxwox6,68wne448,v1px03m6,02qexoy2,5927kp6w,1
m1mxwox6,68wne448,3698xy8d,5dwx6eg2,None,2
m1mxwox6,68wne448,9do8eq71,mke74yj2,z98k5179,1
m1mxwox6,68wne448,9do8eq71,mke74yj2,rdn1xen9,1
m1mxwox6,68wne448,9do8eq71,mke74yj2,ldyzkmpw,2
m1mxwox6,68wne448,9d3rx8wd,xd1w8g82,None,2
m1mxwox6,68wne448,o6gngrn1,wdm7woxd,None,2
m1mxwox6,68wne448,o1yj82r1,w2053rvd,None,2
m1mxwox6,68wne448,ldejpln1,jdzowlr2,None,2
m1mxwox6,68wne448,m1mnqy4d,wdm765ed,None,1
m1mxwox6,68wne448,j1n8n5y1,z2791w4d,None,3
m1mxwox6,68wne448,m1zkg701,w205pqzd,None,2
m1mxwox6,68wne448,m1mnqkjd,9kvl9x82,None,1
m1mxwox6,68wne448,o6gng2o1,xd1qvm72,None,2
m1mxwox6,68wne448,kdkm9nq1,zdn7059k,None,2
m1mxwox6,68wne448,w6j70q76,n2ymopm2,None,2
m1mxwox6,68wne448,76r32kq6,9d854zqd,None,2
m1mxwox6,68wne448,j1n8rml1,rkl0o9rk,None,1
m1mxwox6,68wne448,9d38p3y1,9kvr35e2,5921zgow,1
m1mxwox6,68wne448,9d38p3y1,9kvr35e2,xd4mj72d,1
m1mxwox6,68wne448,9d38p3y1,9kvr35e2,n93p75zd,1
m1mxwox6,68wne448,o6gnge81,8249g0nd,None,2
m1mxwox6,68wne448,46w2gnl6,q259gmgk,None,2
m1mxwox6,68wne448,4d7njjr6,xk99rgyk,None,3
m1mxwox6,68wne448,o6gmon62,n2y9nz1d,None,1
m1mxwox6,68wne448,pd0qjj31,ndx07o5d,None,2
m1mxwox6,68wne448,9down8m1,9d8xxrq2,None,2
m1mxwox6,68wne448,j1n8nne1,wk64vyrd,None,2
m1mxwox6,68wne448,k6qo0x1g,9kvnlood,None,1
m1mxwox6,68wne448,pd0qj3l1,zdn7x8xk,None,2
m1mxwox6,68wne448,w6j7wx26,9kvlpo02,None,1
m1mxwox6,68wne448,w6j7wx26,9kvlpo02,None,1
m1mxwox6,68wne448,w6j7wx26,9kvlpo02,None,1
m1mxwox6,68wne448,w6j7wx26,9kvlpo02,None,1
m1mxwox6,68wne448,w6j7wx26,9kvlpo02,None,1
m1mxwox6,68wne448,w6j7wx26,9kvlpo02,None,1
m1mxwox6,68wne448,w6j7wx26,9kvlpo02,None,1
m1mxwox6,68wne448,w6j7wx26,9kvlpo02,None,1
m1mxwox6,68wne448,w6j7wx26,9kvlpo02,None,1
m1mxwox6,68wne448,9d38lze1,xk9x1n6k,None,1
m1mxwox6,68wne448,o1ym3r1q,02qj139d,None,2
m1mxwox6,68wne448,268wjx76,7dg7rngd,None,2
m1mxwox6,68wne448,4d7j7gd7,wdmqogo2,None,2
m1mxwox6,68wne448,o1ym3r1q,02qj139d,None,1
m1mxwox6,68wne448,o1ym3r1q,02qj139d,None,5
m1mxwox6,68wne448,o1ym3r1q,02qj139d,None,3
m1mxwox6,68wne448,v1pxz446,zd3rlwed,None,2
m1mxwox6,68wne448,pdv2wpv6,zdn714xk,None,1
m1mxwox6,68wne448,9d38jly1,7dg795ld,None,2
m1mxwox6,68wne448,268wjz76,zdn74xxk,rw664xnw,1
m1mxwox6,68wne448,268wjz76,z2796lod,None,1
m1mxwox6,68wne448,268wjz76,zdn74xxk,5d7mvj5d,1
m1mxwox6,68wne448,268wjz76,zdn74xxk,kwjq5kr9,2
m1mxwox6,68wne448,268wjz76,zdn74xxk,ewp6j2ld,1
m1mxwox6,68wne448,268wjz76,zdn74xxk,xd1q7zqw,1
m1mxwox6,68wne448,268wjz76,zdn74xxk,xd4ojz09,2
m1mxwox6,68wne448,268wjz76,zdn74xxk,owop0mv9,2
m1mxwox6,68wne448,268wjz76,zdn74xxk,xd1q24yw,1
m1mxwox6,68wne448,268wjz76,zdn74xxk,49515g2w,1
m1mxwox6,68wne448,268wjz76,zdn74xxk,rdqk7rmd,1
m1mxwox6,68wne448,268wjz76,zdn74xxk,y9mox3lw,1
m1mxwox6,68wne448,268wjz76,zdn74xxk,xd05qo09,1
m1mxwox6,68wne448,268wjz76,zdn74xxk,owop6339,1
m1mxwox6,68wne448,268wjz76,zdn74xxk,z98k7l79,1
m1mxwox6,68wne448,268wjz76,zdn74xxk,kwjqzjr9,1
m1mxwox6,68wne448,268wjz76,zdn74xxk,ewp6xyld,1
m1mxwox6,68wne448,m1mnnyxd,7kjonr32,None,4
m1mxwox6,68wne448,m1mnnyxd,jdzej5rd,n93kkkzw,3
m1mxwox6,68wne448,m1mnnyxd,jdzej5rd,rw6222gd,3
m1mxwox6,68wne448,m1mnnyxd,jdzej5rd,z98ppppw,3
m1mxwox6,68wne448,m1mnnyxd,jdzej5rd,rdn3337w,3
m1mxwox6,68wne448,268wj576,5dwx5en2,None,2
m1mxwox6,68wne448,m1mnqokd,9kvlmgj2,None,2
m1mxwox6,68wne448,46w2ge36,wk6476rd,None,2
m1mxwox6,68wne448,yd4kq2w6,9d8nvpld,None,1
m1mxwox6,68wne448,yd4kq2w6,9d8nvpld,None,2
m1mxwox6,68wne448,w6jl9o5d,jdzlwgx2,None,1
m1mxwox6,68wne448,3698k5gd,xk99gxxk,None,2
m1mxwox6,68wne448,w6jl9o5d,jdzlwgx2,None,1
m1mxwox6,68wne448,j1n8n9w1,n2ym5712,None,2
m1mxwox6,68wne448,o1yjk041,82496ged,None,2
m1mxwox6,68wne448,y655jle6,wdm7wxed,None,1
m1mxwox6,68wne448,kdkm98g1,mke7z4j2,None,1
m1mxwox6,68wne448,w6jl9o5d,jdzlwgx2,None,1
m1mxwox6,68wne448,w6jl9o5d,ndxrnzjd,None,1
m1mxwox6,68wne448,w6jl9o5d,wkp191gk,None,1
m1mxwox6,68wne448,w6jl9o5d,wkp191gk,None,1
m1mxwox6,68wne448,w6jl9o5d,wkp191gk,None,1
m1mxwox6,68wne448,w6jl9o5d,wkp191gk,None,1
m1mxwox6,68wne448,w6jl9o5d,wkp191gk,None,1
m1mxwox6,68wne448,w6jl9o5d,7dgnz742,None,1
m1mxwox6,68wne448,w6jl9o5d,mke9e79d,None,1
m1mxwox6,68wne448,w6jl9o5d,mke9e79d,None,1
m1mxwox6,68wne448,w6jl9o5d,mke9e79d,None,1
m1mxwox6,68wne448,w6jl9o5d,mke9e79d,None,1
m1mxwox6,68wne448,w6jl9o5d,mke9e79d,None,1
m1mxwox6,68wne448,pd0qjnw1,jdr8185k,None,2
m1mxwox6,68wne448,9d38lze1,7kj94q42,None,1
m1mxwox6,68wne448,9d38lze1,xk9x1n6k,None,1
m1mxwox6,68wne448,m1mnq7pd,q2598wvk,None,1
m1mxwox6,68wne448,w6jl9o5d,jdzlwgx2,None,1
m1mxwox6,68wne448,3698kw8d,zdn7rn7k,None,1
m1mxwox6,68wne448,ldev8j13,mkejv6n2,None,2
m1mxwox6,68wne448,w6j7wx26,vdon01ok,gdr3pekd,1
m1mxwox6,68wne448,w6j7wx26,vdon01ok,nwljglg9,1
m1mxwox6,68wne448,w6j7wx26,vdon01ok,ywee214w,1
m1mxwox6,68wne448,w6j7wx26,vdon01ok,69zgp34w,1
m1mxwox6,68wne448,w6j7wx26,vdon01ok,r9ggy229,1
m1mxwox6,68wne448,w6j7wx26,vdon01ok,o9xe1n7w,1
m1mxwox6,68wne448,w6j7wx26,vdon01ok,4951k64w,1
m1mxwox6,68wne448,w6j7wx26,vdon01ok,rdqkzjgd,1
m1mxwox6,68wne448,w6j7wx26,zd3r0wnd,None,1
m1mxwox6,68wne448,w6j7wx26,vdon01ok,5d7myved,1
m1mxwox6,68wne448,w6j7wx26,vdon01ok,kwjq7519,1
m1mxwox6,68wne448,w6j7wx26,vdon01ok,owop7039,1
m1mxwox6,68wne448,w6j7wx26,vdon01ok,xd1qj7yw,1
m1mxwox6,68wne448,w6j7wx26,vdon01ok,ewp67j4d,1
m1mxwox6,68wne448,w6j7wx26,vdon01ok,y9mo5j0w,1
m1mxwox6,68wne448,w6j7wx26,vdon01ok,5wk7kjxd,1
m1mxwox6,68wne448,w6j7wx26,vdon01ok,59270z6w,1
m1mxwox6,68wne448,w6j7wx26,zd3r0wnd,None,1
m1mxwox6,68wne448,w6j7wx26,vdon01ok,29vrm3xw,1
m1mxwox6,68wne448,w6j7wx26,vdon01ok,xd4o0j89,1
m1mxwox6,68wne448,w6j7wx26,vdon01ok,xd05kgj9,1
m1mxwox6,68wne448,w6j7wx26,vdon01ok,rw66q46w,1
m1mxwox6,68wne448,w6j7wx26,vdon01ok,n93jq7rd,1
m1mxwox6,68wne448,w6j7wx26,vdon01ok,z98kr619,1
m1mxwox6,68wne448,w6j7wx26,vdon01ok,rdn1o069,1
m1mxwox6,68wne448,w6j7wx26,zd3r0wnd,None,1
m1mxwox6,68wne448,3698k88d,ndx0p9od,None,1
m1mxwox6,68wne448,w6j7wx26,vdon01ok,y9mo551w,1
m1mxwox6,68wne448,w6j7wx26,vdon01ok,5wk7kkqd,1
m1mxwox6,68wne448,w6j7wx26,vdon01ok,592700rw,1
m1mxwox6,68wne448,w6j7wx26,zd3r0wnd,None,1
m1mxwox6,68wne448,w6j7wx26,vdon01ok,29vrmmnw,1
m1mxwox6,68wne448,w6j7wx26,vdon01ok,n93jqqed,1
m1mxwox6,68wne448,w6j7wx26,vdon01ok,z98krrl9,1
m1mxwox6,68wne448,w6j7wx26,vdon01ok,rdn1oov9,1
m1mxwox6,68wne448,w6j7wx26,vdon01ok,ldyz11zw,1
m1mxwox6,68wne448,w6j7wx26,vdon01ok,gdr3ppzd,1
m1mxwox6,68wne448,w6j7wx26,vdon01ok,nwljggr9,1
m1mxwox6,68wne448,w6j7wx26,vdon01ok,ywee22rw,1
m1mxwox6,68wne448,w6j7wx26,vdon01ok,69zgppow,1
m1mxwox6,68wne448,w6j7wx26,vdon01ok,r9ggyzk9,1
m1mxwox6,68wne448,w6j7wx26,zd3r0wnd,None,1
m1mxwox6,68wne448,w6j7wx26,vdon01ok,z98krj19,1
m1mxwox6,68wne448,w6j7wx26,vdon01ok,rdn1o569,1
m1mxwox6,68wne448,w6j7wx26,vdon01ok,ldyz1e7w,1
m1mxwox6,68wne448,w6j7wx26,vdon01ok,gdr3pqkd,1
m1mxwox6,68wne448,w6j7wx26,vdon01ok,nwljg7g9,1
m1mxwox6,68wne448,w6j7wx26,vdon01ok,ywee284w,1
m1mxwox6,68wne448,w6j7wx26,vdon01ok,69zgp44w,1
m1mxwox6,68wne448,w6j7wx26,vdon01ok,r9ggy329,1
m1mxwox6,68wne448,w6j7wx26,vdon01ok,o9xe1l7w,1
m1mxwox6,68wne448,w6j7wx26,zd3r0wnd,None,1
m1mxwox6,68wne448,w6j7wx26,vdon01ok,4951k84w,1
m1mxwox6,68wne448,w6j7wx26,vdon01ok,rdqkz1gd,1
m1mxwox6,68wne448,w6j7wx26,vdon01ok,5d7my3ed,1
m1mxwox6,68wne448,w6j7wx26,vdon01ok,kwjq7e19,1
m1mxwox6,68wne448,w6j7wx26,vdon01ok,owop7239,1
m1mxwox6,68wne448,w6j7wx26,vdon01ok,xd1qj5yw,1
m1mxwox6,68wne448,w6j7wx26,vdon01ok,ewp67q4d,1
m1mxwox6,68wne448,w6j7wx26,vdon01ok,y9mo5p0w,1
m1mxwox6,68wne448,w6j7wx26,vdon01ok,5wk7krxd,1
m1mxwox6,68wne448,w6j7wx26,zd3r0wnd,None,1
m1mxwox6,68wne448,w6j7wx26,vdon01ok,59270o6w,1
m1mxwox6,68wne448,w6j7wx26,vdon01ok,29vrmkxw,1
m1mxwox6,68wne448,w6j7wx26,vdon01ok,xd4o0389,1
m1mxwox6,68wne448,w6j7wx26,vdon01ok,xd05k7j9,1
m1mxwox6,68wne448,w6j7wx26,vdon01ok,rw66qn6w,1
m1mxwox6,68wne448,w6j7wx26,vdon01ok,n93jqgrd,1
m1mxwox6,68wne448,w6j7wx26,vdon01ok,z98kr819,1
m1mxwox6,68wne448,w6j7wx26,vdon01ok,rdn1op69,1
m1mxwox6,68wne448,w6j7wx26,vdon01ok,ldyz1p7w,1
m1mxwox6,68wne448,w6j7wx26,zd3r0wnd,None,1
m1mxwox6,68wne448,w6jl9o5d,jdzlwgx2,None,1
m1mxwox6,68wne448,m1mnqv4d,ndx08grd,None,2
m1mxwox6,68wne448,nd28j8rd,n2ym1882,None,3
m1mxwox6,68wne448,k6qwomz6,7dg7gqpd,None,1
m1mxwox6,68wne448,w6jl9o5d,jdzlwgx2,None,1
m1mxwox6,68wne448,w6jl9o5d,jdzlwgx2,None,1
m1mxwox6,68wne448,3dxkpgp1,wdm7q1xd,None,3
m1mxwox6,68wne448,w6jl9o5d,jdzlwgx2,None,1
m1mxwox6,68wne448,w6jl9o5d,jdzlwgx2,None,1
m1mxwox6,68wne448,yd4kqxw6,9kvlxq02,None,1
m1mxwox6,68wne448,3dxkpwp1,q2594ewk,None,1
m1mxwox6,68wne448,9d389gw1,jdzo5ex2,None,1
m1mxwox6,68wne448,o6gn4951,mke75v92,None,2
m1mxwox6,68wne448,w6jl9o5d,jdzlwgx2,None,1
m1mxwox6,68wne448,w6jl9o5d,jdzlwgx2,None,1
m1mxwox6,68wne448,m1mnlk4d,n2ym1q12,None,2
m1mxwox6,68wne448,yd4kq2w6,xd1qmrw2,None,2
m1mxwox6,68wne448,w6jl9o5d,jdzlwgx2,None,1
m1mxwox6,68wne448,9d38p3y1,zd354nek,rw604prw,1
m1mxwox6,68wne448,w6j7wx26,wdm7z64d,n93jqqed,1
m1mxwox6,68wne448,w6j7wx26,wdm7z64d,z98krrl9,1
m1mxwox6,68wne448,w6j7wx26,wdm7z64d,rdn1oov9,1
m1mxwox6,68wne448,w6j7wx26,wdm7z64d,ldyz11zw,1
m1mxwox6,68wne448,w6j7wx26,wdm7z64d,gdr3ppzd,1
m1mxwox6,68wne448,w6j7wx26,wdm7z64d,nwljggr9,1
m1mxwox6,68wne448,w6j7wx26,wdm7z64d,ywee22rw,1
m1mxwox6,68wne448,w6j7wx26,wdm7z64d,69zgppow,1
m1mxwox6,68wne448,w6j7wx26,wdm7z64d,r9ggyzk9,1
m1mxwox6,68wne448,w6j7wx26,wdm7z64d,z98krj19,1
m1mxwox6,68wne448,w6j7wx26,wdm7z64d,rdn1o569,1
m1mxwox6,68wne448,w6j7wx26,wdm7z64d,ldyz1e7w,1
m1mxwox6,68wne448,w6j7wx26,wdm7z64d,gdr3pqkd,1
m1mxwox6,68wne448,w6j7wx26,wdm7z64d,nwljg7g9,1
m1mxwox6,68wne448,w6j7wx26,wdm7z64d,ywee284w,1
m1mxwox6,68wne448,w6j7wx26,wdm7z64d,69zgp44w,1
m1mxwox6,68wne448,w6j7wx26,wdm7z64d,r9ggy329,1
m1mxwox6,68wne448,w6j7wx26,wdm7z64d,o9xe1l7w,1
m1mxwox6,68wne448,w6j7wx26,wdm7z64d,4951k84w,1
m1mxwox6,68wne448,w6j7wx26,wdm7z64d,rdqkz1gd,1
m1mxwox6,68wne448,w6j7wx26,wdm7z64d,5d7my3ed,1
m1mxwox6,68wne448,w6j7wx26,wdm7z64d,kwjq7e19,1
m1mxwox6,68wne448,w6j7wx26,wdm7z64d,owop7239,1
m1mxwox6,68wne448,w6j7wx26,wdm7z64d,xd1qj5yw,1
m1mxwox6,68wne448,w6j7wx26,wdm7z64d,ewp67q4d,1
m1mxwox6,68wne448,w6j7wx26,wdm7z64d,y9mo5p0w,1
m1mxwox6,68wne448,w6j7wx26,wdm7z64d,5wk7krxd,1
m1mxwox6,68wne448,w6j7wx26,wdm7z64d,59270o6w,1
m1mxwox6,68wne448,w6j7wx26,wdm7z64d,29vrmkxw,1
m1mxwox6,68wne448,w6j7wx26,wdm7z64d,xd4o0389,1
m1mxwox6,68wne448,w6j7wx26,wdm7z64d,xd05k7j9,1
m1mxwox6,68wne448,w6j7wx26,wdm7z64d,rw66qn6w,1
m1mxwox6,68wne448,w6j7wx26,wdm7z64d,n93jqgrd,1
m1mxwox6,68wne448,w6j7wx26,wdm7z64d,z98kr819,1
m1mxwox6,68wne448,w6j7wx26,wdm7z64d,rdn1op69,1
m1mxwox6,68wne448,w6j7wx26,wdm7z64d,ldyz1p7w,1
m1mxwox6,68wne448,yd4kqng6,jdr8q90k,None,1
m1mxwox6,68wne448,w6j7wx26,wdm7z64d,gdr3pekd,1
m1mxwox6,68wne448,w6j7wx26,wdm7z64d,nwljglg9,1
m1mxwox6,68wne448,w6j7wx26,wdm7z64d,ywee214w,1
m1mxwox6,68wne448,w6j7wx26,wdm7z64d,69zgp34w,1
m1mxwox6,68wne448,w6j7wx26,wdm7z64d,r9ggy229,1
m1mxwox6,68wne448,w6j7wx26,wdm7z64d,o9xe1n7w,1
m1mxwox6,68wne448,w6j7wx26,wdm7z64d,4951k64w,1
m1mxwox6,68wne448,w6j7wx26,wdm7z64d,rdqkzjgd,1
m1mxwox6,68wne448,w6j7wx26,wdm7z64d,5d7myved,1
m1mxwox6,68wne448,w6j7wx26,wdm7z64d,kwjq7519,1
m1mxwox6,68wne448,w6j7wx26,wdm7z64d,owop7039,1
m1mxwox6,68wne448,w6j7wx26,wdm7z64d,xd1qj7yw,1
m1mxwox6,68wne448,w6j7wx26,wdm7z64d,ewp67j4d,1
m1mxwox6,68wne448,w6j7wx26,wdm7z64d,y9mo5j0w,1
m1mxwox6,68wne448,w6j7wx26,wdm7z64d,5wk7kjxd,1
m1mxwox6,68wne448,w6j7wx26,wdm7z64d,59270z6w,1
m1mxwox6,68wne448,w6j7wx26,wdm7z64d,29vrm3xw,1
m1mxwox6,68wne448,w6j7wx26,wdm7z64d,xd4o0j89,1
m1mxwox6,68wne448,w6j7wx26,wdm7z64d,xd05kgj9,1
m1mxwox6,68wne448,w6j7wx26,wdm7z64d,rw66q46w,1
m1mxwox6,68wne448,w6j7wx26,wdm7z64d,n93jq7rd,1
m1mxwox6,68wne448,w6j7wx26,wdm7z64d,z98kr619,1
m1mxwox6,68wne448,w6j7wx26,wdm7z64d,rdn1o069,1
m1mxwox6,68wne448,w6j7wx26,zd3r0wnd,None,1
m1mxwox6,68wne448,w6j7wx26,zd3r0wnd,None,1
m1mxwox6,68wne448,w6j7wx26,zd3r0wnd,None,1
m1mxwox6,68wne448,w6j7wx26,zd3r0wnd,None,1
m1mxwox6,68wne448,w6j7wx26,zd3r0wnd,None,1
m1mxwox6,68wne448,w6j7wx26,zd3r0wnd,None,1
m1mxwox6,68wne448,w6j7wx26,zd3r0wnd,None,1
m1mxwox6,68wne448,w6j7wx26,wdm7z64d,y9mo551w,1
m1mxwox6,68wne448,w6j7wx26,wdm7z64d,5wk7kkqd,1
m1mxwox6,68wne448,w6j7wx26,wdm7z64d,592700rw,1
m1mxwox6,68wne448,w6j7wx26,zd3r0wnd,None,1
m1mxwox6,68wne448,9d38p3y1,zd354nek,ewpvjmkw,1
m1mxwox6,68wne448,9d38p3y1,zd354nek,nwlvlxe9,2
m1mxwox6,68wne448,9d38p3y1,zd354nek,ywe71k7d,2
m1mxwox6,68wne448,m1zk2e21,wdm9wx3k,None,4
m1mxwox6,68wne448,m1zk2e21,wdm9wx3k,None,4
m1mxwox6,68wne448,m1mxwqj6,mkeql3jk,None,1
m1mxwox6,68wne448,m1zk2e21,vdoynjo2,None,5
m1mxwox6,68wne448,yd4kzjw6,ndxn4vjk,None,2
m1mxwox6,68wne448,yd4kzjw6,wkpn3wvd,y9m3pmzw,1
m1mxwox6,68wne448,yd4kzjw6,wkpn3wvd,5wkormv9,1
m1mxwox6,68wne448,yd4kzjw6,wkpn3wvd,592lo67d,1
m1mxwox6,68wne448,yd4kzjw6,wkpn3wvd,29vxk8qw,1
m1mxwox6,68wne448,yd4kzjw6,wkpn3wvd,xd4z35qw,1
m1mxwox6,68wne448,yd4kzjw6,wkpn3wvd,n93p5y7d,1
m1mxwox6,68wne448,yd4kzjw6,wkpn3wvd,xd0y7emw,1
m1mxwox6,68wne448,yd4kzjw6,wkpn3wvd,rw6xn7pw,1
m1mxwox6,68wne448,yd4kzjw6,wkpn3wvd,n93ege2w,1
m1mxwox6,68wne448,yd4kzjw6,wkpn3wvd,z98q8qr9,1
m1mxwox6,68wne448,yd4kzjw6,wkpn3wvd,rdn8p85d,1
m1mxwox6,68wne448,yd4kzjw6,wkpn3wvd,ldy6p6p9,1
m1mxwox6,68wne448,yd4kzjw6,wkpn3wvd,n93ege7w,1
m1mxwox6,68wne448,yd4kzjw6,wkpn3wvd,z98q8q79,1
m1mxwox6,68wne448,yd4kzjw6,wkpn3wvd,rdn8p8nd,1
m1mxwox6,68wne448,yd4kzjw6,wkpn3wvd,nwl171p9,1
m1mxwox6,68wne448,w6jl9o5d,ndxrnzjd,None,1
m1mxwox6,68wne448,w6jl9o5d,jdzlwgx2,None,1
m1mxwox6,68wne448,pd0qrll1,mkewnxxk,None,2
m1mxwox6,68wne448,4d7n8vl6,wdmme5xd,None,2
m1mxwox6,68wne448,ldejo0l1,5dwqoj0d,None,1
m1mxwox6,68wne448,9do89yo1,jdrwzqlk,None,1
m1mxwox6,68wne448,m1mnljxd,xd1w0rw2,None,1
m1mxwox6,68wne448,j1n8kzl1,q255y0g2,None,2
m1mxwox6,68wne448,3dx8n41y,9kvmr43k,None,6
m1mxwox6,68wne448,ldejoyl1,7kjlxp32,None,2
m1mxwox6,68wne448,46wq896r,xk9533g2,rw60jgnw,1
m1mxwox6,68wne448,46wx071r,wk6r9mpk,gdrv5r6w,1
m1mxwox6,68wne448,268w8jk6,w20n3ozd,None,2
m1mxwox6,68wne448,268w8jk6,9d8l3zq2,ewpyqylw,2
m1mxwox6,68wne448,268w8jk6,9d8l3zq2,y9m3p3lw,1
m1mxwox6,68wne448,268w8jk6,9d8l3zq2,5wkoro59,2
m1mxwox6,68wne448,268w8jk6,9d8l3zq2,592lolgd,1
m1mxwox6,68wne448,268w8jk6,9d8l3zq2,29vxkp1w,1
m1mxwox6,68wne448,268w8jk6,9d8l3zq2,xd4z380w,2
m1mxwox6,68wne448,268w8jk6,9d8l3zq2,rw6xnynw,2
m1mxwox6,68wne448,268w8jk6,9d8l3zq2,ewpyqylw,2
m1mxwox6,68wne448,268w8jk6,9d8l3zq2,y9m3p3lw,2
m1mxwox6,68wne448,268w8jk6,9d8l3zq2,5wkoro59,2
m1mxwox6,68wne448,268w8jk6,9d8l3zq2,592lolgd,2
m1mxwox6,68wne448,268w8jk6,9d8l3zq2,29vxkp1w,2
m1mxwox6,68wne448,268w8jk6,9d8l3zq2,xd4z380w,2
m1mxwox6,68wne448,268w8jk6,9d8l3zq2,xd0y7o0w,2
m1mxwox6,68wne448,268w8jk6,9d8l3zq2,rw6xnynw,2
m1mxwox6,68wne448,268w8jk6,w20n3ozd,None,2
m1mxwox6,68wne448,y654wq3d,9d8357w2,None,1
m1mxwox6,68wne448,w6jl9o5d,jdzlwgx2,None,1
m1mxwox6,68wne448,y654wq3d,8240qyed,None,2
m1mxwox6,68wne448,w6jl9o5d,jdzlwgx2,None,1
m1mxwox6,68wne448,w6jl9o5d,wkp1prvk,None,1
m1mxwox6,68wne448,w6jl9o5d,wkp1prvk,None,1
m1mxwox6,68wne448,w6jl9o5d,wkp1prvk,None,1
m1mxwox6,68wne448,w6jl9o5d,wkp1prvk,None,1
m1mxwox6,68wne448,w6jl9o5d,wkp1prvk,None,1
m1mxwox6,68wne448,w6jl9o5d,wkp1prvk,None,1
m1mxwox6,68wne448,w6jl9o5d,wkp1prvk,None,1
m1mxwox6,68wne448,w6jl9o5d,wkp1prvk,None,1
m1mxwox6,68wne448,268w8jk6,xd15vz82,rw6xnynw,1
m1mxwox6,68wne448,268w8jk6,9d8l3zq2,xd0y7o0w,2
m1mxwox6,68wne448,w6jl9o5d,jdzlwgx2,None,1
m1mxwox6,68wne448,w6jl9o5d,wkp191gk,None,1
m1mxwox6,68wne448,w6jl9o5d,mke9e79d,None,1
m1mxwox6,68wne448,w6jl9o5d,7dgnz742,None,1
m1mxwox6,68wne448,w6jl9o5d,mke9e79d,None,1
m1mxwox6,68wne448,w6jl9o5d,wkp191gk,None,1
m1mxwox6,68wne448,w6jl9o5d,7dgnz742,None,1
m1mxwox6,68wne448,w6jl9o5d,jdzlwgx2,None,1
m1mxwox6,68wne448,w6jl9o5d,wkp191gk,None,1
m1mxwox6,68wne448,w6jl9o5d,wkp191gk,None,1
m1mxwox6,68wne448,w6jl9o5d,mke9e79d,None,1
m1mxwox6,68wne448,w6jl9o5d,wkp191gk,None,1
m1mxwox6,68wne448,w6jl9o5d,wkp191gk,None,1
m1mxwox6,68wne448,w6jl9o5d,mke9e79d,None,1
m1mxwox6,68wne448,w6jl9o5d,wkp191gk,None,1
m1mxwox6,68wne448,w6jl9o5d,mke9e79d,None,1
m1mxwox6,68wne448,w6jl9o5d,wkp191gk,None,1
m1mxwox6,68wne448,w6jl9o5d,7dgnz742,None,1
m1mxwox6,68wne448,w6jl9o5d,mke9e79d,None,1
m1mxwox6,68wne448,w6jl9o5d,mke9e79d,None,1
m1mxwox6,68wne448,w6jl9o5d,wkp191gk,None,1
m1mxwox6,68wne448,w6jl9o5d,ndxrnzjd,None,1
m1mxwox6,68wne448,w6jl9o5d,jdzlwgx2,None,1
m1mxwox6,68wne448,w6jl9o5d,w20x3182,None,1
m1mxwox6,68wne448,w6jl9o5d,wkp191gk,None,1
m1mxwox6,68wne448,w6jl9o5d,mke9e79d,None,1
m1mxwox6,68wne448,w6jl9o5d,7dgnz742,None,1
m1mxwox6,68wne448,w6jl9o5d,7dgnz742,None,1
m1mxwox6,68wne448,w6jl9o5d,mke9e79d,None,1
m1mxwox6,68wne448,w6jl9o5d,7dgnz742,None,1
m1mxwox6,68wne448,w6jl9o5d,mke9e79d,None,1
m1mxwox6,68wne448,w6jl9o5d,7dgnz742,None,1
m1mxwox6,68wne448,w6jl9o5d,mke9e79d,None,1
m1mxwox6,68wne448,w6jl9o5d,jdzlwgx2,None,1
m1mxwox6,68wne448,4d79p3g1,9d861r62,None,1
m1mxwox6,68wne448,w6jl9o5d,jdzlwgx2,None,1
m1mxwox6,68wne448,w6jl9o5d,ndxrnzjd,None,1
m1mxwox6,68wne448,yd4o58k1,xk98v0x2,None,1
m1mxwox6,68wne448,yd4o58k1,xk98v0x2,None,1
m1mxwox6,68wne448,yd4o58k1,xk98v0x2,None,1
m1mxwox6,68wne448,9d38p0g1,xk95me62,None,1
m1mxwox6,68wne448,9d38p3y1,9d8581qd,owov0oo9,1
m1mxwox6,68wne448,9d38p3y1,9d8581qd,xd1o7ke9,1
m1mxwox6,68wne448,9d38p3y1,9d8581qd,ewpvjmkw,1
m1mxwox6,68wne448,9d38p3y1,9d8581qd,y9mvjq59,1
m1mxwox6,68wne448,9d38p3y1,9d8581qd,5wkvjz2d,1
m1mxwox6,68wne448,9d38p3y1,9d8581qd,5921zgow,1
m1mxwox6,68wne448,9d38p3y1,9d8581qd,29vv3e39,1
m1mxwox6,68wne448,9d38p3y1,9d8581qd,xd4mj72d,1
m1mxwox6,68wne448,9d38p3y1,9d8581qd,rdnv0jq9,1
m1mxwox6,68wne448,9d38p3y1,9d8581qd,ldyvy7kd,1
m1mxwox6,68wne448,9d38p3y1,9d8581qd,n93p75zd,1
m1mxwox6,68wne448,9d38p3y1,9d8581qd,rdnv0j79,1
m1mxwox6,68wne448,9d38p3y1,zd354nek,xd4mj72d,1
m1mxwox6,68wne448,9d38p3y1,zd354nek,z9806vpd,1
m1mxwox6,68wne448,9d38p3y1,zd354nek,o9xvn5pd,2
m1mxwox6,68wne448,9d38p3y1,zd354nek,gdrve4lw,2
m1mxwox6,68wne448,4d7nl2g6,mkew6lxk,None,1
m1mxwox6,68wne448,y655ep06,xk959l62,None,1
m1mxwox6,68wne448,9d38p0g1,n2yry9md,None,1
m1mxwox6,68wne448,w6jl9o5d,jdzlwgx2,None,1
m1mxwox6,68wne448,9d38p3y1,n2yrxp7d,None,1
m1mxwox6,68wne448,9d38p3y1,9kvr35e2,kwjm5xnw,2
m1mxwox6,68wne448,9d38p3y1,9kvr35e2,ewpvjmkw,1
m1mxwox6,68wne448,9d38p3y1,9kvr35e2,29vv3e39,1
m1mxwox6,68wne448,9d38p3y1,9kvr35e2,rw604prw,1
m1mxwox6,68wne448,9d38p3y1,9kvr35e2,n93p75nd,1
m1mxwox6,68wne448,9d38p3y1,9kvr35e2,z9806vgd,1
m1mxwox6,68wne448,9d38p3y1,9kvr35e2,gdrve4lw,1
m1mxwox6,68wne448,9d38p3y1,9kvr35e2,nwlvlxe9,1
m1mxwox6,68wne448,9d38p3y1,9kvr35e2,ywe71k7d,1
m1mxwox6,68wne448,9d38p3y1,9kvr35e2,69zv3ogw,1
m1mxwox6,68wne448,9d38p3y1,9kvr35e2,r9go20pw,1
m1mxwox6,68wne448,9d38p3y1,9kvr35e2,o9xvn5pd,1
m1mxwox6,68wne448,9d38p3y1,9kvr35e2,5wkvjz2d,1
m1mxwox6,68wne448,4d7nl2g6,mkew6lxk,None,1
m1mxwox6,68wne448,w6jl9o5d,jdzlwgx2,None,1
m1mxwox6,68wne448,9d38p3y1,9kvr35e2,kwjm5xnw,1
m1mxwox6,68wne448,9d38p3y1,9kvr35e2,owov0oo9,1
m1mxwox6,68wne448,9d38p3y1,9kvr35e2,xd1o7ke9,1
m1mxwox6,68wne448,9d38p3y1,9kvr35e2,ewpvjmkw,1
m1mxwox6,68wne448,9d38p3y1,9kvr35e2,y9mvjq59,1
m1mxwox6,68wne448,9d38p3y1,9kvr35e2,5wkvjz2d,1
m1mxwox6,68wne448,9d38p3y1,9kvr35e2,5921zgow,1
m1mxwox6,68wne448,9d38p3y1,9kvr35e2,29vv3e39,1
m1mxwox6,68wne448,9d38p3y1,9kvr35e2,xd4mj72d,1
m1mxwox6,68wne448,9d38p3y1,9kvr35e2,xd0jgrxw,1
m1mxwox6,68wne448,w6jl9o5d,zd36938d,29vvx0l9,1
m1mxwox6,68wne448,w6jl9o5d,9kvmv4ok,29vvx0l9,1
m1mxwox6,68wne448,w6jl9o5d,zd36938d,xd4mzerd,1
m1mxwox6,68wne448,w6jl9o5d,zd36938d,xd0jyn4w,1
m1mxwox6,68wne448,w6jl9o5d,zd36938d,rw60xggw,1
m1mxwox6,68wne448,w6jl9o5d,9kvmv4ok,xd4mzerd,1
m1mxwox6,68wne448,w6jl9o5d,9kvmv4ok,xd0jyn4w,1
m1mxwox6,68wne448,w6jl9o5d,9kvmv4ok,rw60xggw,1
m1mxwox6,68wne448,w6jl9o5d,zd36938d,n93pelzd,1
m1mxwox6,68wne448,w6jl9o5d,9kvmv4ok,n93pelzd,1
m1mxwox6,68wne448,w6jl9o5d,zd36938d,z980q5pd,1
m1mxwox6,68wne448,w6jl9o5d,9kvmv4ok,z980q5pd,1
m1mxwox6,68wne448,w6jl9o5d,zd36938d,rdnv8x79,1
m1mxwox6,68wne448,w6jl9o5d,9kvmv4ok,rdnv8x79,1
m1mxwox6,68wne448,w6jl9o5d,zd36938d,ldyv6krd,1
m1mxwox6,68wne448,w6jl9o5d,9kvmv4ok,ldyv6krd,1
m1mxwox6,68wne448,w6jl9o5d,zd36938d,gdrvlolw,1
m1mxwox6,68wne448,w6jl9o5d,zd36938d,nwlv1ze9,1
m1mxwox6,68wne448,w6jl9o5d,9kvmv4ok,gdrvlolw,1
m1mxwox6,68wne448,w6jl9o5d,9kvmv4ok,nwlv1ze9,1
m1mxwox6,68wne448,w6jl9o5d,zd36938d,ywe7g37d,1
m1mxwox6,68wne448,w6jl9o5d,9kvmv4ok,ywe7g37d,1
m1mxwox6,68wne448,9d38p3y1,zd354nek,5wkvjz2d,1
m1mxwox6,68wne448,w6jl9o5d,jdzlwgx2,None,1
m1mxwox6,68wne448,9d38p3y1,9kvr35e2,owov0oo9,2
m1mxwox6,68wne448,9d38p3y1,9kvr35e2,xd1o7ke9,3
m1mxwox6,68wne448,9d38p3y1,9kvr35e2,y9mvjq59,1
m1mxwox6,68wne448,9d38p3y1,9kvr35e2,xd0jgrxw,1
m1mxwox6,68wne448,9d38p3y1,9kvr35e2,rdnv0jq9,1
m1mxwox6,68wne448,9d38p3y1,9kvr35e2,ldyvy7kd,2
m1mxwox6,68wne448,9d38p3y1,9kvr35e2,ldyvy7rd,2
m1mxwox6,68wne448,w6jl9o5d,ndxrnzjd,None,1
m1mxwox6,68wne448,m1mxwox6,n2y7gqe2,None,1
m1mxwox6,68wne448,m1mxwox6,n2y7gqe2,None,1
m1mxwox6,68wne448,m1mxwox6,n2y7gqe2,None,1
m1mxwox6,68wne448,9d38p3y1,xk951ov2,None,1
m1mxwox6,68wne448,9d38p3y1,xd1wo982,owov0oo9,1
m1mxwox6,68wne448,9d38p3y1,xd1wo982,xd1o7ke9,1
m1mxwox6,68wne448,9d38p3y1,xd1wo982,ewpvjmkw,1
m1mxwox6,68wne448,9d38p3y1,xd1wo982,y9mvjq59,1
m1mxwox6,68wne448,9d38p3y1,xd1wo982,5wkvjz2d,1
m1mxwox6,68wne448,9d38p3y1,xd1wo982,5921zgow,1
m1mxwox6,68wne448,9d38p3y1,xd1wo982,29vv3e39,1
m1mxwox6,68wne448,9d38p3y1,xd1wo982,xd4mj72d,1
m1mxwox6,68wne448,9d38p3y1,xd1wo982,xd0jgrxw,1
m1mxwox6,68wne448,9d38p3y1,xd1wo982,rw604prw,1
m1mxwox6,68wne448,9d38p3y1,xd1wo982,n93p75nd,1
m1mxwox6,68wne448,9d38p3y1,xd1wo982,z9806vgd,1
m1mxwox6,68wne448,9d38p3y1,xd1wo982,rdnv0jq9,1
m1mxwox6,68wne448,9d38p3y1,xd1wo982,ldyvy7kd,1
m1mxwox6,68wne448,9d38p3y1,xd1wo982,n93p75zd,1
m1mxwox6,68wne448,9d38p3y1,xd1wo982,z9806vpd,1
m1mxwox6,68wne448,9d38p3y1,xd1wo982,rdnv0j79,1
m1mxwox6,68wne448,9d38p3y1,xd1wo982,ldyvy7rd,1
m1mxwox6,68wne448,9d38p3y1,xd1wo982,nwlvlxe9,1
m1mxwox6,68wne448,9d38p3y1,xd1wo982,ywe71k7d,1
m1mxwox6,68wne448,9d38p3y1,xd1wo982,69zv3ogw,1
m1mxwox6,68wne448,9d38p3y1,xd1wo982,r9go20pw,1
m1mxwox6,68wne448,9d38p3y1,xd1wo982,o9xvn5pd,1
m1mxwox6,68wne448,9d38p3y1,xd1wo982,gdrve4lw,1
m1mxwox6,68wne448,w6jl9o5d,ndxrnzjd,None,1
m1mxwox6,68wne448,w6jl9o5d,jdzlwgx2,None,1
m1mxwox6,68wne448,w6jl9o5d,jdzlwgx2,None,1
m1mxwox6,68wne448,m1mnzq4d,7dgy6p4d,None,1
m1mxwox6,68wne448,9d38p3y1,9d8581qd,z9806vpd,1
m1mxwox6,68wne448,y655ep06,z27597zk,None,1
m1mxwox6,68wne448,y655ep06,zdno7q92,None,1
m1mxwox6,68wne448,w6jl9o5d,jdzlwgx2,None,1
m1mxwox6,68wne448,w6jl9o5d,ndx4wl52,None,1
m1mxwox6,68wne448,w6jl9o5d,ndx4wl52,None,1
m1mxwox6,68wne448,w6jl9o5d,ndx4wl52,None,1
m1mxwox6,68wne448,w6jl9o5d,ndx4wl52,None,1
m1mxwox6,68wne448,w6jl9o5d,ndx4wl52,None,1
m1mxwox6,68wne448,w6jl9o5d,ndx4wl52,None,1
m1mxwox6,68wne448,w6jl9o5d,ndx4wl52,None,1
m1mxwox6,68wne448,w6jl9o5d,ndx4wl52,None,1
m1mxwox6,68wne448,w6jl9o5d,ndx4wl52,None,1
m1mxwox6,68wne448,w6jl9o5d,ndx4wl52,None,1
m1mxwox6,68wne448,w6jl9o5d,ndx4wl52,None,1
m1mxwox6,68wne448,w6jl9o5d,ndx4wl52,None,1
m1mxwox6,68wne448,w6jl9o5d,ndx4wl52,None,1
m1mxwox6,68wne448,w6jl9o5d,ndx4wl52,None,1
m1mxwox6,68wne448,w6jl9o5d,ndx4wl52,None,1
m1mxwox6,68wne448,w6jl9o5d,ndx4wl52,None,1
m1mxwox6,68wne448,w6jlry4d,jdroop5d,None,1
m1mxwox6,68wne448,w6jlry4d,jdroop5d,None,1
m1mxwox6,68wne448,w6jlry4d,jdroop5d,None,1
m1mxwox6,68wne448,w6jlry4d,jdroop5d,None,1
m1mxwox6,68wne448,w6jl9o5d,jdzlwgx2,None,1
m1mxwox6,68wne448,9d38p3y1,7kjl4j32,None,1
m1mxwox6,68wne448,9d38p3y1,9d8581qd,kwjm5xnw,2
m1mxwox6,68wne448,9d38p3y1,9d8581qd,xd0jgrxw,1
m1mxwox6,68wne448,9d38p3y1,9d8581qd,rw604prw,1
m1mxwox6,68wne448,9d38p3y1,9d8581qd,n93p75nd,1
m1mxwox6,68wne448,9d38p3y1,9d8581qd,z9806vgd,1
m1mxwox6,68wne448,9d38p3y1,zd354nek,kwjm5xnw,2
m1mxwox6,68wne448,9d38p3y1,9d8581qd,o9xvn5pd,1
m1mxwox6,68wne448,9d38p3y1,9d8581qd,gdrve4lw,1
m1mxwox6,68wne448,9d38p3y1,9d8581qd,nwlvlxe9,1
m1mxwox6,68wne448,9d38p3y1,9d8581qd,ywe71k7d,1
m1mxwox6,68wne448,9d38p3y1,9d8581qd,69zv3ogw,1
m1mxwox6,68wne448,9d38p3y1,9d8581qd,r9go20pw,1
m1mxwox6,68wne448,9d38p3y1,xk95z3v2,None,1
m1mxwox6,68wne448,w6jl9o5d,jdzlwgx2,None,1
m1mxwox6,68wne448,9d38p3y1,zd354nek,ldyvy7kd,3
m1mxwox6,68wne448,w6jl9o5d,jdzlwgx2,None,1
m1mxwox6,68wne448,9d38p3y1,xd1wo982,kwjm5xnw,1
m1mxwox6,68wne448,9d38p3y1,zd354nek,kwjm5xnw,2
m1mxwox6,68wne448,9d38p3y1,zd354nek,ewpvjmkw,1
m1mxwox6,68wne448,9d38p3y1,9kvr35e2,z9806vpd,1
m1mxwox6,68wne448,k6qokx1g,7kjgooxk,None,18
m1mxwox6,68wne448,k6qokx1g,z27wmwgk,None,6
m1mxwox6,68wne448,k6qokx1g,vdo5zxvk,rdq8npod,5
m1mxwox6,68wne448,k6qokx1g,vdo5zxvk,owoj3oj9,4
m1mxwox6,68wne448,k6qokx1g,vdo5zxvk,5d712nqd,5
m1mxwox6,68wne448,k6qokx1g,vdo5zxvk,xd1m4kzd,9
m1mxwox6,68wne448,k6qokx1g,vdo5zxvk,ewp381yd,7
m1mxwox6,68wne448,k6qokx1g,vdo5zxvk,y9m627zw,6
m1mxwox6,68wne448,k6qokx1g,vdo5zxvk,5wkxq5v9,6
m1mxwox6,68wne448,k6qokx1g,vdo5zxvk,592k4279,5
m1mxwox6,68wne448,k6qokx1g,vdo5zxvk,29v6z4qw,3
m1mxwox6,68wne448,k6qokx1g,vdo5zxvk,owoj50v9,6
m1mxwox6,68wne448,k6qokx1g,vdo5zxvk,xd1my7qd,3
m1mxwox6,68wne448,k6qokx1g,vdo5zxvk,ewp3ojld,4
m1mxwox6,68wne448,k6qokx1g,vdo5zxvk,y9m6gjlw,5
m1mxwox6,68wne448,k6qokx1g,vdo5zxvk,5wkxej59,5
m1mxwox6,68wne448,k6qokx1g,vdo5zxvk,592krzg9,5
m1mxwox6,68wne448,k6qokx1g,vdo5zxvk,29v6071w,4
m1mxwox6,68wne448,k6qokx1g,vdo5zxvk,xd41e20d,5
m1mxwox6,68wne448,k6qokx1g,vdo5zxvk,xd01nq0w,4
m1mxwox6,68wne448,k6qokx1g,vdo5zxvk,kwjgvx0w,8
m1mxwox6,68wne448,k6qokx1g,vdo5zxvk,kwjg65rw,4
m1mxwox6,68wne448,yd4kyn56,w20e0j5d,None,1
m1mxwox6,68wne448,yd4kyn56,w20e0j5d,None,1
m1mxwox6,68wne448,w6jl9o5d,jdzlwgx2,None,1
m1mxwox6,68wne448,w6jl9o5d,jdzlwgx2,None,1
m1mxwox6,68wne448,w6jl9o5d,jdzlwgx2,None,1
m1mxwox6,68wne448,w6jl9o5d,w20x3182,None,1
m1mxwox6,68wne448,9d38p3y1,zd354nek,69zv3ogw,2
m1mxwox6,68wne448,9d38p3y1,zd354nek,r9go20pw,2
m1mxwox6,68wne448,9d38p3y1,zd354nek,xd0jgrxw,2
m1mxwox6,68wne448,9d38p3y1,zd354nek,rdnv0jq9,2
m1mxwox6,68wne448,9d38p3y1,zd354nek,n93p75zd,2
m1mxwox6,68wne448,9d38p3y1,n2yrxp7d,None,2
m1mxwox6,68wne448,9d38p3y1,9kvr35e2,kwjm5xnw,3
m1mxwox6,68wne448,9d38p3y1,9kvr35e2,owov0oo9,4
m1mxwox6,68wne448,9d38p3y1,9kvr35e2,xd1o7ke9,2
m1mxwox6,68wne448,9d38p3y1,9kvr35e2,ewpvjmkw,3
m1mxwox6,68wne448,9d38p3y1,9kvr35e2,y9mvjq59,3
m1mxwox6,68wne448,9d38p3y1,9kvr35e2,5wkvjz2d,3
m1mxwox6,68wne448,9d38p3y1,9kvr35e2,5921zgow,2
m1mxwox6,68wne448,9d38p3y1,9kvr35e2,29vv3e39,2
m1mxwox6,68wne448,9d38p3y1,9kvr35e2,xd4mj72d,2
m1mxwox6,68wne448,9d38p3y1,9kvr35e2,xd0jgrxw,2
m1mxwox6,68wne448,9d38p3y1,9kvr35e2,rw604prw,2
m1mxwox6,68wne448,9d38p3y1,9kvr35e2,n93p75nd,2
m1mxwox6,68wne448,9d38p3y1,9kvr35e2,z9806vgd,2
m1mxwox6,68wne448,9d38p3y1,9kvr35e2,rdnv0jq9,2
m1mxwox6,68wne448,9d38p3y1,9kvr35e2,ldyvy7kd,3
m1mxwox6,68wne448,9d38p3y1,9kvr35e2,n93p75zd,2
m1mxwox6,68wne448,9d38p3y1,9kvr35e2,z9806vpd,2
m1mxwox6,68wne448,9d38p3y1,9kvr35e2,rdnv0j79,1
m1mxwox6,68wne448,9d38p3y1,9kvr35e2,ldyvy7rd,1
m1mxwox6,68wne448,9d38p3y1,9kvr35e2,nwlvlxe9,2
m1mxwox6,68wne448,9d38p3y1,9kvr35e2,ywe71k7d,2
m1mxwox6,68wne448,9d38p3y1,9kvr35e2,69zv3ogw,2
m1mxwox6,68wne448,9d38p3y1,9kvr35e2,r9go20pw,2
m1mxwox6,68wne448,9d38p3y1,9kvr35e2,o9xvn5pd,2
m1mxwox6,68wne448,v1px03m6,02qexoy2,n93p4nrd,3
m1mxwox6,68wne448,v1px03m6,02qexoy2,z9807z1d,1
m1mxwox6,68wne448,v1px03m6,02qexoy2,ldyvg57d,1
m1mxwox6,68wne448,v1px03m6,02qexoy2,gdrvx1kw,1
m1mxwox6,68wne448,v1px03m6,02qexoy2,nwlvopg9,1
m1mxwox6,68wne448,v1px03m6,02qexoy2,ywe75m4d,1
m1mxwox6,68wne448,v1px03m6,02qexoy2,69zv2n4w,1
m1mxwox6,68wne448,v1px03m6,02qexoy2,r9go412w,1
m1mxwox6,68wne448,v1px03m6,02qexoy2,o9xv737d,1
m1mxwox6,68wne448,v1px03m6,zdno3492,None,1
m1mxwox6,68wne448,9d38p3y1,z275y04k,None,1
m1mxwox6,68wne448,w6jl9o5d,5dw40xgk,None,1
m1mxwox6,68wne448,w6jl9o5d,5dw40xgk,None,1
m1mxwox6,68wne448,w6jl9o5d,5dw40xgk,None,1
m1mxwox6,68wne448,w6jl9o5d,5dw40xgk,None,1
m1mxwox6,68wne448,w6jl9o5d,5dw40xgk,None,1
m1mxwox6,68wne448,w6jl9o5d,5dw40xgk,None,1
m1mxwox6,68wne448,w6jl9o5d,5dw40xgk,None,1
m1mxwox6,68wne448,w6jl9o5d,5dw40xgk,None,1
m1mxwox6,68wne448,w6jl9o5d,5dw40xgk,None,1
m1mxwox6,68wne448,w6jl9o5d,vdo8n66k,None,1
m1mxwox6,68wne448,w6jl9o5d,vdo8n66k,None,1
m1mxwox6,68wne448,w6jl9o5d,vdo8n66k,None,1
m1mxwox6,68wne448,w6jl9o5d,vdo8n66k,None,1
m1mxwox6,68wne448,w6jl9o5d,vdo8n66k,None,1
m1mxwox6,68wne448,w6jl9o5d,vdo8n66k,None,1
m1mxwox6,68wne448,w6jl9o5d,vdo8n66k,None,1
m1mxwox6,68wne448,w6jl9o5d,vdo8n66k,None,1
m1mxwox6,68wne448,w6jl9o5d,vdo8n66k,None,1
m1mxwox6,68wne448,w6jl9o5d,vdo8n66k,None,1
m1mxwox6,68wne448,w6jl9o5d,vdo8n66k,None,1
m1mxwox6,68wne448,w6jl9o5d,vdo8n66k,None,1
m1mxwox6,68wne448,w6jl9o5d,w20x3182,None,1
m1mxwox6,68wne448,w6jl9o5d,xd11514d,None,1
m1mxwox6,68wne448,9d34ew6l,jdznjg6d,None,3
m1mxwox6,68wne448,9d34ew6l,jdznjg6d,None,4
m1mxwox6,68wne448,9d34ew6l,jdznjg6d,None,4
m1mxwox6,68wne448,w6jl9o5d,ndxrnzjd,None,1
m1mxwox6,68wne448,w6jl9o5d,vdo8n66k,None,1
m1mxwox6,68wne448,w6jl9o5d,vdo8n66k,None,1
m1mxwox6,68wne448,w6jl9o5d,vdo8n66k,None,1
m1mxwox6,68wne448,w6jl9o5d,vdo8n66k,None,1
m1mxwox6,68wne448,w6jl9o5d,vdo8n66k,None,1
m1mxwox6,68wne448,w6jl9o5d,w20x3182,None,1
m1mxwox6,68wne448,w6jl9o5d,xd11514d,None,1
m1mxwox6,68wne448,w6jl9o5d,zd36938d,z98lx1ld,1
m1mxwox6,68wne448,w6jl9o5d,zd36938d,rdngyev9,1
m1mxwox6,68wne448,w6jl9o5d,zd36938d,ldy0omz9,1
m1mxwox6,68wne448,w6jl9o5d,9kvmv4ok,z98lx1ld,1
m1mxwox6,68wne448,w6jl9o5d,9kvmv4ok,rdngyev9,1
m1mxwox6,68wne448,w6jl9o5d,9kvmv4ok,ldy0omz9,1
m1mxwox6,68wne448,w6jl9o5d,zd36938d,gdr7z5zw,1
m1mxwox6,68wne448,w6jl9o5d,zd36938d,nwle8rrd,1
m1mxwox6,68wne448,w6jl9o5d,9kvmv4ok,gdr7z5zw,1
m1mxwox6,68wne448,w6jl9o5d,9kvmv4ok,nwle8rrd,1
m1mxwox6,68wne448,w6jl9o5d,vdo8n66k,None,1
m1mxwox6,68wne448,4d7no5r6,jdrwrlxk,None,1
m1mxwox6,68wne448,9d38qy01,rkl05rnk,495ne8m9,1
m1mxwox6,68wne448,9d38qy01,ndxr34rd,495ne8m9,1
m1mxwox6,68wne448,9d38qy01,rkl05rnk,rdqqe1od,1
m1mxwox6,68wne448,9d38qy01,ndxr34rd,rdqqe1od,1
m1mxwox6,68wne448,9d38qy01,rkl05rnk,5d7rg3q9,1
m1mxwox6,68wne448,9d38qy01,ndxr34rd,5d7rg3q9,1
m1mxwox6,68wne448,9d38qy01,rkl05rnk,kwjr2e0d,1
m1mxwox6,68wne448,9d38qy01,ndxr34rd,kwjr2e0d,1
m1mxwox6,68wne448,9d38qy01,rkl05rnk,owoxr2jw,2
m1mxwox6,68wne448,9d38qy01,ndxr34rd,owoxr2jw,1
m1mxwox6,68wne448,9d38qy01,rkl05rnk,xd11n5zd,2
m1mxwox6,68wne448,9d38qy01,ndxr34rd,xd11n5zd,1
m1mxwox6,68wne448,9d38qy01,rkl05rnk,kwjr2e0d,1
m1mxwox6,68wne448,9d38qy01,ndxr34rd,kwjr2e0d,1
m1mxwox6,68wne448,9d38qy01,rkl05rnk,ewp5lqy9,2
m1mxwox6,68wne448,9d38qy01,ndxr34rd,ewp5lqy9,1
m1mxwox6,68wne448,9d38qy01,rkl05rnk,5wkl3rv9,1
m1mxwox6,68wne448,9d38qy01,ndxr34rd,5wkl3rv9,1
m1mxwox6,68wne448,9d38qy01,rkl05rnk,592pyo7w,1
m1mxwox6,68wne448,9d38qy01,ndxr34rd,592pyo7w,1
m1mxwox6,68wne448,9d38qy01,rkl05rnk,29vpqkq9,1
m1mxwox6,68wne448,9d38qy01,ndxr34rd,29vpqkq9,1
m1mxwox6,68wne448,9d38qy01,rkl05rnk,xd48l3qw,1
m1mxwox6,68wne448,9d38qy01,ndxr34rd,xd48l3qw,1
m1mxwox6,68wne448,9d38qy01,rkl05rnk,xd0o87md,1
m1mxwox6,68wne448,9d38qy01,ndxr34rd,xd0o87md,1
m1mxwox6,68wne448,9d38qy01,rkl05rnk,rw6yznp9,1
m1mxwox6,68wne448,9d38qy01,ndxr34rd,rw6yznp9,1
m1mxwox6,68wne448,9d38qy01,rkl05rnk,n933r729,1
m1mxwox6,68wne448,9d38qy01,ndxr34rd,n933r729,1
m1mxwox6,68wne448,9d38qy01,rkl05rnk,z98lx6rd,1
m1mxwox6,68wne448,9d38qy01,ndxr34rd,z98lx6rd,1
m1mxwox6,68wne448,9d38qy01,rkl05rnk,rdngy059,1
m1mxwox6,68wne448,9d38qy01,ndxr34rd,rdngy059,1
m1mxwox6,68wne448,9d38qy01,rkl05rnk,ldy0oyp9,1
m1mxwox6,68wne448,9d38qy01,ndxr34rd,ldy0oyp9,1
m1mxwox6,68wne448,9do8p3o1,9kvrq682,None,1
m1mxwox6,68wne448,9do8p3o1,9kvrq682,None,1
m1mxwox6,68wne448,9do8p3o1,9kvrq682,None,1
m1mxwox6,68wne448,9do8p3o1,9kvrq682,None,1
m1mxwox6,68wne448,nd2lj360,ndxrep5d,xd0oj6xd,1
m1mxwox6,68wne448,nd2lj360,w20e818d,xd11oyed,1
m1mxwox6,68wne448,nd2lj360,wdmm945d,z98l04gd,1
m1mxwox6,68wne448,k6qyvzdg,vdo01gvd,29vm37q9,10
m1mxwox6,68wne448,46w3grq1,jdrvjln2,o9x33rp9,2
m1mxwox6,68wne448,46w3grq1,wkp3pm82,o9x33rp9,2
m1mxwox6,68wne448,46w3grq1,jdrvjln2,495llx3d,2
m1mxwox6,68wne448,46w3grq1,wkp3pm82,495llx3d,3
m1mxwox6,68wne448,46w3grq1,jdrvjln2,rdq5542d,3
m1mxwox6,68wne448,46w3grq1,wkp3pm82,rdq5542d,3
m1mxwox6,68wne448,46w3grq1,jdrvjln2,5d7zzp6w,2
m1mxwox6,68wne448,46w3grq1,wkp3pm82,5d7zzp6w,2
m1mxwox6,68wne448,46w3grq1,jdrvjln2,kwj1107w,2
m1mxwox6,68wne448,46w3grq1,jdrvjln2,xd03314d,1
m1mxwox6,68wne448,46w3grq1,jdrvjln2,owoqq8kd,3
m1mxwox6,68wne448,46w3grq1,wkp3pm82,owoqq8kd,1
m1mxwox6,68wne448,46w3grq1,jdrvjln2,xd188p5w,3
m1mxwox6,68wne448,46w3grq1,wkp3pm82,xd188p5w,2
m1mxwox6,68wne448,46w3grq1,jdrvjln2,ewp00njd,1
m1mxwox6,68wne448,46w3grq1,wkp3pm82,ewp00njd,1
m1mxwox6,68wne448,46w3grq1,jdrvjln2,y9m110x9,1
m1mxwox6,68wne448,46w3grq1,wkp3pm82,y9m110x9,1
m1mxwox6,68wne448,46w3grq1,jdrvjln2,5wk110pd,3
m1mxwox6,68wne448,46w3grq1,jdrvjln2,592nnm39,1
m1mxwox6,68wne448,46w3grq1,jdrvjln2,29v55gld,1
m1mxwox6,68wne448,46w3grq1,jdrvjln2,xd4rrpr9,3
m1mxwox6,68wne448,46w3grq1,wkp3pm82,xd4rrpr9,2
m1mxwox6,68wne448,46w3grq1,jdrvjln2,xd033p4d,1
m1mxwox6,68wne448,46w3grq1,wkp3pm82,xd033p4d,1
m1mxwox6,68wne448,46w3grq1,jdrvjln2,rw6ee2gd,1
m1mxwox6,68wne448,46w3grq1,wkp3pm82,rw6ee2gd,1
m1mxwox6,68wne448,46w3grq1,jdrvjln2,n93yykzd,1
m1mxwox6,68wne448,46w3grq1,wkp3pm82,n93yykzd,1
m1mxwox6,68wne448,46w3grq1,jdrvjln2,z98ggppw,2
m1mxwox6,68wne448,46w3grq1,jdrvjln2,rdn2237d,2
m1mxwox6,68wne448,46w3grq1,jdrvjln2,ldy88qrw,1
m1mxwox6,68wne448,46w3grq1,wkp3pm82,ldy88qrw,1
m1mxwox6,68wne448,46w3grq1,jdrvjln2,gdr11rlw,1
m1mxwox6,68wne448,46w3grq1,wkp3pm82,gdr11rlw,1
m1mxwox6,68wne448,46w3grq1,jdrvjln2,nwlpp0e9,1
m1mxwox6,68wne448,46w3grq1,wkp3pm82,nwlpp0e9,1
m1mxwox6,68wne448,46w3grq1,jdrvjln2,ywemm07d,1
m1mxwox6,68wne448,46w3grq1,wkp3pm82,ywemm07d,1
m1mxwox6,68wne448,46w3grq1,jdrvjln2,69znn7g9,2
m1mxwox6,68wne448,46w3grq1,wkp3pm82,69znn7g9,2
m1mxwox6,68wne448,46w3grq1,jdrvjln2,r9g116p9,2
m1mxwox6,68wne448,46w3grq1,jdrvjln2,o9x336p9,2
m1mxwox6,68wne448,46w3grq1,jdrvjln2,495llp3d,2
m1mxwox6,68wne448,46w3grq1,wkp3pm82,495llp3d,2
m1mxwox6,68wne448,46w3grq1,jdrvjln2,rdq55y2d,2
m1mxwox6,68wne448,46w3grq1,wkp3pm82,rdq55y2d,2
m1mxwox6,68wne448,46w3grq1,jdrvjln2,5d7zz16w,1
m1mxwox6,68wne448,46w3grq1,wkp3pm82,5d7zz16w,1
m1mxwox6,68wne448,46w3grq1,jdrvjln2,kwj11g7w,2
m1mxwox6,68wne448,46w3grq1,jdrvjln2,owoqqjkd,1
m1mxwox6,68wne448,46w3grq1,wkp3pm82,owoqqjkd,1
m1mxwox6,68wne448,46w3grq1,jdrvjln2,xd188m5w,1
m1mxwox6,68wne448,46w3grq1,wkp3pm82,xd188m5w,1
m1mxwox6,68wne448,46w3grq1,jdrvjln2,ewp003jd,1
m1mxwox6,68wne448,46w3grq1,wkp3pm82,ewp003jd,1
m1mxwox6,68wne448,46w3grq1,jdrvjln2,y9m116x9,1
m1mxwox6,68wne448,46w3grq1,jdrvjln2,5wk11xpd,1
m1mxwox6,68wne448,46w3grq1,jdrvjln2,592nnk39,1
m1mxwox6,68wne448,46w3grq1,jdrvjln2,29v556ld,1
m1mxwox6,68wne448,46w3grq1,wkp3pm82,29v556ld,1
m1mxwox6,68wne448,46w3grq1,jdrvjln2,xd4rr1r9,1
m1mxwox6,68wne448,46w3grq1,wkp3pm82,xd4rr1r9,1
m1mxwox6,68wne448,46w3grq1,jdrvjln2,rw6ee1gd,1
m1mxwox6,68wne448,46w3grq1,wkp3pm82,rw6ee1gd,1
m1mxwox6,68wne448,46w3grq1,jdrvjln2,z98gg3pw,2
m1mxwox6,68wne448,46w3grq1,jdrvjln2,rdn2277d,2
m1mxwox6,68wne448,46w3grq1,jdrvjln2,ldy88xrw,2
m1mxwox6,68wne448,46w3grq1,jdrvjln2,gdr11nlw,2
m1mxwox6,68wne448,46w3grq1,jdrvjln2,nwlpp5e9,2
m1mxwox6,68wne448,46w3grq1,jdrvjln2,n93yy1zd,1
m1mxwox6,68wne448,46w3grq1,wkp3pm82,n93yy1zd,1
m1mxwox6,68wne448,9do82l31,wkpgjp8k,None,1
m1mxwox6,68wne448,lde05n63,n2yqj9zk,kwjxx0dg,4
m1mxwox6,68wne448,3dxwny1y,ndxpxq12,4956jvmd,2
m1mxwox6,68wne448,3dxwny1y,ndxpxq12,5d7v76qd,2
m1mxwox6,68wne448,3dxwny1y,ndxpxq12,kwj5yo09,1
m1mxwox6,68wne448,3dxwny1y,ndxpxq12,xd170vzd,1
m1mxwox6,68wne448,3dxwny1y,ndxpxq12,ewpjpkyw,1
m1mxwox6,68wne448,3dxwny1y,ndxpxq12,y9mjekz9,1
m1mxwox6,68wne448,3dxwny1y,ndxpxq12,nwll6gow,2
m1mxwox6,68wne448,3dxwny1y,ndxpxq12,ywe142ld,1
m1mxwox6,68wne448,3dxwny1y,ndxpxq12,69z3rpxd,1
m1mxwox6,68wne448,3dxwny1y,ndxpxq12,n9370q2d,1
m1mxwox6,68wne448,3dxwny1y,ndxpxq12,z986jrrd,1
m1mxwox6,68wne448,3dxwny1y,ndxpxq12,rdn05o5w,1
m1mxwox6,68wne448,3dxwny1y,ndxpxq12,29v3y1qw,2
m1mxwox6,68wne448,3dxwny1y,ndxpxq12,xd4j6vqd,1
m1mxwox6,68wne448,3dxwny1y,ndxpxq12,xd0g0vmw,1
m1mxwox6,68wne448,3dxwny1y,ndxpxq12,4956jkmd,1
m1mxwox6,68wne448,9do82l31,vdop0692,None,1
m1mxwox6,68wne448,k6q42l0d,9d8glvwk,None,4
m1mxwox6,68wne448,m1zj29x6,7kjqlnxd,None,6
m1mxwox6,68wne448,yd4og351,7kjqgrgd,None,1
m1mxwox6,68wne448,lderln63,q25448vd,None,10
m1mxwox6,68wne448,yd4og351,n2y3v1ed,None,13
m1mxwox6,68wne448,yd4og351,7kjqgrgd,None,3
m1mxwox6,68wne448,j1ne7jw1,wk677lod,None,3
m1mxwox6,68wne448,j1n3yldp,w20p7njk,None,30
m1mxwox6,68wne448,j1negjx1,jdzvnxvk,None,1
m1mxwox6,68wne448,j1negjx1,jdzvnxvk,None,1
m1mxwox6,68wne448,j1negjx1,zd3585ek,69z07v4d,1
m1mxwox6,68wne448,j1negjx1,zd3585ek,69z07v4d,1
m1mxwox6,68wne448,j1negjx1,zd3585ek,69z07v4d,1
m1mxwox6,68wne448,pdvk446w,n2yr7med,z98lp01d,2
m1mxwox6,68wne448,pdvk446w,n2yr7med,z98lp01d,2
m1mxwox6,68wne448,pdvk446w,n2yr7med,z98lp01d,2
m1mxwox6,68wne448,j1lq7ov6,vdopm892,69z07ngd,1
m1mxwox6,68wne448,j1lq7ov6,wkpgm18k,69z07ngd,1
m1mxwox6,68wne448,m1z022d0,wk6rv8pk,gdr7rylw,3
m1mxwox6,68wne448,m1z022d0,wk6rv8pk,gdr7rylw,1
m1mxwox6,68wne448,pdv2v7o6,7kjl16z2,69z078gd,1
m1mxwox6,68wne448,v1pq47d8,z275l4ok,o9x06op9,1
m1mxwox6,68wne448,76r39ge6,02qepm92,ldy0qlr9,2
m1mxwox6,68wne448,76r39ge6,824q1jnk,ldy0qlr9,1
m1mxwox6,68wne448,pd0revde,wkpgm9jk,ywep00rd,1
m1mxwox6,68wne448,pd0revde,5dwq795d,ywep00rd,1
m1mxwox6,68wne448,pd0revde,5dwq795d,5d7rp1v9,1
m1mxwox6,68wne448,76ropq68,z275lm4k,kwjr0gzd,2
m1mxwox6,68wne448,k6qwppm6,02qep972,xd0pyz1w,1
m1mxwox6,68wne448,k6qwppm6,824q1lek,xd1prg6d,1
m1mxwox6,68wne448,k6qwppm6,9d85xowd,495pg7jw,1
m1mxwox6,68wne448,pd0revde,5dwq795d,5d7rp1v9,1
m1mxwox6,68wne448,y65797de,wkpq48gd,None,147
m1mxwox6,68wne448,y65797de,mkej0g82,None,34
m1mxwox6,68wne448,k6q4rqzd,9kv7gzok,5d7l0le9,13
m1mxwox6,68wne448,k6q4rqzd,9kv7gzok,gdrg4elw,7
m1mxwox6,68wne448,k6q4rqzd,9kv7gzok,nwlnxled,4
m1mxwox6,68wne448,y65797de,w20vz08k,None,29
m1mxwox6,68wne448,y65797de,q257xlgd,None,45
m1mxwox6,68wne448,y65797de,zd3l938d,None,1613
m1mxwox6,68wne448,y65797de,zd3l938d,None,153
m1mxwox6,68wne448,j1n83zl1,xk95nly2,None,1
m1mxwox6,68wne448,ldejg0l1,q2557482,None,1
m1mxwox6,68wne448,268wn8y6,xd1w7m42,None,2
m1mxwox6,68wne448,9do873o1,ndxrmo5d,None,2
m1mxwox6,68wne448,nd2m3r10,jdrnzn5k,29vpk5x9,1
m1mxwox6,68wne448,nd2m3r10,jdznyngd,29vpk5x9,1
m1mxwox6,68wne448,nd2m3r10,02qr5ryk,29vpk5x9,1
m1mxwox6,68wne448,yd4oklk1,z27vn9z2,r9g83qjd,1
m1mxwox6,68wne448,yd4oklk1,xk9xq96k,r9g83qjd,1
m1mxwox6,68wne448,yd4oklk1,jdznyogd,r9g83qjd,1
m1mxwox6,68wne448,w6jl9o5d,xd11514d,None,1
m1mxwox6,68wne448,w6jl9o5d,zd36938d,z98lmq1d,1
m1mxwox6,68wne448,w6jl9o5d,9kvmv4ok,z98lmq1d,1
m1mxwox6,68wne448,w6jl9o5d,zd36938d,rdngq869,1
m1mxwox6,68wne448,w6jl9o5d,9kvmv4ok,rdngq869,1
m1mxwox6,68wne448,w6jl9o5d,zd36938d,ldy03679,1
m1mxwox6,68wne448,w6jl9o5d,zd36938d,gdr7y7kw,1
m1mxwox6,68wne448,w6jl9o5d,zd36938d,nwle2egd,1
m1mxwox6,68wne448,w6jl9o5d,9kvmv4ok,ldy03679,1
m1mxwox6,68wne448,w6jl9o5d,9kvmv4ok,gdr7y7kw,1
m1mxwox6,68wne448,w6jl9o5d,9kvmv4ok,nwle2egd,1
m1mxwox6,68wne448,ldejgj51,9d85joqd,None,1
m1mxwox6,68wne448,pdv2v7o6,jdzr3qv2,None,1
m1mxwox6,68wne448,268wk056,xd1wr6w2,None,1
m1mxwox6,68wne448,268wk056,zd350prk,None,1
m1mxwox6,68wne448,9do82l31,wdmmz03d,None,1
m1mxwox6,68wne448,nd28y3vd,7dg1zqpd,None,1
m1mxwox6,68wne448,268wk056,9kvrpw32,None,1
m1mxwox6,68wne448,w6jl9o5d,xd11514d,None,1
m1mxwox6,68wne448,w6jl9o5d,w20x3182,None,1
m1mxwox6,68wne448,w6jl9o5d,zd36938d,rdn8jz6d,1
m1mxwox6,68wne448,w6jl9o5d,zd36938d,ldy67g79,1
m1mxwox6,68wne448,w6jl9o5d,zd36938d,gdrl42kd,1
m1mxwox6,68wne448,w6jl9o5d,zd36938d,nwl1x3g9,1
m1mxwox6,68wne448,w6jl9o5d,9kvmv4ok,rdn8jz6d,1
m1mxwox6,68wne448,w6jl9o5d,9kvmv4ok,ldy67g79,1
m1mxwox6,68wne448,w6jl9o5d,9kvmv4ok,gdrl42kd,1
m1mxwox6,68wne448,w6jl9o5d,9kvmv4ok,nwl1x3g9,1
m1mxwox6,68wne448,w6jl9o5d,zd36938d,ywegkl4d,1
m1mxwox6,68wne448,w6jl9o5d,zd36938d,69zjoz4w,1
m1mxwox6,68wne448,w6jl9o5d,9kvmv4ok,ywegkl4d,1
m1mxwox6,68wne448,w6jl9o5d,9kvmv4ok,69zjoz4w,1
m1mxwox6,68wne448,w6jl9o5d,xd11514d,None,1
m1mxwox6,68wne448,j1n8q391,rklnymn2,None,3
m1mxwox6,68wne448,o6glvznd,n2y7w972,None,6
m1mxwox6,68wne448,k6qo0x1g,jdzno93d,rdn838vd,1
m1mxwox6,68wne448,kdkmzo21,7kjogqn2,None,3
m1mxwox6,68wne448,o6g42o62,02qvn4zd,None,3
m1mxwox6,68wne448,j1nejqw1,z271zg42,None,2
m1mxwox6,68wne448,w6jl9o5d,zd36938d,29vxzxxw,1
m1mxwox6,68wne448,w6jl9o5d,zd36938d,xd4zkz8w,1
m1mxwox6,68wne448,w6jl9o5d,9kvmv4ok,29vxzxxw,1
m1mxwox6,68wne448,w6jl9o5d,9kvmv4ok,xd4zkz8w,1
m1mxwox6,68wne448,w6jl9o5d,zd36938d,xd0y4yjw,1
m1mxwox6,68wne448,w6jl9o5d,zd36938d,rw6xmx6w,1
m1mxwox6,68wne448,w6jl9o5d,zd36938d,n93emerw,1
m1mxwox6,68wne448,w6jl9o5d,9kvmv4ok,xd0y4yjw,1
m1mxwox6,68wne448,w6jl9o5d,9kvmv4ok,rw6xmx6w,1
m1mxwox6,68wne448,w6jl9o5d,9kvmv4ok,n93emerw,1
m1mxwox6,68wne448,w6jl9o5d,zd36938d,z98qmq19,1
m1mxwox6,68wne448,w6jl9o5d,zd36938d,rdn8q86d,1
m1mxwox6,68wne448,w6jl9o5d,9kvmv4ok,z98qmq19,1
m1mxwox6,68wne448,w6jl9o5d,9kvmv4ok,rdn8q86d,1
m1mxwox6,68wne448,46w2lj96,jdznno6d,xd4zkm8w,1
m1mxwox6,68wne448,46w2lj96,jdznno6d,xd0y4jjw,1
m1mxwox6,68wne448,46w2lj96,jdznno6d,rw6xm06w,1
m1mxwox6,68wne448,46w2lj96,jdznno6d,n93emprw,1
m1mxwox6,68wne448,46w2lj96,jdznno6d,z98qm019,1
m1mxwox6,68wne448,46w2lj96,jdznno6d,rdn8qv6d,1
m1mxwox6,68wne448,46w2lj96,jdznno6d,ldy63v79,1
m1mxwox6,68wne448,46w2lj96,jdznno6d,n93emj2w,1
m1mxwox6,68wne448,46w2lj96,jdznno6d,z98qmkr9,1
m1mxwox6,68wne448,46w2lj96,jdznno6d,rdn8q15d,1
m1mxwox6,68wne448,w6jlry4d,9d839z62,None,3
m1mxwox6,68wne448,w6jlry4d,9d839z62,None,1
m1mxwox6,68wne448,46w2lj96,9kvn8o8d,None,1
m1mxwox6,68wne448,o6gnvwx1,jdrnrlxk,None,2
m1mxwox6,68wne448,w6jl9o5d,xd11514d,None,1
m1mxwox6,68wne448,kdkmy3g1,9kvnqn3d,None,2
m1mxwox6,68wne448,w6jl9o5d,xd11514d,None,1
m1mxwox6,68wne448,w6jl9o5d,xd11514d,None,1
m1mxwox6,68wne448,w6jl9o5d,w20x3182,None,1
m1mxwox6,68wne448,w6jl9o5d,w20x3182,None,1
m1mxwox6,68wne448,76rx7lv6,xk9xel4k,None,1
m1mxwox6,68wne448,w6jl9o5d,xd11514d,None,1
m1mxwox6,68wne448,yd4kzjw6,w20n39zd,None,2
m1mxwox6,68wne448,yd4kzjw6,7dgy6v4d,y9m3pmzw,1
m1mxwox6,68wne448,yd4kzjw6,7dgy6v4d,5wkormv9,1
m1mxwox6,68wne448,yd4kzjw6,7dgy6v4d,592lo67d,1
m1mxwox6,68wne448,yd4kzjw6,7dgy6v4d,29vxk8qw,1
m1mxwox6,68wne448,yd4kzjw6,7dgy6v4d,xd4z35qw,1
m1mxwox6,68wne448,yd4kzjw6,7dgy6v4d,xd0y7emw,1
m1mxwox6,68wne448,yd4kzjw6,7dgy6v4d,rw6xn7pw,1
m1mxwox6,68wne448,yd4kzjw6,7dgy6v4d,n93ege2w,1
m1mxwox6,68wne448,yd4kzjw6,7dgy6v4d,z98q8qr9,1
m1mxwox6,68wne448,yd4kzjw6,7dgy6v4d,rdn8p85d,1
m1mxwox6,68wne448,yd4kzjw6,7dgy6v4d,ldy6p6p9,1
m1mxwox6,68wne448,yd4kzjw6,7dgy6v4d,n93ege7w,1
m1mxwox6,68wne448,yd4kzjw6,7dgy6v4d,z98q8q79,1
m1mxwox6,68wne448,yd4kzjw6,7dgy6v4d,rdn8p8nd,1
m1mxwox6,68wne448,yd4kzjw6,7dgy6v4d,nwl171p9,1
m1mxwox6,68wne448,m1mnzq4d,5dwngzgd,None,1
m1mxwox6,68wne448,kdkz24qd,wkpme4wk,None,3
m1mxwox6,68wne448,268w8jk6,xd15vz82,xd0y7o0w,1
m1mxwox6,68wne448,268w8jk6,xd15vz82,xd4z380w,1
m1mxwox6,68wne448,268w8jk6,xd15vz82,29vxkp1w,1
m1mxwox6,68wne448,268w8jk6,xd15vz82,592lolgd,1
m1mxwox6,68wne448,268w8jk6,xd15vz82,5wkoro59,1
m1mxwox6,68wne448,268w8jk6,xd15vz82,y9m3p3lw,1
m1mxwox6,68wne448,268w8jk6,xd15vz82,ewpyqylw,1
m1mxwox6,68wne448,268w8jk6,82480z3k,None,1
m1mxwox6,68wne448,pd0njw1e,jdz6gv2v,None,4
m1mxwox6,68wne448,3695l8dl,ndxpw8v2,xd1q85wo,1
m1mxwox6,68wne448,3695l8dl,w2014zok,xd1q85wo,1
m1mxwox6,68wne448,3695l8dl,w2014zok,ewp60jdn,1
m1mxwox6,68wne448,3695l8dl,ndxpw8v2,y9mo1xw5,1
m1mxwox6,68wne448,3695l8dl,824mopn2,y9mo1xw5,1
m1mxwox6,68wne448,3695l8dl,824mopn2,5927n3w6,2
m1mxwox6,68wne448,3695l8dl,rkle8g82,5927n3w6,1
m1mxwox6,68wne448,3695l8dl,zd3lmyrd,29vr5lwv,1
m1mxwox6,68wne448,3695l8dl,rkle8g82,29vr5lwv,1
m1mxwox6,68wne448,j1n8zqe1,02qr3lpk,None,2
m1mxwox6,68wne448,pdvook1w,z27119o2,None,1
m1mxwox6,68wne448,pdvook1w,mkejz6j2,None,2
m1mxwox6,68wne448,3695l8dl,ndxpw8v2,5927n3w6,1
m1mxwox6,68wne448,lde5vjd3,mkejoox2,5wkrk659,1
m1mxwox6,68wne448,lde5vjd3,5dwyjjnk,5wkrk659,1
m1mxwox6,68wne448,lde5vjd3,wk61pprd,5wkrk659,2
m1mxwox6,68wne448,w6jl9o5d,ndx4wl52,None,1
m1mxwox6,68wne448,y65ng86e,02qjm0pd,None,2
m1mxwox6,68wne448,y65ng86e,zdnyxg7k,5wkokkp9,1
m1mxwox6,68wne448,y65ng86e,zdnyxg7k,592l003d,1
m1mxwox6,68wne448,y65ng86e,zdnyxg7k,29vxmmlw,1
m1mxwox6,68wne448,y65ng86e,zdnyxg7k,xd4z00rw,1
m1mxwox6,68wne448,y65ng86e,zdnyxg7k,xd0ykk4w,1
m1mxwox6,68wne448,y65ng86e,zdnyxg7k,rw6xqqgw,1
m1mxwox6,68wne448,y65ng86e,zdnyxg7k,n93eqqzw,1
m1mxwox6,68wne448,y65ng86e,zdnyxg7k,z98qrrp9,1
m1mxwox6,68wne448,y65ng86e,zdnyxg7k,rdn8oo7d,1
m1mxwox6,68wne448,y65ng86e,zdnyxg7k,ldy611r9,1
m1mxwox6,68wne448,y65ng86e,zdnyxg7k,n93eqqew,1
m1mxwox6,68wne448,y65ng86e,zdnyxg7k,z98qrrl9,1
m1mxwox6,68wne448,y65ng86e,zdnyxg7k,rdn8oovd,1
m1mxwox6,68wne448,y65ng86e,zdnyxg7k,ldy611z9,1
m1mxwox6,68wne448,y65ng86e,zdnyxg7k,gdrlppzd,1
m1mxwox6,68wne448,yd4onj51,824813wk,owon76yd,1
m1mxwox6,68wne448,yd4onj51,824813wk,xd1rj269,1
m1mxwox6,68wne448,yd4onj51,824813wk,ewpy7xzw,1
m1mxwox6,68wne448,yd4onj51,824813wk,y9m35x1w,1
m1mxwox6,68wne448,yd4onj51,824813wk,5wkok6q9,1
m1mxwox6,68wne448,yd4onj51,824813wk,592l0qrd,1
m1mxwox6,68wne448,yd4onj51,824813wk,29vxm7nw,1
m1mxwox6,68wne448,yd4onj51,824813wk,xd4z02pw,1
m1mxwox6,68wne448,yd4onj51,824813wk,xd0ykq1w,1
m1mxwox6,68wne448,yd4onj51,824813wk,rw6xqo7w,1
m1mxwox6,68wne448,46w34871,jdrne55k,kwjj7p1w,1
m1mxwox6,68wne448,46w34871,jdrne55k,owon7y3d,1
m1mxwox6,68wne448,46w34871,jdrne55k,xd1rjxy9,1
m1mxwox6,68wne448,46w34871,jdrne55k,ewpy7r4w,1
m1mxwox6,68wne448,46w34871,jdrne55k,y9m3580w,1
m1mxwox6,68wne448,46w34871,jdrne55k,5wkokpx9,1
m1mxwox6,68wne448,46w34871,jdrne55k,592l056d,1
m1mxwox6,68wne448,9d3r9q9d,jdzn7mgd,29vxm2xw,1
m1mxwox6,68wne448,9d3r9q9d,jdzn7mgd,xd4z0x8w,1
m1mxwox6,68wne448,9d3r9q9d,jdzn7mgd,y9m35r0w,1
m1mxwox6,68wne448,9d3r9q9d,jdzn7mgd,xd0ykxjw,1
m1mxwox6,68wne448,9d3r9q9d,jdzn7mgd,rw6xq36w,1
m1mxwox6,68wne448,9d3r9q9d,jdzn7mgd,n93eqorw,1
m1mxwox6,68wne448,9d3r9q9d,jdzn7mgd,z98qrn19,1
m1mxwox6,68wne448,9d3r9q9d,jdzn7mgd,rdn8on6d,1
m1mxwox6,68wne448,9d3r9q9d,jdzn7mgd,5wkoknx9,1
m1mxwox6,68wne448,9d3r9q9d,jdzn7mgd,ldy61279,1
m1mxwox6,68wne448,9d3r9q9d,jdzn7mgd,gdrlpgkd,1
m1mxwox6,68wne448,9d3r9q9d,jdzn7mgd,nwl1gng9,1
m1mxwox6,68wne448,9d3r9q9d,jdzn7mgd,yweg2n4d,1
m1mxwox6,68wne448,9d3r9q9d,jdzn7mgd,69zjpx4w,1
m1mxwox6,68wne448,9d3r9q9d,jdzn7mgd,r9g5yr2d,1
m1mxwox6,68wne448,9d3r9q9d,02qrpnyk,29vxm2xw,1
m1mxwox6,68wne448,9d3r9q9d,02qrpnyk,xd4z0x8w,1
m1mxwox6,68wne448,9d3r9q9d,02qrpnyk,y9m35r0w,1
m1mxwox6,68wne448,9d3r9q9d,02qrpnyk,xd0ykxjw,1
m1mxwox6,68wne448,9d3r9q9d,02qrpnyk,rw6xq36w,1
m1mxwox6,68wne448,9d3r9q9d,02qrpnyk,n93eqorw,1
m1mxwox6,68wne448,9d3r9q9d,02qrpnyk,z98qrn19,1
m1mxwox6,68wne448,9d3r9q9d,02qrpnyk,rdn8on6d,1
m1mxwox6,68wne448,9d3r9q9d,02qrpnyk,5wkoknx9,1
m1mxwox6,68wne448,9d3r9q9d,02qrpnyk,ldy61279,1
m1mxwox6,68wne448,9d3r9q9d,02qrpnyk,gdrlpgkd,1
m1mxwox6,68wne448,9d3r9q9d,02qrpnyk,nwl1gng9,1
m1mxwox6,68wne448,9d3r9q9d,02qrpnyk,yweg2n4d,1
m1mxwox6,68wne448,9d3r9q9d,02qrpnyk,69zjpx4w,1
m1mxwox6,68wne448,9d3r9q9d,02qrpnyk,r9g5yr2d,1
m1mxwox6,68wne448,76rxmrl6,z27vlw42,592lvxod,1
m1mxwox6,68wne448,76rxmrl6,z27vlw42,29vx1o3w,1
m1mxwox6,68wne448,76rxmrl6,z27vlw42,xd4zvq2w,1
m1mxwox6,68wne448,76rxmrl6,z27vlw42,xd0yvzxw,1
m1mxwox6,68wne448,76rxmrl6,z27vlw42,rw6xkjrw,1
m1mxwox6,68wne448,76rxmrl6,z27vlw42,n93e26nw,1
m1mxwox6,68wne448,76rxmrl6,z27vlw42,z98q21g9,1
m1mxwox6,68wne448,o1y9lzr6,xd15ljz2,ldy64mk9,1
m1mxwox6,68wne448,o1y9lzr6,xd15ljz2,n93e26zw,1
m1mxwox6,68wne448,o1y9lzr6,xd15ljz2,z98q21p9,1
m1mxwox6,68wne448,o1y9lzr6,xd15ljz2,rdn8ke7d,1
m1mxwox6,68wne448,o1y9lzr6,xd15ljz2,ldy64mr9,1
m1mxwox6,68wne448,o1y9lzr6,xd15ljz2,gdrlk5ld,1
m1mxwox6,68wne448,o1y9lzr6,xd15ljz2,nwl1kre9,1
m1mxwox6,68wne448,o1y9lzr6,zd3q8jek,ldy64mk9,1
m1mxwox6,68wne448,o1y9lzr6,zd3q8jek,n93e26zw,1
m1mxwox6,68wne448,o1y9lzr6,zd3q8jek,z98q21p9,1
m1mxwox6,68wne448,o1y9lzr6,zd3q8jek,rdn8ke7d,1
m1mxwox6,68wne448,o1y9lzr6,zd3q8jek,ldy64mr9,1
m1mxwox6,68wne448,o1y9lzr6,zd3q8jek,gdrlk5ld,1
m1mxwox6,68wne448,o1y9lzr6,zd3q8jek,nwl1kre9,1
m1mxwox6,68wne448,y65ng86e,q2513zwd,5wkokkp9,1
m1mxwox6,68wne448,y65ng86e,q2513zwd,592l003d,1
m1mxwox6,68wne448,y65ng86e,q2513zwd,29vxmmlw,1
m1mxwox6,68wne448,y65ng86e,q2513zwd,xd4z00rw,1
m1mxwox6,68wne448,y65ng86e,q2513zwd,xd0ykk4w,1
m1mxwox6,68wne448,y65ng86e,q2513zwd,rw6xqqgw,1
m1mxwox6,68wne448,y65ng86e,q2513zwd,n93eqqzw,1
m1mxwox6,68wne448,y65ng86e,q2513zwd,z98qrrp9,1
m1mxwox6,68wne448,y65ng86e,q2513zwd,rdn8oo7d,1
m1mxwox6,68wne448,y65ng86e,q2513zwd,ldy611r9,1
m1mxwox6,68wne448,y65ng86e,q2513zwd,n93eqqew,1
m1mxwox6,68wne448,y65ng86e,q2513zwd,z98qrrl9,1
m1mxwox6,68wne448,y65ng86e,q2513zwd,rdn8oovd,1
m1mxwox6,68wne448,y65ng86e,q2513zwd,ldy611z9,1
m1mxwox6,68wne448,y65ng86e,q2513zwd,gdrlppzd,1
m1mxwox6,68wne448,76rxmrl6,xk9x8wvk,592lvxod,1
m1mxwox6,68wne448,76rxmrl6,xk9x8wvk,29vx1o3w,1
m1mxwox6,68wne448,76rxmrl6,xk9x8wvk,xd4zvq2w,1
m1mxwox6,68wne448,76rxmrl6,xk9x8wvk,xd0yvzxw,1
m1mxwox6,68wne448,76rxmrl6,xk9x8wvk,rw6xkjrw,1
m1mxwox6,68wne448,76rxmrl6,xk9x8wvk,n93e26nw,1
m1mxwox6,68wne448,76rxmrl6,xk9x8wvk,z98q21g9,1
m1mxwox6,68wne448,46w3xnl1,wkp90g82,None,4
m1mxwox6,68wne448,46w3xnl1,02q30vzk,None,5
m1mxwox6,68wne448,k6q4qrod,02q9zejk,rw62567d,1
m1mxwox6,68wne448,k6q4qrod,9kvqzrod,rw62567d,1
m1mxwox6,68wne448,k6q4qrod,9kvqzrod,n93kzjrw,1
m1mxwox6,68wne448,k6q4qrod,9kvqzrod,rdn341vw,1
m1mxwox6,68wne448,k6q4qrod,9kvqzrod,xd4pgopd,1
m1mxwox6,68wne448,k6q4qrod,9kvqzrod,z98p4k1w,1
m1mxwox6,68wne448,k6q4qrod,9kvqzrod,y9m04o1w,1
m1mxwox6,68wne448,k6q4qrod,9kvqzrod,xd1plq6d,1
m1mxwox6,68wne448,pdv2g2k6,jdrr155d,yweyz3ld,2
m1mxwox6,68wne448,pdv2g2k6,jdrr155d,n9312l2d,2
m1mxwox6,68wne448,pdv2g2k6,jdrr155d,rdn7kx59,1
m1mxwox6,68wne448,pdv2g2k6,jdrr155d,z98325rd,2
m1mxwox6,68wne448,v1po9nz6,mkel776d,n93lp829,3
m1mxwox6,68wne448,v1po9nz6,mkel776d,z9850er9,3
m1mxwox6,68wne448,v1po9nz6,mkel776d,rdnxvr5w,3
m1mxwox6,68wne448,v1po9nz6,mkel776d,ldykvjpw,2
m1mxwox6,68wne448,v1po9nz6,mkel776d,gdrovged,2
m1mxwox6,68wne448,v1po9nz6,mkel776d,nwlzvnod,3
m1mxwox6,68wne448,v1po9nz6,zd3ojrrd,None,3
m1mxwox6,68wne448,pdvzq7v6,zd3xw4rd,y9m1qex9,1
m1mxwox6,68wne448,pdvzq7v6,zd3xw4rd,z98gvjpw,1
m1mxwox6,68wne448,pdvzq7v6,zd3xw4rd,nwlpx6e9,1
m1mxwox6,68wne448,pdvzq7v6,zd3xw4rd,o9x352p9,1
m1mxwox6,68wne448,pdvzq7v6,zd3xw4rd,kwj1le7w,1
m1mxwox6,68wne448,pdvzq7v6,zd3xw4rd,y9m1qpx9,1
m1mxwox6,68wne448,pdvzq7v6,zd3xw4rd,kwj1l57w,1
m1mxwox6,68wne448,pdvzq7v6,zd3xw4rd,y9m1qjx9,1
m1mxwox6,68wne448,w6jl9o5d,zd36938d,xd0emp09,1
m1mxwox6,68wne448,w6jl9o5d,zd36938d,rw6782n9,1
m1mxwox6,68wne448,w6jl9o5d,9kvmv4ok,xd0emp09,1
m1mxwox6,68wne448,w6jl9o5d,9kvmv4ok,rw6782n9,1
m1mxwox6,68wne448,w6jl9o5d,zd36938d,n93xvk79,1
m1mxwox6,68wne448,w6jl9o5d,9kvmv4ok,n93xvk79,1
m1mxwox6,68wne448,46w350q1,xk9nmrv2,r9gx5kpw,1
m1mxwox6,68wne448,46w350q1,xk9nmrv2,4954gv3w,1
m1mxwox6,68wne448,46w350q1,xk9nmrv2,n93oeqe9,1
m1mxwox6,68wne448,46w350q1,xk9nmrv2,rdnn8o7d,2
m1mxwox6,68wne448,46w350q1,xk9nmrv2,rdqlr62w,2
m1mxwox6,68wne448,46w350q1,xk9nmrv2,rw63xqgw,1
m1mxwox6,68wne448,46w350q1,xk9nmrv2,z98nqrp9,1
m1mxwox6,68wne448,46w350q1,xk9nmrv2,69zzjpo9,2
m1mxwox6,68wne448,pd0wgw01,02qvxwjd,None,2
m1mxwox6,68wne448,nd2e9jvd,wkpm7qwk,5wkn2r2w,1
m1mxwox6,68wne448,nd2e9jvd,7dg4q5pd,5wkn2r2w,1
m1mxwox6,68wne448,nd2e9jvd,wkpm7qwk,xd1305e9,2
m1mxwox6,68wne448,nd2e9jvd,7dg4q5pd,xd1305e9,2
m1mxwox6,68wne448,nd2e9jvd,wkpm7qwk,nwly6l09,1
m1mxwox6,68wne448,nd2e9jvd,wkpm7qwk,ywej41yd,1
m1mxwox6,68wne448,nd2e9jvd,7dg4q5pd,ywej41yd,1
m1mxwox6,68wne448,nd2e9jvd,7dg4q5pd,nwly6l09,1
m1mxwox6,68wne448,46w3qkl1,5dw61ql2,None,5
m1mxwox6,68wne448,46w3qkl1,zdnlz7q2,rw6g24p9,1
m1mxwox6,68wne448,46w3qkl1,zdnlz7q2,n93lk429,1
m1mxwox6,68wne448,46w3qkl1,zdnlz7q2,z985p7r9,1
m1mxwox6,68wne448,46w3qkl1,zdnlz7q2,rdnx3z5w,1
m1mxwox6,68wne448,46w3qkl1,zdnlz7q2,ldykqgpw,1
m1mxwox6,68wne448,46w3qkl1,zdnlz7q2,gdrorxed,1
m1mxwox6,68wne448,46w3qkl1,zdnlz7q2,ywe305l9,1
m1mxwox6,68wne448,46w3qkl1,zdnlz7q2,69z672xd,1
m1mxwox6,68wne448,46w3qkl1,zdnlz7q2,r9gn64jd,1
m1mxwox6,68wne448,46w3qkl1,zdnlz7q2,o9xo6739,1
m1mxwox6,68wne448,46w3qkl1,zdnlz7q2,495zp5m9,1
m1mxwox6,68wne448,46w3qkl1,zdnlz7q2,rdqoy7ow,1
m1mxwox6,68wne448,46w3qkl1,zdnlz7q2,5d7xp4q9,1
m1mxwox6,68wne448,46w3qkl1,zdnlz7q2,kwj60z0d,1
m1mxwox6,68wne448,k6qj89dg,zd30lgnd,kwjln1dg,9
m1mxwox6,68wne448,k6qj89dg,9kvpj00k,kwjln1dg,10
m1mxwox6,68wne448,w6jl9o5d,9kvmv4ok,29v21qqd,1
m1mxwox6,68wne448,w6jl9o5d,9kvmv4ok,xd4xvlq9,1
m1mxwox6,68wne448,w6jl9o5d,9kvmv4ok,xd0xv8md,1
m1mxwox6,68wne448,w6jl9o5d,9kvmv4ok,rw63kzpw,1
m1mxwox6,68wne448,w6jl9o5d,9kvmv4ok,n93o2629,1
m1mxwox6,68wne448,w6jl9o5d,9kvmv4ok,z98n21r9,1
m1mxwox6,68wne448,w6jl9o5d,9kvmv4ok,rdnnke5d,1
m1mxwox6,68wne448,w6jl9o5d,9kvmv4ok,ldy24mpw,1
m1mxwox6,68wne448,w6jl9o5d,9kvmv4ok,gdr2k5e9,1
m1mxwox6,68wne448,w6jl9o5d,9kvmv4ok,nwl3krow,1
m1mxwox6,68wne448,w6jl9o5d,9kvmv4ok,ywelz6l9,1
m1mxwox6,68wne448,w6jl9o5d,9kvmv4ok,69zzmkx9,1
m1mxwox6,68wne448,w6jl9o5d,9kvmv4ok,r9gxkvjw,1
m1mxwox6,68wne448,w6jl9o5d,9kvmv4ok,o9x4mp3d,1
m1mxwox6,68wne448,w6jl9o5d,9kvmv4ok,4954v7mw,1
m1mxwox6,68wne448,w6jl9o5d,9kvmv4ok,rdql6xow,1
m1mxwox6,68wne448,w6jl9o5d,9kvmv4ok,5d786oqw,1
m1mxwox6,68wne448,w6jl9o5d,9kvmv4ok,kwjpon0w,1
m1mxwox6,68wne448,w6jl9o5d,xd11514d,None,1
m1mxwox6,68wne448,k6qwr506,wkpnqrvd,None,3
m1mxwox6,68wne448,w6jl9o5d,9kvmv4ok,r9gxkpjw,1
m1mxwox6,68wne448,w6jl9o5d,9kvmv4ok,o9x4mj3d,1
m1mxwox6,68wne448,w6jl9o5d,9kvmv4ok,4954vemw,1
m1mxwox6,68wne448,w6jl9o5d,9kvmv4ok,rdql6eow,1
m1mxwox6,68wne448,w6jl9o5d,9kvmv4ok,5d786gqw,1
m1mxwox6,68wne448,w6jl9o5d,9kvmv4ok,kwjpo20w,1
m1mxwox6,68wne448,w6jl9o5d,9kvmv4ok,owoygrj9,1
m1mxwox6,68wne448,w6jl9o5d,9kvmv4ok,xd1xvnz9,1
m1mxwox6,68wne448,w6jl9o5d,9kvmv4ok,ewprklyd,1
m1mxwox6,68wne448,w6jl9o5d,9kvmv4ok,y9m8knzd,1
m1mxwox6,68wne448,w6jl9o5d,9kvmv4ok,5wkpg3vd,1
m1mxwox6,68wne448,w6jl9o5d,9kvmv4ok,5925vy79,1
m1mxwox6,68wne448,kdkz00xd,xd1l9vzk,None,1
m1mxwox6,68wne448,w6jl9o5d,xd11514d,None,1
m1mxwox6,68wne448,w6jl9o5d,9kvmv4ok,kwjz6vr9,1
m1mxwox6,68wne448,w6jl9o5d,9kvmv4ok,owo653vw,1
m1mxwox6,68wne448,w6jl9o5d,9kvmv4ok,xd12y4qw,1
m1mxwox6,68wne448,w6jl9o5d,9kvmv4ok,ewpxo8ld,1
m1mxwox6,68wne448,w6jl9o5d,9kvmv4ok,y9mxg2lw,1
m1mxwox6,68wne448,w6jl9o5d,9kvmv4ok,5wk6eq59,1
m1mxwox6,68wne448,w6jl9o5d,9kvmv4ok,o9xg866d,1
m1mxwox6,68wne448,w6jl9o5d,9kvmv4ok,49523p29,1
m1mxwox6,68wne448,w6jl9o5d,9kvmv4ok,rdq8pymd,1
m1mxwox6,68wne448,w6jl9o5d,9kvmv4ok,5d71np5d,1
m1mxwox6,68wne448,w6jl9o5d,9kvmv4ok,kwjgx0rw,1
m1mxwox6,68wne448,w6jl9o5d,9kvmv4ok,owojo8v9,1
m1mxwox6,68wne448,w6jl9o5d,9kvmv4ok,xd1mkpqd,1
m1mxwox6,68wne448,w6jl9o5d,9kvmv4ok,ewp31nld,1
m1mxwox6,68wne448,w6jl9o5d,9kvmv4ok,y9m670lw,1
m1mxwox6,68wne448,w6jl9o5d,9kvmv4ok,5wkx5059,1
m1mxwox6,68wne448,w6jl9o5d,9kvmv4ok,592k2mg9,1
m1mxwox6,68wne448,w6jl9o5d,9kvmv4ok,29v6461w,1
m1mxwox6,68wne448,w6jl9o5d,9kvmv4ok,xd41410d,1
m1mxwox6,68wne448,w6jl9o5d,9kvmv4ok,rw6181n9,1
m1mxwox6,68wne448,w6jl9o5d,9kvmv4ok,yweyryqd,1
m1mxwox6,68wne448,w6jl9o5d,9kvmv4ok,69z5y569,1
m1mxwox6,68wne448,w6jl9o5d,9kvmv4ok,r9glelqw,1
m1mxwox6,68wne448,w6jl9o5d,9kvmv4ok,n934lm7d,1
m1mxwox6,68wne448,w6jl9o5d,9kvmv4ok,z9875m7w,1
m1mxwox6,68wne448,w6jl9o5d,9kvmv4ok,rdnzxqnd,1
m1mxwox6,68wne448,w6jl9o5d,9kvmv4ok,ldygk3jd,1
m1mxwox6,68wne448,w6jl9o5d,9kvmv4ok,gdrxoy8d,1
m1mxwox6,68wne448,w6jl9o5d,9kvmv4ok,nwloz2pw,1
m1mxwox6,68wne448,w6jl9o5d,9kvmv4ok,ywe53qqw,1
m1mxwox6,68wne448,w6jl9o5d,9kvmv4ok,69z26869,1
m1mxwox6,68wne448,w6jl9o5d,9kvmv4ok,r9g4n7q9,1
m1mxwox6,68wne448,w6jl9o5d,9kvmv4ok,o9x7ox6d,1
m1mxwox6,68wne448,w6jl9o5d,9kvmv4ok,4955zm29,1
m1mxwox6,68wne448,w6jl9o5d,9kvmv4ok,rdq7onm9,1
m1mxwox6,68wne448,w6jl9o5d,9kvmv4ok,5d74x25d,1
m1mxwox6,68wne448,w6jl9o5d,9kvmv4ok,5wk6e1v9,1
m1mxwox6,68wne448,w6jl9o5d,9kvmv4ok,592qrn79,1
m1mxwox6,68wne448,w6jl9o5d,9kvmv4ok,29v705q9,1
m1mxwox6,68wne448,w6jl9o5d,9kvmv4ok,xd42erqw,1
m1mxwox6,68wne448,w6jl9o5d,9kvmv4ok,xd0qn3m9,1
m1mxwox6,68wne448,w6jl9o5d,9kvmv4ok,rw6ogepw,1
m1mxwox6,68wne448,w6jl9o5d,9kvmv4ok,n934lm2d,1
m1mxwox6,68wne448,w6jl9o5d,9kvmv4ok,z9875mrw,1
m1mxwox6,68wne448,w6jl9o5d,9kvmv4ok,rdnzxq5d,1
m1mxwox6,68wne448,w6jl9o5d,9kvmv4ok,ldygk3pd,1
m1mxwox6,68wne448,46w32l1r,9kvxp982,5d707g9y,2
m1mxwox6,68wne448,46w32l1r,9kvxp982,kwjmynwg,2
m1mxwox6,68wne448,46w32l1r,9kvxp982,owovko96,2
m1mxwox6,68wne448,46w32l1r,9kvxp982,xd1o0e9o,2
m1mxwox6,68wne448,46w32l1r,9kvxp982,ewpvqkwn,2
m1mxwox6,68wne448,46w32l1r,9kvxp982,y9mvp595,2
m1mxwox6,68wne448,46w32l1r,9kvxp982,5wkvr2d4,2
m1mxwox6,68wne448,46w32l1r,9kvxp982,5921oow6,2
m1mxwox6,68wne448,46w32l1r,9kvxp982,xd4m32dm,2
m1mxwox6,68wne448,46w32l1r,wk6p5jxd,5d707g9y,1
m1mxwox6,68wne448,46w32l1r,wk6p5jxd,kwjmynwg,1
m1mxwox6,68wne448,46w32l1r,wk6p5jxd,owovko96,1
m1mxwox6,68wne448,46w32l1r,wk6p5jxd,xd1o0e9o,1
m1mxwox6,68wne448,46w32l1r,wk6p5jxd,ewpvqkwn,1
m1mxwox6,68wne448,46w32l1r,wk6p5jxd,y9mvp595,1
m1mxwox6,68wne448,46w32l1r,wk6p5jxd,5wkvr2d4,1
m1mxwox6,68wne448,46w32l1r,wk6p5jxd,5921oow6,1
m1mxwox6,68wne448,46w32l1r,wk6p5jxd,xd4m32dm,1
m1mxwox6,68wne448,46w32l1r,n2yq018k,5d707g9y,2
m1mxwox6,68wne448,46w32l1r,n2yq018k,kwjmynwg,2
m1mxwox6,68wne448,46w32l1r,n2yq018k,owovko96,2
m1mxwox6,68wne448,46w32l1r,n2yq018k,xd1o0e9o,2
m1mxwox6,68wne448,46w32l1r,n2yq018k,ewpvqkwn,2
m1mxwox6,68wne448,46w32l1r,n2yq018k,y9mvp595,2
m1mxwox6,68wne448,46w32l1r,n2yq018k,5wkvr2d4,2
m1mxwox6,68wne448,46w32l1r,n2yq018k,5921oow6,2
m1mxwox6,68wne448,46w32l1r,n2yq018k,xd4m32dm,1
m1mxwox6,68wne448,w6jl9o5d,9kvmv4ok,592qr879,1
m1mxwox6,68wne448,w6jl9o5d,9kvmv4ok,29v70lq9,1
m1mxwox6,68wne448,w6jl9o5d,9kvmv4ok,xd42eyqw,1
m1mxwox6,68wne448,w6jl9o5d,9kvmv4ok,xd0qn2m9,1
m1mxwox6,68wne448,w6jl9o5d,9kvmv4ok,rw6oglpw,1
m1mxwox6,68wne448,w6jl9o5d,9kvmv4ok,n934ly2d,1
m1mxwox6,68wne448,w6jl9o5d,9kvmv4ok,z9875grw,1
m1mxwox6,68wne448,w6jl9o5d,9kvmv4ok,rdnzx25d,1
m1mxwox6,68wne448,w6jl9o5d,9kvmv4ok,ldygk8pd,1
m1mxwox6,68wne448,w6jl9o5d,9kvmv4ok,gdrxo1ed,1
m1mxwox6,68wne448,w6jl9o5d,9kvmv4ok,nwlozpow,1
m1mxwox6,68wne448,w6jl9o5d,9kvmv4ok,ywe53mlw,1
m1mxwox6,68wne448,w6jl9o5d,9kvmv4ok,o9x7o33d,1
m1mxwox6,68wne448,w6jl9o5d,9kvmv4ok,4955zlm9,1
m1mxwox6,68wne448,w6jl9o5d,9kvmv4ok,rdq7o5o9,1
m1mxwox6,68wne448,w6jl9o5d,9kvmv4ok,5d74xzqd,1
m1mxwox6,68wne448,w6jl9o5d,9kvmv4ok,kwjz6109,1
m1mxwox6,68wne448,w6jl9o5d,9kvmv4ok,owo65qjw,1
m1mxwox6,68wne448,w6jl9o5d,9kvmv4ok,xd12y8zw,1
m1mxwox6,68wne448,w6jl9o5d,9kvmv4ok,ewpxo0yd,1
m1mxwox6,68wne448,w6jl9o5d,9kvmv4ok,y9mxg1zw,1
m1mxwox6,68wne448,w6jl9o5d,ndx4wl52,None,1
m1mxwox6,68wne448,w6jl9o5d,9kvmv4ok,gdrxo8ed,1
m1mxwox6,68wne448,w6jl9o5d,9kvmv4ok,nwlozyow,1
m1mxwox6,68wne448,w6jl9o5d,9kvmv4ok,ywe53jlw,1
m1mxwox6,68wne448,w6jl9o5d,9kvmv4ok,69z26qx9,1
m1mxwox6,68wne448,w6jl9o5d,9kvmv4ok,r9g4njj9,1
m1mxwox6,68wne448,w6jl9o5d,9kvmv4ok,o9x7oz3d,1
m1mxwox6,68wne448,w6jl9o5d,9kvmv4ok,z983km7d,1
m1mxwox6,68wne448,w6jl9o5d,9kvmv4ok,4955zrm9,1
m1mxwox6,68wne448,w6jl9o5d,9kvmv4ok,rdq7o3o9,1
m1mxwox6,68wne448,w6jl9o5d,9kvmv4ok,kwjz6809,1
m1mxwox6,68wne448,w6jl9o5d,9kvmv4ok,owo65ejw,1
m1mxwox6,68wne448,w6jl9o5d,9kvmv4ok,xd12y3zw,1
m1mxwox6,68wne448,w6jl9o5d,9kvmv4ok,ewpxozyd,1
m1mxwox6,68wne448,w6jl9o5d,9kvmv4ok,y9mxgrzw,1
m1mxwox6,68wne448,w6jl9o5d,9kvmv4ok,5wk6env9,1
m1mxwox6,68wne448,w6jl9o5d,9kvmv4ok,5wk6epv9,1
m1mxwox6,68wne448,46w32l1r,zd3y0xv2,kwjmynwg,2
m1mxwox6,68wne448,46w32l1r,zd3y0xv2,owovko96,2
m1mxwox6,68wne448,46w32l1r,zd3y0xv2,xd1o0e9o,2
m1mxwox6,68wne448,46w32l1r,zd3y0xv2,ewpvqkwn,2
m1mxwox6,68wne448,46w32l1r,zd3y0xv2,y9mvp595,3
m1mxwox6,68wne448,46w32l1r,zd3y0xv2,5wkvr2d4,2
m1mxwox6,68wne448,46w32l1r,zd3y0xv2,5921oow6,2
m1mxwox6,68wne448,46w32l1r,zd3y0xv2,29vvk39v,3
m1mxwox6,68wne448,46w32l1r,zd3y0xv2,xd4m32dm,2
m1mxwox6,68wne448,46w32l1r,824xx53d,kwjmynwg,2
m1mxwox6,68wne448,46w32l1r,824xx53d,owovko96,2
m1mxwox6,68wne448,46w32l1r,824xx53d,xd1o0e9o,2
m1mxwox6,68wne448,46w32l1r,824xx53d,ewpvqkwn,2
m1mxwox6,68wne448,46w32l1r,824xx53d,y9mvp595,2
m1mxwox6,68wne448,46w32l1r,824xx53d,5wkvr2d4,2
m1mxwox6,68wne448,46w32l1r,824xx53d,5921oow6,2
m1mxwox6,68wne448,46w32l1r,824xx53d,29vvk39v,2
m1mxwox6,68wne448,46w32l1r,824xx53d,xd4m32dm,2
m1mxwox6,68wne448,46w32l1r,jdrq7ngk,kwjmynwg,3
m1mxwox6,68wne448,46w32l1r,jdrq7ngk,owovko96,3
m1mxwox6,68wne448,46w32l1r,jdrq7ngk,xd1o0e9o,3
m1mxwox6,68wne448,46w32l1r,jdrq7ngk,ewpvqkwn,3
m1mxwox6,68wne448,46w32l1r,jdrq7ngk,y9mvp595,4
m1mxwox6,68wne448,46w32l1r,jdrq7ngk,5wkvr2d4,2
m1mxwox6,68wne448,46w32l1r,jdrq7ngk,5921oow6,2
m1mxwox6,68wne448,46w32l1r,jdrq7ngk,29vvk39v,2
m1mxwox6,68wne448,46w32l1r,jdrq7ngk,xd4m32dm,2
m1mxwox6,68wne448,46w32l1r,824xx53d,5d707g9y,2
m1mxwox6,68wne448,46w32l1r,jdrq7ngk,5d707g9y,3
m1mxwox6,68wne448,o6gle0xd,5dwg44lk,n93yvgzd,6
m1mxwox6,68wne448,o6gle0xd,5dwg44lk,ldy8nprw,4
m1mxwox6,68wne448,o6gle0xd,5dwg44lk,gdr1mqlw,3
m1mxwox6,68wne448,o6gle0xd,5dwg44lk,nwlpq7e9,3
m1mxwox6,68wne448,o6gle0xd,5dwg44lk,ywemr87d,6
m1mxwox6,68wne448,o6gle0xd,5dwg44lk,69zny4g9,3
m1mxwox6,68wne448,o6gle0xd,5dwg44lk,r9g1e3p9,5
m1mxwox6,68wne448,o6gle0xd,5dwg44lk,o9x38lp9,4
m1mxwox6,68wne448,o6gle0xd,5dwg44lk,495l383d,3
m1mxwox6,68wne448,o6gle0xd,5dwg44lk,rdq5p12d,4
m1mxwox6,68wne448,o6gle0xd,5dwg44lk,5d7znv6w,2
m1mxwox6,68wne448,o6gle0xd,5dwg44lk,kwj1x57w,2
m1mxwox6,68wne448,o6gle0xd,5dwg44lk,owoqo0kd,4
m1mxwox6,68wne448,o6gle0xd,5dwg44lk,xd18k75w,2
m1mxwox6,68wne448,o6gle0xd,5dwg44lk,ewp01jjd,3
m1mxwox6,68wne448,46w32l1r,mkeo40nd,5d707g9y,4
m1mxwox6,68wne448,46w32l1r,mkeo40nd,kwjmynwg,3
m1mxwox6,68wne448,46w32l1r,mkeo40nd,owovko96,2
m1mxwox6,68wne448,46w32l1r,mkeo40nd,xd1o0e9o,2
m1mxwox6,68wne448,46w32l1r,mkeo40nd,ewpvqkwn,3
m1mxwox6,68wne448,46w32l1r,mkeo40nd,5wkvr2d4,2
m1mxwox6,68wne448,46w32l1r,mkeo40nd,5921oow6,2
m1mxwox6,68wne448,46w32l1r,mkeo40nd,y9mvp595,2
m1mxwox6,68wne448,46w32l1r,mkeo40nd,29vvk39v,2
m1mxwox6,68wne448,w6jl9o5d,9kvmv4ok,kwjz6309,1
m1mxwox6,68wne448,w6jl9o5d,9kvmv4ok,owo65ljw,1
m1mxwox6,68wne448,w6jl9o5d,9kvmv4ok,xd12y6zw,1
m1mxwox6,68wne448,w6jl9o5d,9kvmv4ok,ewpxoeyd,1
m1mxwox6,68wne448,w6jl9o5d,9kvmv4ok,y9mxgyzw,1
m1mxwox6,68wne448,w6jl9o5d,9kvmv4ok,5wk6e8v9,1
m1mxwox6,68wne448,w6jl9o5d,9kvmv4ok,592qr379,1
m1mxwox6,68wne448,w6jl9o5d,9kvmv4ok,29v70jq9,1
m1mxwox6,68wne448,w6jl9o5d,9kvmv4ok,gdrn32e9,1
m1mxwox6,68wne448,w6jl9o5d,9kvmv4ok,nwl5j3od,1
m1mxwox6,68wne448,w6jl9o5d,9kvmv4ok,xd42enqw,1
m1mxwox6,68wne448,w6jl9o5d,9kvmv4ok,xd0qnlm9,1
m1mxwox6,68wne448,w6jl9o5d,9kvmv4ok,rw6ogrpw,1
m1mxwox6,68wne448,w6jl9o5d,9kvmv4ok,n934ln2d,1
m1mxwox6,68wne448,w6jl9o5d,9kvmv4ok,z9875zrw,1
m1mxwox6,68wne448,w6jl9o5d,9kvmv4ok,rdnzxl5d,1
m1mxwox6,68wne448,w6jl9o5d,9kvmv4ok,ldygk5pd,1
m1mxwox6,68wne448,268727dp,wdm6ze5k,xd03g34d,2
m1mxwox6,68wne448,268727dp,wdm6ze5k,ewp0j0jd,4
m1mxwox6,68wne448,268727dp,wdm6ze5k,5wk1j1pd,1
m1mxwox6,68wne448,268727dp,wdm6ze5k,29v535ld,2
m1mxwox6,68wne448,9dowrko1,q25j7pwd,29v6k7lw,2
m1mxwox6,68wne448,9dowrko1,jdrr700d,29v6k7lw,2
m1mxwox6,68wne448,9dowrko1,jdzlv4x2,29v6k7lw,2
m1mxwox6,68wne448,9dowrko1,q25j7pwd,xd4132rd,1
m1mxwox6,68wne448,9dowrko1,jdrr700d,xd4132rd,1
m1mxwox6,68wne448,9dowrko1,jdzlv4x2,xd4132rd,1
m1mxwox6,68wne448,9dowrko1,q25j7pwd,xd017q4w,3
m1mxwox6,68wne448,9dowrko1,jdrr700d,xd017q4w,2
m1mxwox6,68wne448,9dowrko1,jdzlv4x2,xd017q4w,2
m1mxwox6,68wne448,9dowrko1,q25j7pwd,rw61nog9,2
m1mxwox6,68wne448,9dowrko1,jdrr700d,rw61nog9,2
m1mxwox6,68wne448,9dowrko1,jdzlv4x2,rw61nog9,2
m1mxwox6,68wne448,9dowrko1,q25j7pwd,n931g4zd,2
m1mxwox6,68wne448,9dowrko1,jdrr700d,n931g4zd,2
m1mxwox6,68wne448,9dowrko1,jdzlv4x2,n931g4zd,2
m1mxwox6,68wne448,9dowrko1,q25j7pwd,z98387pd,2
m1mxwox6,68wne448,9dowrko1,jdrr700d,z98387pd,2
m1mxwox6,68wne448,9dowrko1,jdzlv4x2,z98387pd,2
m1mxwox6,68wne448,9dowrko1,q25j7pwd,rdn7pz79,2
m1mxwox6,68wne448,9dowrko1,jdrr700d,rdn7pz79,2
m1mxwox6,68wne448,9dowrko1,jdzlv4x2,rdn7pz79,2
m1mxwox6,68wne448,9dowrko1,q25j7pwd,ldyxpgr9,2
m1mxwox6,68wne448,9dowrko1,jdrr700d,ldyxpgr9,2
m1mxwox6,68wne448,9dowrko1,jdzlv4x2,ldyxpgr9,2
m1mxwox6,68wne448,w6jl9o5d,xd11514d,None,1
m1mxwox6,68wne448,w6jl9o5d,9kvmv4ok,o9x7ok3d,1
m1mxwox6,68wne448,w6jl9o5d,9kvmv4ok,4955zym9,1
m1mxwox6,68wne448,w6jl9o5d,9kvmv4ok,rdq7ogo9,1
m1mxwox6,68wne448,w6jl9o5d,9kvmv4ok,5d74xlqd,1
m1mxwox6,68wne448,w6jl9o5d,9kvmv4ok,nwloznow,1
m1mxwox6,68wne448,w6jl9o5d,9kvmv4ok,ywe53nlw,1
m1mxwox6,68wne448,w6jl9o5d,9kvmv4ok,69z26xx9,1
m1mxwox6,68wne448,w6jl9o5d,9kvmv4ok,r9g4nrj9,1
m1mxwox6,68wne448,w6jl9o5d,9kvmv4ok,rdnzxr5d,1
m1mxwox6,68wne448,w6jl9o5d,9kvmv4ok,ldygkjpd,1
m1mxwox6,68wne448,w6jl9o5d,9kvmv4ok,gdrxoged,1
m1mxwox6,68wne448,w6jl9o5d,xd11514d,None,1
m1mxwox6,68wne448,268evj56,zd3870yk,None,1
m1mxwox6,68wne448,w6jl9o5d,9kvmv4ok,rw6og3pw,1
m1mxwox6,68wne448,w6jl9o5d,9kvmv4ok,n934l82d,1
m1mxwox6,68wne448,w6jl9o5d,9kvmv4ok,z9875erw,1
m1mxwox6,68wne448,w6jl9o5d,xd11514d,None,1
m1mxwox6,68wne448,w6jl9o5d,9kvmv4ok,592qr579,1
m1mxwox6,68wne448,w6jl9o5d,9kvmv4ok,29v702q9,1
m1mxwox6,68wne448,w6jl9o5d,9kvmv4ok,xd42exqw,1
m1mxwox6,68wne448,w6jl9o5d,9kvmv4ok,xd0qnxm9,1
m1mxwox6,68wne448,w6jl9o5d,xd11514d,None,1
m1mxwox6,68wne448,w6jl9o5d,9kvmv4ok,kwjz6p09,1
m1mxwox6,68wne448,w6jl9o5d,9kvmv4ok,owo65yjw,1
m1mxwox6,68wne448,w6jl9o5d,9kvmv4ok,xd12yxzw,1
m1mxwox6,68wne448,w6jl9o5d,9kvmv4ok,ewpxoryd,1
m1mxwox6,68wne448,w6jl9o5d,9kvmv4ok,y9mxg8zw,1
m1mxwox6,68wne448,4d795jg1,xd1lx6wk,None,1
m1mxwox6,68wne448,w6jl9o5d,vdo86nok,None,1
m1mxwox6,68wne448,w6jl9o5d,vdo86nok,None,1
m1mxwox6,68wne448,w6jl9o5d,vdo86nok,None,1
m1mxwox6,68wne448,w6jl9o5d,vdo86nok,None,1
m1mxwox6,68wne448,w6jl9o5d,vdo86nok,None,1
m1mxwox6,68wne448,w6jl9o5d,vdo86nok,None,1
m1mxwox6,68wne448,w6jl9o5d,vdo86nok,None,1
m1mxwox6,68wne448,w6jl9o5d,vdo86nok,None,1
m1mxwox6,68wne448,w6jl9o5d,vdo86nok,None,1
m1mxwox6,68wne448,w6jl9o5d,vdo86nok,None,1
m1mxwox6,68wne448,w6jl9o5d,vdo86nok,None,1
m1mxwox6,68wne448,w6jl9o5d,vdo86nok,None,1
m1mxwox6,68wne448,ldew5ed3,9d8vpe3k,None,6
m1mxwox6,68wne448,nd288m3d,w2087gzd,None,1
m1mxwox6,68wne448,nd288m3d,wkp9xgg2,z98pp11w,1
m1mxwox6,68wne448,nd288m3d,w2087gzd,None,5
m1mxwox6,68wne448,nd288m3d,w2087e8d,z98pp11w,1
m1mxwox6,68wne448,nd288m3d,w2087gzd,None,2
m1mxwox6,68wne448,nd288m3d,wdm93m5k,z98pp11w,1
m1mxwox6,68wne448,nd288m3d,w2087gzd,None,1
m1mxwox6,68wne448,nd288m3d,vdozlpyk,z98pp11w,1
m1mxwox6,68wne448,w6jl9o5d,9kvmv4ok,5wk6e6x9,1
m1mxwox6,68wne448,w6jl9o5d,9kvmv4ok,rdq7olo9,1
m1mxwox6,68wne448,w6jl9o5d,9kvmv4ok,5d74x8qd,1
m1mxwox6,68wne448,w6jl9o5d,xd11514d,None,1
m1mxwox6,68wne448,w6jl9o5d,9kvmv4ok,gdr2k489,1
m1mxwox6,68wne448,76r2nvd8,xk904wvk,None,313
m1mxwox6,68wne448,76r2nvd8,7dggz4pd,None,156
m1mxwox6,68wne448,76r2nvd8,xd1l1zwk,None,31
m1mxwox6,68wne448,76r2nvd8,7kjr59z2,None,133
m1mxwox6,68wne448,76r2nvd8,xk9lyxgk,None,96
m1mxwox6,68wne448,76r2nvd8,z277pvo2,None,103
m1mxwox6,68wne448,w6jl9o5d,9kvmv4ok,5d74x4ed,1
m1mxwox6,68wne448,w6jl9o5d,9kvmv4ok,kwjz6z19,1
m1mxwox6,68wne448,w6jl9o5d,9kvmv4ok,xd12y2yw,1
m1mxwox6,68wne448,w6jl9o5d,9kvmv4ok,ewpxox4d,1
m1mxwox6,68wne448,w6jl9o5d,9kvmv4ok,owo6563w,1
m1mxwox6,68wne448,w6jl9o5d,9kvmv4ok,xd42e28w,1
m1mxwox6,68wne448,w6jl9o5d,9kvmv4ok,29v707x9,1
m1mxwox6,68wne448,w6jl9o5d,9kvmv4ok,xd0qnqj9,1
m1mxwox6,68wne448,w6jl9o5d,9kvmv4ok,592qrq69,1
m1mxwox6,68wne448,w6jl9o5d,9kvmv4ok,y9mxgx0w,1
m1mxwox6,68wne448,w6jl9o5d,9kvmv4ok,ywe5354w,1
m1mxwox6,68wne448,w6jl9o5d,9kvmv4ok,rdnzx06d,1
m1mxwox6,68wne448,w6jl9o5d,9kvmv4ok,ldygky7d,1
m1mxwox6,68wne448,w6jl9o5d,9kvmv4ok,nwlozogw,1
m1mxwox6,68wne448,w6jl9o5d,9kvmv4ok,69z26249,1
m1mxwox6,68wne448,w6jl9o5d,9kvmv4ok,r9g4n429,1
m1mxwox6,68wne448,w6jl9o5d,9kvmv4ok,o9x7o77d,1
m1mxwox6,68wne448,w6jl9o5d,9kvmv4ok,4955z549,1
m1mxwox6,68wne448,w6jl9o5d,9kvmv4ok,rdq7o7g9,1
m1mxwox6,68wne448,w6jl9o5d,9kvmv4ok,r9g4n229,1
m1mxwox6,68wne448,w6jl9o5d,9kvmv4ok,o9x7on7d,1
m1mxwox6,68wne448,w6jl9o5d,9kvmv4ok,4955z649,1
m1mxwox6,68wne448,w6jl9o5d,9kvmv4ok,rdq7ojg9,1
m1mxwox6,68wne448,w6jl9o5d,9kvmv4ok,5d74xved,1
m1mxwox6,68wne448,w6jl9o5d,9kvmv4ok,kwjz6519,1
m1mxwox6,68wne448,w6jl9o5d,9kvmv4ok,owo6503w,1
m1mxwox6,68wne448,w6jl9o5d,9kvmv4ok,xd12y7yw,1
m1mxwox6,68wne448,w6jl9o5d,9kvmv4ok,ewpxoj4d,1
m1mxwox6,68wne448,w6jl9o5d,9kvmv4ok,y9mxgj0w,1
m1mxwox6,68wne448,w6jl9o5d,9kvmv4ok,5wk6ejx9,1
m1mxwox6,68wne448,w6jl9o5d,9kvmv4ok,592qrz69,1
m1mxwox6,68wne448,w6jl9o5d,9kvmv4ok,29v703x9,1
m1mxwox6,68wne448,w6jl9o5d,9kvmv4ok,xd42ej8w,1
m1mxwox6,68wne448,w6jl9o5d,9kvmv4ok,xd0qngj9,1
m1mxwox6,68wne448,w6jl9o5d,9kvmv4ok,z987561w,1
m1mxwox6,68wne448,w6jl9o5d,9kvmv4ok,gdrxoxkd,1
m1mxwox6,68wne448,j1nk091p,xk9lw8xk,None,46
m1mxwox6,68wne448,w6jl9o5d,9kvmv4ok,ewpxoq4d,1
m1mxwox6,68wne448,w6jl9o5d,9kvmv4ok,y9mxgp0w,1
m1mxwox6,68wne448,w6jl9o5d,9kvmv4ok,5wk6erx9,1
m1mxwox6,68wne448,w6jl9o5d,9kvmv4ok,592qro69,1
m1mxwox6,68wne448,w6jl9o5d,9kvmv4ok,29v70kx9,1
m1mxwox6,68wne448,w6jl9o5d,9kvmv4ok,xd42e38w,1
m1mxwox6,68wne448,w6jl9o5d,9kvmv4ok,xd0qn7j9,1
m1mxwox6,68wne448,w6jl9o5d,9kvmv4ok,rw6ogn6w,1
m1mxwox6,68wne448,w6jl9o5d,9kvmv4ok,n934lgrd,1
m1mxwox6,68wne448,w6jl9o5d,9kvmv4ok,z987581w,1
m1mxwox6,68wne448,w6jl9o5d,9kvmv4ok,rdnzxp6d,1
m1mxwox6,68wne448,w6jl9o5d,9kvmv4ok,ldygkp7d,1
m1mxwox6,68wne448,w6jl9o5d,9kvmv4ok,gdrxoekd,1
m1mxwox6,68wne448,w6jl9o5d,9kvmv4ok,nwlozlgw,1
m1mxwox6,68wne448,w6jl9o5d,9kvmv4ok,ywe5314w,1
m1mxwox6,68wne448,w6jl9o5d,9kvmv4ok,69z26349,1
m1mxwox6,68wne448,369pp481,zdny4xxk,None,1
m1mxwox6,68wne448,w6jl9o5d,9kvmv4ok,rdnzx56d,1
m1mxwox6,68wne448,w6jl9o5d,9kvmv4ok,ldygke7d,1
m1mxwox6,68wne448,w6jl9o5d,9kvmv4ok,gdrxoqkd,1
m1mxwox6,68wne448,w6jl9o5d,9kvmv4ok,nwloz7gw,1
m1mxwox6,68wne448,w6jl9o5d,9kvmv4ok,ywe5384w,1
m1mxwox6,68wne448,w6jl9o5d,9kvmv4ok,69z26449,1
m1mxwox6,68wne448,w6jl9o5d,9kvmv4ok,r9g4n329,1
m1mxwox6,68wne448,w6jl9o5d,9kvmv4ok,o9x7ol7d,1
m1mxwox6,68wne448,w6jl9o5d,9kvmv4ok,4955z849,1
m1mxwox6,68wne448,w6jl9o5d,9kvmv4ok,rdq7o1g9,1
m1mxwox6,68wne448,w6jl9o5d,9kvmv4ok,5d74x3ed,1
m1mxwox6,68wne448,w6jl9o5d,9kvmv4ok,kwjz6e19,1
m1mxwox6,68wne448,w6jl9o5d,9kvmv4ok,owo6523w,1
m1mxwox6,68wne448,w6jl9o5d,9kvmv4ok,xd12y5yw,1
m1mxwox6,68wne448,k6qnw06g,ndx8941k,None,3
m1mxwox6,68wne448,w6jl9o5d,w20x3182,None,2
m1mxwox6,68wne448,w6jl9o5d,9kvmv4ok,ywe53llw,1
m1mxwox6,68wne448,w6jl9o5d,9kvmv4ok,69z26zx9,1
m1mxwox6,68wne448,w6jl9o5d,9kvmv4ok,r9g4nxj9,1
m1mxwox6,68wne448,w6jl9o5d,9kvmv4ok,o9x7o43d,1
m1mxwox6,68wne448,w6jl9o5d,9kvmv4ok,4955z4m9,1
m1mxwox6,68wne448,w6jl9o5d,9kvmv4ok,z983l0pd,1
m1mxwox6,68wne448,w6jl9o5d,9kvmv4ok,rdn7gv79,1
m1mxwox6,68wne448,w6jl9o5d,9kvmv4ok,ldyx0vr9,1
m1mxwox6,68wne448,w6jl9o5d,9kvmv4ok,gdrn7vl9,1
m1mxwox6,68wne448,w6jl9o5d,9kvmv4ok,nwl5eved,1
m1mxwox6,68wne448,w6jl9o5d,9kvmv4ok,yweyp77d,1
m1mxwox6,68wne448,w6jl9o5d,9kvmv4ok,69z50vg9,1
m1mxwox6,68wne448,w6jl9o5d,9kvmv4ok,r9gl8opw,1
m1mxwox6,68wne448,w6jl9o5d,9kvmv4ok,o9xg0vpd,1
m1mxwox6,68wne448,w6jl9o5d,w20x3182,None,1
m1mxwox6,68wne448,w6jl9o5d,9kvmv4ok,rdq8qq2d,1
m1mxwox6,68wne448,w6jl9o5d,9kvmv4ok,5d71r06d,1
m1mxwox6,68wne448,w6jl9o5d,9kvmv4ok,kwjgrm7w,1
m1mxwox6,68wne448,w6jl9o5d,9kvmv4ok,owojxvk9,1
m1mxwox6,68wne448,w6jl9o5d,9kvmv4ok,xd1m1o5d,1
m1mxwox6,68wne448,w6jl9o5d,9kvmv4ok,ewp35vjd,1
m1mxwox6,68wne448,w6jl9o5d,9kvmv4ok,y9m6zvxw,1
m1mxwox6,68wne448,w6jl9o5d,9kvmv4ok,5wkxlvp9,1
m1mxwox6,68wne448,w6jl9o5d,9kvmv4ok,592kp139,1
m1mxwox6,68wne448,w6jl9o5d,9kvmv4ok,29v6pvlw,1
m1mxwox6,68wne448,w6jl9o5d,9kvmv4ok,xd418mrd,1
m1mxwox6,68wne448,w6jl9o5d,9kvmv4ok,xd01oj4w,1
m1mxwox6,68wne448,w6jl9o5d,9kvmv4ok,rw61y0g9,1
m1mxwox6,68wne448,w6jl9o5d,9kvmv4ok,n9313pzd,1
m1mxwox6,68wne448,w6jl9o5d,9kvmv4ok,nwloz3ow,1
m1mxwox6,68wne448,w6jl9o5d,w20x3182,None,1
m1mxwox6,68wne448,w6jl9o5d,9kvmv4ok,ldyr1pz9,1
m1mxwox6,68wne448,w6jl9o5d,9kvmv4ok,gdr0pqzd,1
m1mxwox6,68wne448,w6jl9o5d,9kvmv4ok,nwlmg7r9,1
m1mxwox6,68wne448,w6jl9o5d,9kvmv4ok,ywev28rd,1
m1mxwox6,68wne448,w6jl9o5d,9kvmv4ok,69zlp4od,1
m1mxwox6,68wne448,w6jl9o5d,9kvmv4ok,r9gmy2k9,1
m1mxwox6,68wne448,w6jl9o5d,9kvmv4ok,o9xy1n1d,1
m1mxwox6,68wne448,w6jl9o5d,zd36938d,xd45e00w,1
m1mxwox6,68wne448,w6jl9o5d,zd36938d,xd0enk09,1
m1mxwox6,68wne448,w6jl9o5d,9kvmv4ok,xd45e00w,1
m1mxwox6,68wne448,w6jl9o5d,9kvmv4ok,xd0enk09,1
m1mxwox6,68wne448,w6jl9o5d,zd36938d,rw67gqn9,1
m1mxwox6,68wne448,w6jl9o5d,zd36938d,n93xlq79,1
m1mxwox6,68wne448,w6jl9o5d,zd36938d,z98o5r7d,1
m1mxwox6,68wne448,w6jl9o5d,9kvmv4ok,rw67gqn9,1
m1mxwox6,68wne448,w6jl9o5d,9kvmv4ok,n93xlq79,1
m1mxwox6,68wne448,w6jl9o5d,9kvmv4ok,z98o5r7d,1
m1mxwox6,68wne448,w6jl9o5d,w20x3182,None,1
m1mxwox6,68wne448,w6jl9o5d,9kvmv4ok,rdnnkj5d,1
m1mxwox6,68wne448,w6jl9o5d,9kvmv4ok,ldy247pw,1
m1mxwox6,68wne448,w6jl9o5d,9kvmv4ok,n93o2579,1
m1mxwox6,68wne448,w6jl9o5d,9kvmv4ok,z98n2v79,1
m1mxwox6,68wne448,w6jl9o5d,9kvmv4ok,ldy247jw,1
m1mxwox6,68wne448,w6jl9o5d,9kvmv4ok,5wkmkrqd,1
m1mxwox6,68wne448,w6jl9o5d,9kvmv4ok,ywelzkq9,1
m1mxwox6,68wne448,w6jl9o5d,9kvmv4ok,rdnnkjnd,1
m1mxwox6,68wne448,w6jl9o5d,9kvmv4ok,59260ord,1
m1mxwox6,68wne448,w6jl9o5d,9kvmv4ok,29v8mknd,1
m1mxwox6,68wne448,w6jl9o5d,9kvmv4ok,xd4503pw,1
m1mxwox6,68wne448,w6jl9o5d,9kvmv4ok,xd0ek719,1
m1mxwox6,68wne448,w6jl9o5d,9kvmv4ok,rw67qn79,1
m1mxwox6,68wne448,w6jl9o5d,9kvmv4ok,n93xqge9,1
m1mxwox6,68wne448,w6jl9o5d,9kvmv4ok,z98or8ld,1
m1mxwox6,68wne448,w6jl9o5d,9kvmv4ok,rdnmopv9,1
m1mxwox6,68wne448,w6jl9o5d,w20x3182,None,1
m1mxwox6,68wne448,w6jl9o5d,9kvmv4ok,5d78yy5w,1
m1mxwox6,68wne448,w6jl9o5d,9kvmv4ok,kwjp77rw,1
m1mxwox6,68wne448,w6jl9o5d,9kvmv4ok,owoy77v9,1
m1mxwox6,68wne448,w6jl9o5d,9kvmv4ok,xd1xjjq9,1
m1mxwox6,68wne448,w6jl9o5d,9kvmv4ok,ewpr77ld,1
m1mxwox6,68wne448,w6jl9o5d,9kvmv4ok,r9gmy0p9,1
m1mxwox6,68wne448,w6jl9o5d,9kvmv4ok,o9xy15pd,1
m1mxwox6,68wne448,w6jl9o5d,9kvmv4ok,r9gxkejw,1
m1mxwox6,68wne448,w6jl9o5d,9kvmv4ok,o9x4m83d,1
m1mxwox6,68wne448,w6jl9o5d,9kvmv4ok,4954v3mw,1
m1mxwox6,68wne448,w6jl9o5d,9kvmv4ok,rdql6pow,1
m1mxwox6,68wne448,w6jl9o5d,9kvmv4ok,5d786nqw,1
m1mxwox6,68wne448,w6jl9o5d,9kvmv4ok,kwjpox0w,1
m1mxwox6,68wne448,w6jl9o5d,9kvmv4ok,owoygoj9,1
m1mxwox6,68wne448,w6jl9o5d,9kvmv4ok,xd1xvkz9,1
m1mxwox6,68wne448,w6jl9o5d,9kvmv4ok,ewprk1yd,1
m1mxwox6,68wne448,w6jl9o5d,9kvmv4ok,y9m8k7zd,1
m1mxwox6,68wne448,w6jl9o5d,9kvmv4ok,5wkpg5vd,1
m1mxwox6,68wne448,w6jl9o5d,9kvmv4ok,5925v279,1
m1mxwox6,68wne448,w6jl9o5d,9kvmv4ok,29v214qd,1
m1mxwox6,68wne448,w6jl9o5d,9kvmv4ok,xd4xv4q9,1
m1mxwox6,68wne448,w6jl9o5d,9kvmv4ok,xd0xvmmd,1
m1mxwox6,68wne448,w6jl9o5d,9kvmv4ok,rw63k8pw,1
m1mxwox6,68wne448,w6jl9o5d,9kvmv4ok,n93o2529,1
m1mxwox6,68wne448,w6jl9o5d,9kvmv4ok,z98n2vr9,1
m1mxwox6,68wne448,w6jl9o5d,w20x3182,None,1
m1mxwox6,68wne448,w6jl9o5d,w20x3182,None,1
m1mxwox6,68wne448,w6jl9o5d,9kvmv4ok,ldygk17d,1
m1mxwox6,68wne448,w6jl9o5d,9kvmv4ok,gdrxojkd,1
m1mxwox6,68wne448,w6jl9o5d,9kvmv4ok,nwloz6gw,1
m1mxwox6,68wne448,w6jl9o5d,9kvmv4ok,ywe5344w,1
m1mxwox6,68wne448,w6jl9o5d,9kvmv4ok,69z26r49,1
m1mxwox6,68wne448,w6jl9o5d,9kvmv4ok,r9g4nz29,1
m1mxwox6,68wne448,w6jl9o5d,9kvmv4ok,o9x7o27d,1
m1mxwox6,68wne448,w6jl9o5d,9kvmv4ok,4955zj49,1
m1mxwox6,68wne448,w6jl9o5d,9kvmv4ok,rdq7o0g9,1
m1mxwox6,68wne448,w6jl9o5d,9kvmv4ok,kwjz6y19,1
m1mxwox6,68wne448,w6jl9o5d,9kvmv4ok,5d74x7ed,1
m1mxwox6,68wne448,w6jl9o5d,9kvmv4ok,owo65k3w,1
m1mxwox6,68wne448,w6jl9o5d,9kvmv4ok,xd12y0yw,1
m1mxwox6,68wne448,w6jl9o5d,9kvmv4ok,ewpxop4d,1
m1mxwox6,68wne448,w6jl9o5d,9kvmv4ok,y9mxge0w,1
m1mxwox6,68wne448,w6jl9o5d,9kvmv4ok,5wk6e2x9,1
m1mxwox6,68wne448,w6jl9o5d,9kvmv4ok,592qrj69,1
m1mxwox6,68wne448,w6jl9o5d,9kvmv4ok,29v70yx9,1
m1mxwox6,68wne448,w6jl9o5d,9kvmv4ok,xd42e68w,1
m1mxwox6,68wne448,w6jl9o5d,9kvmv4ok,xd0qn0j9,1
m1mxwox6,68wne448,w6jl9o5d,9kvmv4ok,rw6ogv6w,1
m1mxwox6,68wne448,w6jl9o5d,9kvmv4ok,n934l0rd,1
m1mxwox6,68wne448,w6jl9o5d,9kvmv4ok,z9875j1w,1
m1mxwox6,68wne448,w6jl9o5d,9kvmv4ok,xd1mzled,1
m1mxwox6,68wne448,w6jl9o5d,9kvmv4ok,ewp32nkd,1
m1mxwox6,68wne448,w6jl9o5d,9kvmv4ok,rw6oggnw,1
m1mxwox6,68wne448,w6jl9o5d,9kvmv4ok,n934ll7d,1
m1mxwox6,68wne448,w6jl9o5d,9kvmv4ok,z987557w,1
m1mxwox6,68wne448,w6jl9o5d,9kvmv4ok,rdnzxxnd,1
m1mxwox6,68wne448,w6jl9o5d,9kvmv4ok,ldygkkjd,1
m1mxwox6,68wne448,w6jl9o5d,9kvmv4ok,gdrxoo8d,1
m1mxwox6,68wne448,w6jl9o5d,9kvmv4ok,y9m8kqld,1
m1mxwox6,68wne448,w6jl9o5d,9kvmv4ok,r9gxykqw,1
m1mxwox6,68wne448,w6jl9o5d,9kvmv4ok,owoy7gv9,1
m1mxwox6,68wne448,w6jl9o5d,9kvmv4ok,59250vg9,1
m1mxwox6,68wne448,w6jl9o5d,9kvmv4ok,rdnnoond,1
m1mxwox6,68wne448,w6jl9o5d,9kvmv4ok,gdr2pp89,1
m1mxwox6,68wne448,w6jl9o5d,9kvmv4ok,nwl3ggpw,1
m1mxwox6,68wne448,w6jl9o5d,9kvmv4ok,ywel22q9,1
m1mxwox6,68wne448,w6jl9o5d,9kvmv4ok,69zzpp69,1
m1mxwox6,68wne448,w6jl9o5d,9kvmv4ok,r9gxyyqw,1
m1mxwox6,68wne448,w6jl9o5d,9kvmv4ok,o9x4116d,1
m1mxwox6,68wne448,w6jl9o5d,9kvmv4ok,4954kk2w,1
m1mxwox6,68wne448,w6jl9o5d,9kvmv4ok,rdqlzzmw,1
m1mxwox6,68wne448,w6jl9o5d,w20x3182,None,1
m1mxwox6,68wne448,w6jl9o5d,w20x3182,None,1
m1mxwox6,68wne448,w6jl9o5d,9kvmv4ok,ewpr7pld,1
m1mxwox6,68wne448,w6jl9o5d,9kvmv4ok,y9m85eld,1
m1mxwox6,68wne448,w6jl9o5d,9kvmv4ok,5wkpk25d,1
m1mxwox6,68wne448,w6jl9o5d,9kvmv4ok,59250jg9,1
m1mxwox6,68wne448,w6jl9o5d,9kvmv4ok,29v2mk1d,1
m1mxwox6,68wne448,w6jl9o5d,9kvmv4ok,xd4x0309,1
m1mxwox6,68wne448,w6jl9o5d,9kvmv4ok,xd0xk70d,1
m1mxwox6,68wne448,w6jl9o5d,9kvmv4ok,rw63qnnw,1
m1mxwox6,68wne448,w6jl9o5d,9kvmv4ok,n93oqg79,1
m1mxwox6,68wne448,w6jl9o5d,9kvmv4ok,ewp2q1k9,1
m1mxwox6,68wne448,w6jl9o5d,9kvmv4ok,y9mmp759,1
m1mxwox6,68wne448,w6jl9o5d,9kvmv4ok,5wkmr52d,1
m1mxwox6,68wne448,w6jl9o5d,9kvmv4ok,5926o2od,1
m1mxwox6,68wne448,w6jl9o5d,9kvmv4ok,29v8k43d,1
m1mxwox6,68wne448,w6jl9o5d,9kvmv4ok,xd45342w,1
m1mxwox6,68wne448,w6jl9o5d,9kvmv4ok,xd0e7mx9,1
m1mxwox6,68wne448,w6jl9o5d,9kvmv4ok,rw67n8r9,1
m1mxwox6,68wne448,w6jl9o5d,9kvmv4ok,n93xgvn9,1
m1mxwox6,68wne448,w6jl9o5d,9kvmv4ok,z98o8ygd,1
m1mxwox6,68wne448,w6jl9o5d,9kvmv4ok,rdnmp6q9,1
m1mxwox6,68wne448,w6jl9o5d,9kvmv4ok,ldyrpnk9,1
m1mxwox6,68wne448,w6jl9o5d,9kvmv4ok,gdr0qm6d,1
m1mxwox6,68wne448,w6jl9o5d,9kvmv4ok,z9875r1w,1
m1mxwox6,68wne448,w6jl9o5d,9kvmv4ok,rdnzxo6d,1
m1mxwox6,68wne448,w6jl9o5d,w20x3182,None,1
m1mxwox6,68wne448,w6jl9o5d,9kvmv4ok,69zzpr69,1
m1mxwox6,68wne448,w6jl9o5d,9kvmv4ok,r9gxyzqw,1
m1mxwox6,68wne448,w6jl9o5d,9kvmv4ok,o9x4126d,1
m1mxwox6,68wne448,w6jl9o5d,9kvmv4ok,4954kj2w,1
m1mxwox6,68wne448,w6jl9o5d,9kvmv4ok,rdqlz0mw,1
m1mxwox6,68wne448,w6jl9o5d,9kvmv4ok,5d78y75w,1
m1mxwox6,68wne448,w6jl9o5d,9kvmv4ok,kwjp7yrw,1
m1mxwox6,68wne448,w6jl9o5d,9kvmv4ok,owoy7kv9,1
m1mxwox6,68wne448,w6jl9o5d,9kvmv4ok,xd1xj0q9,1
m1mxwox6,68wne448,w6jl9o5d,9kvmv4ok,5d7j766d,1
m1mxwox6,68wne448,w6jl9o5d,9kvmv4ok,rw63qvnw,1
m1mxwox6,68wne448,w6jl9o5d,9kvmv4ok,n93oq079,1
m1mxwox6,68wne448,w6jl9o5d,9kvmv4ok,z98nrj79,1
m1mxwox6,68wne448,w6jl9o5d,9kvmv4ok,rdnno5nd,1
m1mxwox6,68wne448,w6jl9o5d,9kvmv4ok,ldy21ejw,1
m1mxwox6,68wne448,w6jl9o5d,9kvmv4ok,gdr2pj89,1
m1mxwox6,68wne448,w6jl9o5d,9kvmv4ok,nwl3g6pw,1
m1mxwox6,68wne448,w6jl9o5d,9kvmv4ok,ywel24q9,1
m1mxwox6,68wne448,w6jl9o5d,9kvmv4ok,y9m855ld,1
m1mxwox6,68wne448,w6jl9o5d,9kvmv4ok,5wkpkk5d,1
m1mxwox6,68wne448,w6jl9o5d,9kvmv4ok,592500g9,1
m1mxwox6,68wne448,w6jl9o5d,9kvmv4ok,29v2my1d,1
m1mxwox6,68wne448,w6jl9o5d,9kvmv4ok,xd4x0609,1
m1mxwox6,68wne448,w6jl9o5d,9kvmv4ok,495qko39,1
m1mxwox6,68wne448,w6jl9o5d,9kvmv4ok,rdqmz229,1
m1mxwox6,68wne448,w6jl9o5d,9kvmv4ok,kwjkyo79,1
m1mxwox6,68wne448,w6jl9o5d,9kvmv4ok,owomkgk9,1
m1mxwox6,68wne448,w6jl9o5d,9kvmv4ok,xd1z0v5w,1
m1mxwox6,68wne448,w6jl9o5d,9kvmv4ok,ewp2pkj9,1
m1mxwox6,68wne448,w6jl9o5d,9kvmv4ok,y9mmekx9,1
m1mxwox6,68wne448,w6jl9o5d,9kvmv4ok,5wkm2gpd,1
m1mxwox6,68wne448,w6jl9o5d,9kvmv4ok,5926jv3d,1
m1mxwox6,68wne448,w6jl9o5d,9kvmv4ok,29v8y1ld,1
m1mxwox6,68wne448,w6jl9o5d,9kvmv4ok,xd456vrw,1
m1mxwox6,68wne448,w6jl9o5d,9kvmv4ok,xd0e0v49,1
m1mxwox6,68wne448,w6jl9o5d,9kvmv4ok,rw67vkg9,1
m1mxwox6,68wne448,w6jl9o5d,9kvmv4ok,n93x02z9,1
m1mxwox6,68wne448,w6jl9o5d,9kvmv4ok,nwlm7q09,1
m1mxwox6,68wne448,w6jl9o5d,9kvmv4ok,ywev8ryd,1
m1mxwox6,68wne448,w6jl9o5d,9kvmv4ok,69zl4yld,1
m1mxwox6,68wne448,w6jl9o5d,9kvmv4ok,r9gm3e59,1
m1mxwox6,68wne448,w6jl9o5d,9kvmv4ok,o9xyl80d,1
m1mxwox6,68wne448,w6jl9o5d,9kvmv4ok,495q8309,1
m1mxwox6,68wne448,w6jl9o5d,9kvmv4ok,rdqm1pk9,1
m1mxwox6,68wne448,w6jl9o5d,9kvmv4ok,5d7j3ngd,1
m1mxwox6,68wne448,w6jl9o5d,9kvmv4ok,kwjkexn9,1
m1mxwox6,68wne448,w6jl9o5d,9kvmv4ok,owom2oo9,1
m1mxwox6,68wne448,w6jl9o5d,9kvmv4ok,xd1z5kew,1
m1mxwox6,68wne448,w6jl9o5d,9kvmv4ok,ewp2qmk9,1
m1mxwox6,68wne448,w6jl9o5d,9kvmv4ok,5wkmrz2d,1
m1mxwox6,68wne448,w6jl9o5d,9kvmv4ok,5926ogod,1
m1mxwox6,68wne448,w6jl9o5d,9kvmv4ok,rw67npr9,1
m1mxwox6,68wne448,w6jl9o5d,9kvmv4ok,gdr0q46d,1
m1mxwox6,68wne448,w6jl9o5d,9kvmv4ok,o9xyl50d,1
m1mxwox6,68wne448,w6jl9o5d,9kvmv4ok,5d7j3kgd,1
m1mxwox6,68wne448,w6jl9o5d,9kvmv4ok,kwjkeln9,1
m1mxwox6,68wne448,w6jl9o5d,9kvmv4ok,xd0xk00d,1
m1mxwox6,68wne448,nd28745d,zd3jy982,None,2
m1mxwox6,68wne448,w6jl9o5d,zd36938d,kwjkexn9,1
m1mxwox6,68wne448,w6jl9o5d,zd36938d,owom2oo9,1
m1mxwox6,68wne448,w6jl9o5d,zd36938d,xd1z5kew,1
m1mxwox6,68wne448,w6jl9o5d,zd36938d,ewp2qmk9,1
m1mxwox6,68wne448,w6jl9o5d,zd36938d,5wkmrz2d,1
m1mxwox6,68wne448,w6jl9o5d,zd36938d,5926ogod,1
m1mxwox6,68wne448,w6jl9o5d,zd36938d,rw67npr9,1
m1mxwox6,68wne448,w6jl9o5d,zd36938d,gdr0q46d,1
m1mxwox6,68wne448,w6jl9o5d,zd36938d,o9xyl50d,1
m1mxwox6,68wne448,w6jl9o5d,zd36938d,5d7j3kgd,1
m1mxwox6,68wne448,w6jl9o5d,zd36938d,kwjkeln9,1
m1mxwox6,68wne448,w6jl9o5d,9kvmv4ok,z98nr879,1
m1mxwox6,68wne448,w6jl9o5d,9kvmv4ok,rdnnopnd,1
m1mxwox6,68wne448,w6jl9o5d,9kvmv4ok,ldy21pjw,1
m1mxwox6,68wne448,yd4kovw6,9kv84w3d,None,1
m1mxwox6,68wne448,w6jl9o5d,zd36938d,ywev8ryd,1
m1mxwox6,68wne448,w6jl9o5d,zd36938d,69zl4yld,1
m1mxwox6,68wne448,w6jl9o5d,zd36938d,r9gm3e59,1
m1mxwox6,68wne448,w6jl9o5d,zd36938d,o9xyl80d,1
m1mxwox6,68wne448,w6jl9o5d,zd36938d,495q8309,1
m1mxwox6,68wne448,w6jl9o5d,zd36938d,rdqm1pk9,1
m1mxwox6,68wne448,w6jl9o5d,zd36938d,5d7j3ngd,1
m1mxwox6,68wne448,268e40y6,ndx44j12,None,1
m1mxwox6,68wne448,w6jl9o5d,xd11514d,None,1
m1mxwox6,68wne448,w6jl9o5d,zd36938d,r9gxyzqw,1
m1mxwox6,68wne448,w6jl9o5d,zd36938d,o9x4126d,1
m1mxwox6,68wne448,w6jl9o5d,zd36938d,4954kj2w,1
m1mxwox6,68wne448,w6jl9o5d,zd36938d,rdqlz0mw,1
m1mxwox6,68wne448,w6jl9o5d,zd36938d,5d78y75w,1
m1mxwox6,68wne448,w6jl9o5d,zd36938d,kwjp7yrw,1
m1mxwox6,68wne448,w6jl9o5d,zd36938d,owoy7kv9,1
m1mxwox6,68wne448,w6jl9o5d,zd36938d,xd1xj0q9,1
m1mxwox6,68wne448,w6jl9o5d,zd36938d,ewpr7pld,1
m1mxwox6,68wne448,w6jl9o5d,zd36938d,y9m85eld,1
m1mxwox6,68wne448,w6jl9o5d,zd36938d,5wkpk25d,1
m1mxwox6,68wne448,w6jl9o5d,zd36938d,59250jg9,1
m1mxwox6,68wne448,w6jl9o5d,zd36938d,29v2mk1d,1
m1mxwox6,68wne448,w6jl9o5d,zd36938d,xd4x0309,1
m1mxwox6,68wne448,w6jl9o5d,zd36938d,xd0xk70d,1
m1mxwox6,68wne448,w6jl9o5d,zd36938d,rw63qnnw,1
m1mxwox6,68wne448,w6jl9o5d,zd36938d,n93oqg79,1
m1mxwox6,68wne448,w6jl9o5d,zd36938d,ewp2q1k9,1
m1mxwox6,68wne448,w6jl9o5d,zd36938d,y9mmp759,1
m1mxwox6,68wne448,w6jl9o5d,zd36938d,5wkmr52d,1
m1mxwox6,68wne448,w6jl9o5d,zd36938d,5926o2od,1
m1mxwox6,68wne448,w6jl9o5d,zd36938d,29v8k43d,1
m1mxwox6,68wne448,w6jl9o5d,zd36938d,xd45342w,1
m1mxwox6,68wne448,w6jl9o5d,zd36938d,xd0e7mx9,1
m1mxwox6,68wne448,w6jl9o5d,zd36938d,rw67n8r9,1
m1mxwox6,68wne448,w6jl9o5d,zd36938d,n93xgvn9,1
m1mxwox6,68wne448,w6jl9o5d,zd36938d,z98o8ygd,1
m1mxwox6,68wne448,w6jl9o5d,zd36938d,rdnmp6q9,1
m1mxwox6,68wne448,w6jl9o5d,zd36938d,ldyrpnk9,1
m1mxwox6,68wne448,w6jl9o5d,zd36938d,gdr0qm6d,1
m1mxwox6,68wne448,w6jl9o5d,zd36938d,z98nr879,1
m1mxwox6,68wne448,w6jl9o5d,zd36938d,rdnnopnd,1
m1mxwox6,68wne448,w6jl9o5d,zd36938d,ldy21pjw,1
m1mxwox6,68wne448,w6jl9o5d,zd36938d,nwlm7q09,1
m1mxwox6,68wne448,w6jl9o5d,zd36938d,ldy21ejw,1
m1mxwox6,68wne448,w6jl9o5d,zd36938d,gdr2pj89,1
m1mxwox6,68wne448,w6jl9o5d,zd36938d,nwl3g6pw,1
m1mxwox6,68wne448,w6jl9o5d,zd36938d,ywel24q9,1
m1mxwox6,68wne448,w6jl9o5d,zd36938d,69zzpr69,1
m1mxwox6,68wne448,w6jl9o5d,zd36938d,rdqmz229,1
m1mxwox6,68wne448,w6jl9o5d,zd36938d,5d7j766d,1
m1mxwox6,68wne448,w6jl9o5d,zd36938d,kwjkyo79,1
m1mxwox6,68wne448,w6jl9o5d,zd36938d,owomkgk9,1
m1mxwox6,68wne448,w6jl9o5d,zd36938d,xd1z0v5w,1
m1mxwox6,68wne448,w6jl9o5d,zd36938d,ewp2pkj9,1
m1mxwox6,68wne448,w6jl9o5d,zd36938d,y9mmekx9,1
m1mxwox6,68wne448,w6jl9o5d,zd36938d,5wkm2gpd,1
m1mxwox6,68wne448,w6jl9o5d,zd36938d,5926jv3d,1
m1mxwox6,68wne448,w6jl9o5d,zd36938d,29v8y1ld,1
m1mxwox6,68wne448,w6jl9o5d,zd36938d,xd456vrw,1
m1mxwox6,68wne448,lde35256,q25m5gvd,None,5
m1mxwox6,68wne448,w6jl9o5d,zd36938d,xd0e0v49,1
m1mxwox6,68wne448,w6jl9o5d,zd36938d,rw67vkg9,1
m1mxwox6,68wne448,w6jl9o5d,zd36938d,n93x02z9,1
m1mxwox6,68wne448,w6jl9o5d,zd36938d,xd0xk00d,1
m1mxwox6,68wne448,w6jl9o5d,zd36938d,rw63qvnw,1
m1mxwox6,68wne448,w6jl9o5d,zd36938d,n93oq079,1
m1mxwox6,68wne448,w6jl9o5d,zd36938d,z98nrj79,1
m1mxwox6,68wne448,w6jl9o5d,zd36938d,rdnno5nd,1
m1mxwox6,68wne448,w6jl9o5d,zd36938d,gdr2pp89,1
m1mxwox6,68wne448,w6jl9o5d,zd36938d,nwl3ggpw,1
m1mxwox6,68wne448,w6jl9o5d,zd36938d,ywel22q9,1
m1mxwox6,68wne448,w6jl9o5d,zd36938d,69zzpp69,1
m1mxwox6,68wne448,w6jl9o5d,zd36938d,r9gxyyqw,1
m1mxwox6,68wne448,w6jl9o5d,zd36938d,o9x4116d,1
m1mxwox6,68wne448,w6jl9o5d,zd36938d,4954kk2w,1
m1mxwox6,68wne448,w6jl9o5d,zd36938d,rdqlzzmw,1
m1mxwox6,68wne448,w6jl9o5d,zd36938d,5d78yy5w,1
m1mxwox6,68wne448,w6jl9o5d,zd36938d,kwjp77rw,1
m1mxwox6,68wne448,w6jl9o5d,zd36938d,owoy77v9,1
m1mxwox6,68wne448,w6jl9o5d,zd36938d,xd1xjjq9,1
m1mxwox6,68wne448,w6jl9o5d,zd36938d,ewpr77ld,1
m1mxwox6,68wne448,w6jl9o5d,zd36938d,r9gmy0p9,1
m1mxwox6,68wne448,w6jl9o5d,zd36938d,o9xy15pd,1
m1mxwox6,68wne448,w6jl9o5d,zd36938d,y9m855ld,1
m1mxwox6,68wne448,w6jl9o5d,zd36938d,5wkpkk5d,1
m1mxwox6,68wne448,w6jl9o5d,zd36938d,592500g9,1
m1mxwox6,68wne448,w6jl9o5d,zd36938d,29v2my1d,1
m1mxwox6,68wne448,w6jl9o5d,zd36938d,xd4x0609,1
m1mxwox6,68wne448,w6jl9o5d,zd36938d,495qko39,1
m1mxwox6,68wne448,w6jl9o5d,zd36938d,n93xqge9,1
m1mxwox6,68wne448,w6jl9o5d,zd36938d,z98or8ld,1
m1mxwox6,68wne448,w6jl9o5d,zd36938d,rdnmopv9,1
m1mxwox6,68wne448,w6jl9o5d,zd36938d,ldyr1pz9,1
m1mxwox6,68wne448,w6jl9o5d,zd36938d,gdr0pqzd,1
m1mxwox6,68wne448,w6jl9o5d,zd36938d,nwlmg7r9,1
m1mxwox6,68wne448,w6jl9o5d,zd36938d,ywev28rd,1
m1mxwox6,68wne448,w6jl9o5d,zd36938d,69zlp4od,1
m1mxwox6,68wne448,w6jl9o5d,zd36938d,r9gmy2k9,1
m1mxwox6,68wne448,w6jl9o5d,zd36938d,o9xy1n1d,1
m1mxwox6,68wne448,w6jl9o5d,zd36938d,y9m8kqld,1
m1mxwox6,68wne448,w6jl9o5d,zd36938d,r9gxykqw,1
m1mxwox6,68wne448,w6jl9o5d,zd36938d,owoy7gv9,1
m1mxwox6,68wne448,w6jl9o5d,zd36938d,59250vg9,1
m1mxwox6,68wne448,w6jl9o5d,zd36938d,rdnnoond,1
m1mxwox6,68wne448,m1mnmzjd,n2yvzx82,None,4
m1mxwox6,68wne448,76r39ge6,824nrrgk,None,1
m1mxwox6,68wne448,w6jl9o5d,zd36938d,z98n2v79,1
m1mxwox6,68wne448,w6jl9o5d,zd36938d,rdnnkjnd,1
m1mxwox6,68wne448,w6jl9o5d,zd36938d,ldy247jw,1
m1mxwox6,68wne448,w6jl9o5d,zd36938d,gdr2k489,1
m1mxwox6,68wne448,w6jl9o5d,zd36938d,ywelzkq9,1
m1mxwox6,68wne448,w6jl9o5d,zd36938d,5wkmkrqd,1
m1mxwox6,68wne448,w6jl9o5d,zd36938d,59260ord,1
m1mxwox6,68wne448,w6jl9o5d,zd36938d,29v8mknd,1
m1mxwox6,68wne448,w6jl9o5d,zd36938d,rw67qn79,1
m1mxwox6,68wne448,w6jl9o5d,zd36938d,xd0ek719,1
m1mxwox6,68wne448,w6jl9o5d,zd36938d,xd4503pw,1
m1mxwox6,68wne448,nd2m7v10,zdnr3je2,None,1
m1mxwox6,68wne448,w6jl9o5d,zd36938d,xd4xv4q9,1
m1mxwox6,68wne448,w6jl9o5d,zd36938d,xd0xvmmd,1
m1mxwox6,68wne448,w6jl9o5d,zd36938d,rw63k8pw,1
m1mxwox6,68wne448,w6jl9o5d,zd36938d,n93o2529,1
m1mxwox6,68wne448,w6jl9o5d,zd36938d,z98n2vr9,1
m1mxwox6,68wne448,w6jl9o5d,9kvmv4ok,owoygzj9,1
m1mxwox6,68wne448,w6jl9o5d,9kvmv4ok,xd1xvgz9,1
m1mxwox6,68wne448,w6jl9o5d,9kvmv4ok,ewprkgyd,1
m1mxwox6,68wne448,w6jl9o5d,9kvmv4ok,y9m8klzd,1
m1mxwox6,68wne448,w6jl9o5d,9kvmv4ok,5wkpgyvd,1
m1mxwox6,68wne448,w6jl9o5d,9kvmv4ok,5925vx79,1
m1mxwox6,68wne448,w6jl9o5d,9kvmv4ok,29v21oqd,1
m1mxwox6,68wne448,w6jl9o5d,9kvmv4ok,xd4xvqq9,1
m1mxwox6,68wne448,w6jl9o5d,9kvmv4ok,xd0xvzmd,1
m1mxwox6,68wne448,w6jl9o5d,9kvmv4ok,rw63kjpw,1
m1mxwox6,68wne448,w6jl9o5d,9kvmv4ok,n93o2v29,1
m1mxwox6,68wne448,w6jl9o5d,9kvmv4ok,z98n2yr9,1
m1mxwox6,68wne448,w6jl9o5d,9kvmv4ok,rdnnk65d,1
m1mxwox6,68wne448,w6jl9o5d,9kvmv4ok,ldy24npw,1
m1mxwox6,68wne448,w6jl9o5d,9kvmv4ok,gdr2kme9,1
m1mxwox6,68wne448,w6jl9o5d,9kvmv4ok,nwl3kqow,1
m1mxwox6,68wne448,w6jl9o5d,9kvmv4ok,ywelzrl9,1
m1mxwox6,68wne448,w6jl9o5d,9kvmv4ok,69zzmyx9,1
m1mxwox6,68wne448,w6jl9o5d,zd36938d,rdnnkj5d,1
m1mxwox6,68wne448,w6jl9o5d,zd36938d,ldy247pw,1
m1mxwox6,68wne448,w6jl9o5d,zd36938d,n93o2579,1
m1mxwox6,68wne448,w6jl9o5d,zd36938d,4954v3mw,1
m1mxwox6,68wne448,w6jl9o5d,zd36938d,rdql6pow,1
m1mxwox6,68wne448,w6jl9o5d,zd36938d,5d786nqw,1
m1mxwox6,68wne448,w6jl9o5d,zd36938d,kwjpox0w,1
m1mxwox6,68wne448,w6jl9o5d,zd36938d,owoygoj9,1
m1mxwox6,68wne448,w6jl9o5d,zd36938d,xd1xvkz9,1
m1mxwox6,68wne448,w6jl9o5d,zd36938d,ewprk1yd,1
m1mxwox6,68wne448,w6jl9o5d,zd36938d,y9m8k7zd,1
m1mxwox6,68wne448,w6jl9o5d,zd36938d,5wkpg5vd,1
m1mxwox6,68wne448,w6jl9o5d,zd36938d,5925v279,1
m1mxwox6,68wne448,w6jl9o5d,zd36938d,29v214qd,1
m1mxwox6,68wne448,w6jl9o5d,zd36938d,ldy24npw,1
m1mxwox6,68wne448,w6jl9o5d,zd36938d,gdr2kme9,1
m1mxwox6,68wne448,w6jl9o5d,zd36938d,nwl3kqow,1
m1mxwox6,68wne448,w6jl9o5d,zd36938d,ywelzrl9,1
m1mxwox6,68wne448,w6jl9o5d,zd36938d,69zzmyx9,1
m1mxwox6,68wne448,w6jl9o5d,zd36938d,r9gxkejw,1
m1mxwox6,68wne448,w6jl9o5d,zd36938d,o9x4m83d,1
m1mxwox6,68wne448,w6jl9o5d,zd36938d,owoygzj9,1
m1mxwox6,68wne448,w6jl9o5d,zd36938d,xd1xvgz9,1
m1mxwox6,68wne448,w6jl9o5d,zd36938d,ewprkgyd,1
m1mxwox6,68wne448,w6jl9o5d,zd36938d,y9m8klzd,1
m1mxwox6,68wne448,w6jl9o5d,zd36938d,5wkpgyvd,1
m1mxwox6,68wne448,w6jl9o5d,zd36938d,5925vx79,1
m1mxwox6,68wne448,w6jl9o5d,zd36938d,29v21oqd,1
m1mxwox6,68wne448,w6jl9o5d,zd36938d,xd4xvqq9,1
m1mxwox6,68wne448,w6jl9o5d,zd36938d,xd0xvzmd,1
m1mxwox6,68wne448,w6jl9o5d,zd36938d,rw63kjpw,1
m1mxwox6,68wne448,w6jl9o5d,zd36938d,n93o2v29,1
m1mxwox6,68wne448,w6jl9o5d,zd36938d,z98n2yr9,1
m1mxwox6,68wne448,w6jl9o5d,zd36938d,rdnnk65d,1
m1mxwox6,68wne448,ldejxwl1,9d8yzy6k,None,2
m1mxwox6,68wne448,w6jl9o5d,zd36938d,ywelz6l9,1
m1mxwox6,68wne448,w6jl9o5d,zd36938d,69zzmkx9,1
m1mxwox6,68wne448,w6jl9o5d,zd36938d,r9gxkvjw,1
m1mxwox6,68wne448,w6jl9o5d,zd36938d,o9x4mp3d,1
m1mxwox6,68wne448,w6jl9o5d,zd36938d,4954v7mw,1
m1mxwox6,68wne448,w6jl9o5d,zd36938d,rdql6xow,1
m1mxwox6,68wne448,w6jl9o5d,zd36938d,5d786oqw,1
m1mxwox6,68wne448,w6jl9o5d,zd36938d,kwjpon0w,1
m1mxwox6,68wne448,w6jl9o5d,zd36938d,r9gxkpjw,1
m1mxwox6,68wne448,w6jl9o5d,zd36938d,o9x4mj3d,1
m1mxwox6,68wne448,w6jl9o5d,zd36938d,4954vemw,1
m1mxwox6,68wne448,w6jl9o5d,zd36938d,rdql6eow,1
m1mxwox6,68wne448,w6jl9o5d,zd36938d,5d786gqw,1
m1mxwox6,68wne448,w6jl9o5d,zd36938d,kwjpo20w,1
m1mxwox6,68wne448,w6jl9o5d,zd36938d,owoygrj9,1
m1mxwox6,68wne448,w6jl9o5d,zd36938d,xd1xvnz9,1
m1mxwox6,68wne448,w6jl9o5d,zd36938d,ewprklyd,1
m1mxwox6,68wne448,w6jl9o5d,zd36938d,y9m8knzd,1
m1mxwox6,68wne448,w6jl9o5d,zd36938d,5wkpg3vd,1
m1mxwox6,68wne448,w6jl9o5d,zd36938d,5925vy79,1
m1mxwox6,68wne448,w6jl9o5d,zd36938d,29v21qqd,1
m1mxwox6,68wne448,w6jl9o5d,zd36938d,xd4xvlq9,1
m1mxwox6,68wne448,w6jl9o5d,zd36938d,xd0xv8md,1
m1mxwox6,68wne448,w6jl9o5d,zd36938d,rw63kzpw,1
m1mxwox6,68wne448,w6jl9o5d,zd36938d,n93o2629,1
m1mxwox6,68wne448,w6jl9o5d,zd36938d,z98n21r9,1
m1mxwox6,68wne448,w6jl9o5d,zd36938d,rdnnke5d,1
m1mxwox6,68wne448,w6jl9o5d,zd36938d,ldy24mpw,1
m1mxwox6,68wne448,w6jl9o5d,zd36938d,gdr2k5e9,1
m1mxwox6,68wne448,w6jl9o5d,zd36938d,nwl3krow,1
m1mxwox6,68wne448,w6jl9o5d,zd36938d,592qr4g9,1
m1mxwox6,68wne448,w6jl9o5d,zd36938d,29v70019,1
m1mxwox6,68wne448,w6jl9o5d,zd36938d,xd42ee0w,1
m1mxwox6,68wne448,w6jl9o5d,zd36938d,rw6oggnw,1
m1mxwox6,68wne448,w6jl9o5d,zd36938d,n934ll7d,1
m1mxwox6,68wne448,w6jl9o5d,zd36938d,z987557w,1
m1mxwox6,68wne448,w6jl9o5d,zd36938d,rdnzxxnd,1
m1mxwox6,68wne448,w6jl9o5d,zd36938d,ldygkkjd,1
m1mxwox6,68wne448,w6jl9o5d,zd36938d,gdrxoo8d,1
m1mxwox6,68wne448,w6jl9o5d,9kvmv4ok,592qr4g9,1
m1mxwox6,68wne448,w6jl9o5d,9kvmv4ok,29v70019,1
m1mxwox6,68wne448,w6jl9o5d,9kvmv4ok,xd42ee0w,1
m1mxwox6,68wne448,w6jl9o5d,9kvmv4ok,xd0qnn09,1
m1mxwox6,68wne448,w6jl9o5d,zd36938d,4955zm29,1
m1mxwox6,68wne448,w6jl9o5d,zd36938d,xd0qnn09,1
m1mxwox6,68wne448,w6jl9o5d,9kvmv4ok,69z26nx9,1
m1mxwox6,68wne448,w6jl9o5d,9kvmv4ok,r9g4n1j9,1
m1mxwox6,68wne448,w6jl9o5d,zd36938d,rdnzxqnd,1
m1mxwox6,68wne448,w6jl9o5d,zd36938d,ldygk3jd,1
m1mxwox6,68wne448,w6jl9o5d,zd36938d,gdrxoy8d,1
m1mxwox6,68wne448,w6jl9o5d,zd36938d,nwloz2pw,1
m1mxwox6,68wne448,w6jl9o5d,zd36938d,ywe53qqw,1
m1mxwox6,68wne448,w6jl9o5d,zd36938d,69z26869,1
m1mxwox6,68wne448,w6jl9o5d,zd36938d,r9g4n7q9,1
m1mxwox6,68wne448,w6jl9o5d,zd36938d,o9x7ox6d,1
m1mxwox6,68wne448,w6jl9o5d,zd36938d,rdq7onm9,1
m1mxwox6,68wne448,w6jl9o5d,zd36938d,5d74x25d,1
m1mxwox6,68wne448,w6jl9o5d,zd36938d,kwjz6vr9,1
m1mxwox6,68wne448,w6jl9o5d,zd36938d,owo653vw,1
m1mxwox6,68wne448,w6jl9o5d,zd36938d,xd12y4qw,1
m1mxwox6,68wne448,w6jl9o5d,zd36938d,ewpxo8ld,1
m1mxwox6,68wne448,w6jl9o5d,zd36938d,y9mxg2lw,1
m1mxwox6,68wne448,w6jl9o5d,zd36938d,5wk6eq59,1
m1mxwox6,68wne448,w6jl9o5d,zd36938d,o9xg866d,1
m1mxwox6,68wne448,w6jl9o5d,zd36938d,49523p29,1
m1mxwox6,68wne448,w6jl9o5d,zd36938d,rdq8pymd,1
m1mxwox6,68wne448,w6jl9o5d,zd36938d,5d71np5d,1
m1mxwox6,68wne448,w6jl9o5d,zd36938d,kwjgx0rw,1
m1mxwox6,68wne448,w6jl9o5d,zd36938d,owojo8v9,1
m1mxwox6,68wne448,w6jl9o5d,zd36938d,xd1mkpqd,1
m1mxwox6,68wne448,w6jl9o5d,zd36938d,ewp31nld,1
m1mxwox6,68wne448,w6jl9o5d,zd36938d,y9m670lw,1
m1mxwox6,68wne448,w6jl9o5d,zd36938d,5wkx5059,1
m1mxwox6,68wne448,w6jl9o5d,zd36938d,592k2mg9,1
m1mxwox6,68wne448,w6jl9o5d,zd36938d,29v6461w,1
m1mxwox6,68wne448,w6jl9o5d,zd36938d,xd41410d,1
m1mxwox6,68wne448,w6jl9o5d,zd36938d,rw6181n9,1
m1mxwox6,68wne448,w6jl9o5d,zd36938d,yweyryqd,1
m1mxwox6,68wne448,w6jl9o5d,zd36938d,69z5y569,1
m1mxwox6,68wne448,w6jl9o5d,zd36938d,r9glelqw,1
m1mxwox6,68wne448,w6jl9o5d,zd36938d,o9xg8g6d,1
m1mxwox6,68wne448,w6jl9o5d,9kvmv4ok,o9xg8g6d,1
m1mxwox6,68wne448,w6jl9o5d,xd11514d,None,1
m1mxwox6,68wne448,w6jl9o5d,zd36938d,y9m6lz5w,1
m1mxwox6,68wne448,w6jl9o5d,zd36938d,5wkxyl29,1
m1mxwox6,68wne448,w6jl9o5d,zd36938d,592kxpo9,1
m1mxwox6,68wne448,w6jl9o5d,9kvmv4ok,y9m6lz5w,1
m1mxwox6,68wne448,w6jl9o5d,9kvmv4ok,5wkxyl29,1
m1mxwox6,68wne448,w6jl9o5d,9kvmv4ok,592kxpo9,1
m1mxwox6,68wne448,w6jl9o5d,9kvmv4ok,z98z8r79,1
m1mxwox6,68wne448,w6jl9o5d,9kvmv4ok,rdnlponw,1
m1mxwox6,68wne448,w6jl9o5d,9kvmv4ok,ldy5p1jw,1
m1mxwox6,68wne448,w6jl9o5d,9kvmv4ok,gdr8qp89,1
m1mxwox6,68wne448,w6jl9o5d,9kvmv4ok,nwly7gp9,1
m1mxwox6,68wne448,w6jl9o5d,9kvmv4ok,ywej82qd,1
m1mxwox6,68wne448,w6jl9o5d,9kvmv4ok,69zq4p69,1
m1mxwox6,68wne448,w6jl9o5d,9kvmv4ok,r9gj3yq9,1
m1mxwox6,68wne448,w6jl9o5d,9kvmv4ok,o9xzl16w,1
m1mxwox6,68wne448,w6jl9o5d,9kvmv4ok,495r8k2d,1
m1mxwox6,68wne448,w6jl9o5d,9kvmv4ok,rdq31zmw,1
m1mxwox6,68wne448,w6jl9o5d,9kvmv4ok,5d7e3y5w,1
m1mxwox6,68wne448,w6jl9o5d,9kvmv4ok,kwj8e7r9,1
m1mxwox6,68wne448,w6jl9o5d,9kvmv4ok,owoe27vd,1
m1mxwox6,68wne448,w6jl9o5d,9kvmv4ok,xd135jq9,1
m1mxwox6,68wne448,w6jl9o5d,9kvmv4ok,ewpzq7l9,1
m1mxwox6,68wne448,w6jl9o5d,9kvmv4ok,y9m6645w,1
m1mxwox6,68wne448,w6jl9o5d,9kvmv4ok,5wkxx429,1
m1mxwox6,68wne448,w6jl9o5d,9kvmv4ok,592kkeo9,1
m1mxwox6,68wne448,w6jl9o5d,9kvmv4ok,29v66n3w,1
m1mxwox6,68wne448,w6jl9o5d,9kvmv4ok,xd411g2d,1
m1mxwox6,68wne448,w6jl9o5d,9kvmv4ok,xd0116xw,1
m1mxwox6,68wne448,w6jl9o5d,9kvmv4ok,rw6115r9,1
m1mxwox6,68wne448,w6jl9o5d,9kvmv4ok,n9311znd,1
m1mxwox6,68wne448,w6jl9o5d,9kvmv4ok,z98334gd,1
m1mxwox6,68wne448,w6jl9o5d,9kvmv4ok,rdn774q9,1
m1mxwox6,68wne448,w6jl9o5d,9kvmv4ok,ldyxxlk9,1
m1mxwox6,68wne448,w6jl9o5d,9kvmv4ok,n9311zzd,1
m1mxwox6,68wne448,w6jl9o5d,9kvmv4ok,z98334pd,1
m1mxwox6,68wne448,w6jl9o5d,9kvmv4ok,rdn77479,1
m1mxwox6,68wne448,w6jl9o5d,9kvmv4ok,ldyxxlr9,1
m1mxwox6,68wne448,w6jl9o5d,9kvmv4ok,gdrnn6l9,1
m1mxwox6,68wne448,w6jl9o5d,9kvmv4ok,nwl554ed,1
m1mxwox6,68wne448,w6jl9o5d,9kvmv4ok,xd12yj6w,1
m1mxwox6,68wne448,w6jl9o5d,9kvmv4ok,ewpxo7zd,1
m1mxwox6,68wne448,w6jl9o5d,9kvmv4ok,y9mxg51w,1
m1mxwox6,68wne448,w6jl9o5d,9kvmv4ok,5wk6ekq9,1
m1mxwox6,68wne448,w6jl9o5d,9kvmv4ok,592qr0r9,1
m1mxwox6,68wne448,w6jl9o5d,9kvmv4ok,29v70mn9,1
m1mxwox6,68wne448,w6jl9o5d,9kvmv4ok,xd42e0pw,1
m1mxwox6,68wne448,w6jl9o5d,9kvmv4ok,xd0qnk19,1
m1mxwox6,68wne448,w6jl9o5d,9kvmv4ok,rw6ogq7w,1
m1mxwox6,68wne448,w6jl9o5d,9kvmv4ok,n934lqed,1
m1mxwox6,68wne448,w6jl9o5d,9kvmv4ok,z9875rlw,1
m1mxwox6,68wne448,w6jl9o5d,9kvmv4ok,rdnzxovd,1
m1mxwox6,68wne448,w6jl9o5d,9kvmv4ok,ldygk1zd,1
m1mxwox6,68wne448,w6jl9o5d,9kvmv4ok,n934lqrd,1
m1mxwox6,68wne448,w6jl9o5d,zd36938d,rdnzxq5d,1
m1mxwox6,68wne448,w6jl9o5d,zd36938d,ldygk3pd,1
m1mxwox6,68wne448,w6jl9o5d,zd36938d,n934lm7d,1
m1mxwox6,68wne448,w6jl9o5d,zd36938d,z9875m7w,1
m1mxwox6,68wne448,m1mp3p12,jdrxvogd,None,1
m1mxwox6,68wne448,w6jl9o5d,zd36938d,y9mxg1zw,1
m1mxwox6,68wne448,w6jl9o5d,zd36938d,5wk6e1v9,1
m1mxwox6,68wne448,w6jl9o5d,zd36938d,592qrn79,1
m1mxwox6,68wne448,w6jl9o5d,zd36938d,29v705q9,1
m1mxwox6,68wne448,w6jl9o5d,zd36938d,xd42erqw,1
m1mxwox6,68wne448,pd09ylde,rklvw06d,None,11
m1mxwox6,68wne448,w6jl9o5d,zd36938d,xd0qn3m9,1
m1mxwox6,68wne448,w6jl9o5d,zd36938d,rw6ogepw,1
m1mxwox6,68wne448,w6jl9o5d,zd36938d,n934lm2d,1
m1mxwox6,68wne448,w6jl9o5d,zd36938d,z9875mrw,1
m1mxwox6,68wne448,w6jl9o5d,zd36938d,ldygk8pd,1
m1mxwox6,68wne448,w6jl9o5d,zd36938d,gdrxo1ed,1
m1mxwox6,68wne448,w6jl9o5d,zd36938d,nwlozpow,1
m1mxwox6,68wne448,w6jl9o5d,zd36938d,ywe53mlw,1
m1mxwox6,68wne448,w6jl9o5d,zd36938d,4955zlm9,1
m1mxwox6,68wne448,w6jl9o5d,zd36938d,rdq7o5o9,1
m1mxwox6,68wne448,w6jl9o5d,zd36938d,5d74xzqd,1
m1mxwox6,68wne448,w6jl9o5d,zd36938d,kwjz6109,1
m1mxwox6,68wne448,w6jl9o5d,zd36938d,owo65qjw,1
m1mxwox6,68wne448,w6jl9o5d,zd36938d,xd12y8zw,1
m1mxwox6,68wne448,w6jl9o5d,zd36938d,ewpxo0yd,1
m1mxwox6,68wne448,nd2e94vd,8241wzw2,None,2
m1mxwox6,68wne448,w6jl9o5d,zd36938d,z983km7d,1
m1mxwox6,68wne448,w6jl9o5d,zd36938d,4955zrm9,1
m1mxwox6,68wne448,w6jl9o5d,zd36938d,rdq7o3o9,1
m1mxwox6,68wne448,w6jl9o5d,zd36938d,kwjz6809,1
m1mxwox6,68wne448,w6jl9o5d,zd36938d,owo65ejw,1
m1mxwox6,68wne448,w6jl9o5d,zd36938d,xd12y3zw,1
m1mxwox6,68wne448,w6jl9o5d,zd36938d,ewpxozyd,1
m1mxwox6,68wne448,w6jl9o5d,zd36938d,y9mxgrzw,1
m1mxwox6,68wne448,w6jl9o5d,zd36938d,5wk6env9,1
m1mxwox6,68wne448,w6jl9o5d,zd36938d,592qr879,1
m1mxwox6,68wne448,w6jl9o5d,zd36938d,29v70lq9,1
m1mxwox6,68wne448,w6jl9o5d,zd36938d,xd42eyqw,1
m1mxwox6,68wne448,w6jl9o5d,zd36938d,xd0qn2m9,1
m1mxwox6,68wne448,w6jl9o5d,zd36938d,rw6oglpw,1
m1mxwox6,68wne448,w6jl9o5d,zd36938d,n934ly2d,1
m1mxwox6,68wne448,w6jl9o5d,zd36938d,z9875grw,1
m1mxwox6,68wne448,w6jl9o5d,zd36938d,rdnzx25d,1
m1mxwox6,68wne448,y65ng86e,ndx7ee52,None,2
m1mxwox6,68wne448,w6jl9o5d,zd36938d,gdrxo8ed,1
m1mxwox6,68wne448,w6jl9o5d,zd36938d,nwlozyow,1
m1mxwox6,68wne448,w6jl9o5d,zd36938d,ywe53jlw,1
m1mxwox6,68wne448,w6jl9o5d,zd36938d,69z26qx9,1
m1mxwox6,68wne448,w6jl9o5d,zd36938d,r9g4njj9,1
m1mxwox6,68wne448,w6jl9o5d,zd36938d,o9x7oz3d,1
m1mxwox6,68wne448,w6jl9o5d,zd36938d,5wk6e8v9,1
m1mxwox6,68wne448,w6jl9o5d,zd36938d,592qr379,1
m1mxwox6,68wne448,w6jl9o5d,zd36938d,29v70jq9,1
m1mxwox6,68wne448,w6jl9o5d,zd36938d,gdrn32e9,1
m1mxwox6,68wne448,w6jl9o5d,zd36938d,nwl5j3od,1
m1mxwox6,68wne448,w6jl9o5d,zd36938d,xd42enqw,1
m1mxwox6,68wne448,w6jl9o5d,zd36938d,xd0qnlm9,1
m1mxwox6,68wne448,w6jl9o5d,zd36938d,rw6ogrpw,1
m1mxwox6,68wne448,w6jl9o5d,zd36938d,n934ln2d,1
m1mxwox6,68wne448,w6jl9o5d,zd36938d,z9875zrw,1
m1mxwox6,68wne448,w6jl9o5d,zd36938d,rdnzxl5d,1
m1mxwox6,68wne448,w6jl9o5d,zd36938d,ldygk5pd,1
m1mxwox6,68wne448,w6jl9o5d,zd36938d,xd0qnxm9,1
m1mxwox6,68wne448,w6jl9o5d,zd36938d,rw6og3pw,1
m1mxwox6,68wne448,w6jl9o5d,zd36938d,n934l82d,1
m1mxwox6,68wne448,w6jl9o5d,zd36938d,z9875erw,1
m1mxwox6,68wne448,w6jl9o5d,zd36938d,rdnzxr5d,1
m1mxwox6,68wne448,w6jl9o5d,zd36938d,ldygkjpd,1
m1mxwox6,68wne448,w6jl9o5d,zd36938d,gdrxoged,1
m1mxwox6,68wne448,w6jl9o5d,zd36938d,nwloznow,1
m1mxwox6,68wne448,w6jl9o5d,zd36938d,ywe53nlw,1
m1mxwox6,68wne448,w6jl9o5d,zd36938d,69z26xx9,1
m1mxwox6,68wne448,w6jl9o5d,zd36938d,r9g4nrj9,1
m1mxwox6,68wne448,w6jl9o5d,zd36938d,o9x7ok3d,1
m1mxwox6,68wne448,w6jl9o5d,zd36938d,4955zym9,1
m1mxwox6,68wne448,w6jl9o5d,zd36938d,rdq7ogo9,1
m1mxwox6,68wne448,w6jl9o5d,zd36938d,5d74xlqd,1
m1mxwox6,68wne448,w6jl9o5d,zd36938d,kwjz6309,1
m1mxwox6,68wne448,w6jl9o5d,zd36938d,owo65ljw,1
m1mxwox6,68wne448,w6jl9o5d,zd36938d,xd12y6zw,1
m1mxwox6,68wne448,w6jl9o5d,zd36938d,ewpxoeyd,1
m1mxwox6,68wne448,w6jl9o5d,zd36938d,y9mxgyzw,1
m1mxwox6,68wne448,9d3lmwdl,ndx99ojd,None,3
m1mxwox6,68wne448,w6jl9o5d,zd36938d,xd12yxzw,1
m1mxwox6,68wne448,w6jl9o5d,zd36938d,ewpxoryd,1
m1mxwox6,68wne448,w6jl9o5d,zd36938d,y9mxg8zw,1
m1mxwox6,68wne448,w6jl9o5d,zd36938d,5wk6epv9,1
m1mxwox6,68wne448,w6jl9o5d,zd36938d,592qr579,1
m1mxwox6,68wne448,w6jl9o5d,zd36938d,29v702q9,1
m1mxwox6,68wne448,w6jl9o5d,zd36938d,xd42exqw,1
m1mxwox6,68wne448,w6jl9o5d,zd36938d,5wk6e6x9,1
m1mxwox6,68wne448,w6jl9o5d,zd36938d,rdq8qq2d,1
m1mxwox6,68wne448,w6jl9o5d,zd36938d,5d71r06d,1
m1mxwox6,68wne448,w6jl9o5d,zd36938d,kwjgrm7w,1
m1mxwox6,68wne448,w6jl9o5d,zd36938d,owojxvk9,1
m1mxwox6,68wne448,w6jl9o5d,zd36938d,xd1m1o5d,1
m1mxwox6,68wne448,w6jl9o5d,zd36938d,ewp35vjd,1
m1mxwox6,68wne448,w6jl9o5d,zd36938d,y9m6zvxw,1
m1mxwox6,68wne448,w6jl9o5d,zd36938d,5wkxlvp9,1
m1mxwox6,68wne448,w6jl9o5d,zd36938d,592kp139,1
m1mxwox6,68wne448,w6jl9o5d,zd36938d,29v6pvlw,1
m1mxwox6,68wne448,w6jl9o5d,zd36938d,xd418mrd,1
m1mxwox6,68wne448,w6jl9o5d,zd36938d,xd01oj4w,1
m1mxwox6,68wne448,w6jl9o5d,zd36938d,rw61y0g9,1
m1mxwox6,68wne448,w6jl9o5d,zd36938d,n9313pzd,1
m1mxwox6,68wne448,w6jl9o5d,zd36938d,ywe53llw,1
m1mxwox6,68wne448,w6jl9o5d,zd36938d,nwloz3ow,1
m1mxwox6,68wne448,w6jl9o5d,zd36938d,69z26zx9,1
m1mxwox6,68wne448,w6jl9o5d,zd36938d,r9g4nxj9,1
m1mxwox6,68wne448,w6jl9o5d,zd36938d,o9x7o43d,1
m1mxwox6,68wne448,w6jl9o5d,zd36938d,4955z4m9,1
m1mxwox6,68wne448,w6jl9o5d,zd36938d,z983l0pd,1
m1mxwox6,68wne448,w6jl9o5d,zd36938d,rdn7gv79,1
m1mxwox6,68wne448,w6jl9o5d,zd36938d,ldyx0vr9,1
m1mxwox6,68wne448,w6jl9o5d,zd36938d,gdrn7vl9,1
m1mxwox6,68wne448,w6jl9o5d,zd36938d,nwl5eved,1
m1mxwox6,68wne448,w6jl9o5d,zd36938d,yweyp77d,1
m1mxwox6,68wne448,w6jl9o5d,zd36938d,69z50vg9,1
m1mxwox6,68wne448,w6jl9o5d,zd36938d,r9gl8opw,1
m1mxwox6,68wne448,w6jl9o5d,zd36938d,o9xg0vpd,1
m1mxwox6,68wne448,w6jl9o5d,zd36938d,rdq7olo9,1
m1mxwox6,68wne448,w6jl9o5d,zd36938d,5d74x8qd,1
m1mxwox6,68wne448,w6jl9o5d,zd36938d,kwjz6p09,1
m1mxwox6,68wne448,w6jl9o5d,zd36938d,owo65yjw,1
m1mxwox6,68wne448,w6jl9o5d,zd36938d,nwlozogw,1
m1mxwox6,68wne448,w6jl9o5d,zd36938d,69z26249,1
m1mxwox6,68wne448,w6jl9o5d,zd36938d,r9g4n429,1
m1mxwox6,68wne448,w6jl9o5d,zd36938d,o9x7o77d,1
m1mxwox6,68wne448,w6jl9o5d,zd36938d,4955z549,1
m1mxwox6,68wne448,w6jl9o5d,zd36938d,rdq7o7g9,1
m1mxwox6,68wne448,w6jl9o5d,zd36938d,5d74x4ed,1
m1mxwox6,68wne448,w6jl9o5d,zd36938d,kwjz6z19,1
m1mxwox6,68wne448,w6jl9o5d,zd36938d,xd12y2yw,1
m1mxwox6,68wne448,w6jl9o5d,zd36938d,ewpxox4d,1
m1mxwox6,68wne448,w6jl9o5d,zd36938d,owo6563w,1
m1mxwox6,68wne448,w6jl9o5d,zd36938d,29v707x9,1
m1mxwox6,68wne448,w6jl9o5d,zd36938d,xd42e28w,1
m1mxwox6,68wne448,w6jl9o5d,zd36938d,xd0qnqj9,1
m1mxwox6,68wne448,w6jl9o5d,zd36938d,592qrq69,1
m1mxwox6,68wne448,w6jl9o5d,zd36938d,y9mxgx0w,1
m1mxwox6,68wne448,w6jl9o5d,9kvmv4ok,gdrxokzd,1
m1mxwox6,68wne448,w6jl9o5d,9kvmv4ok,xd01p14w,1
m1mxwox6,68wne448,w6jl9o5d,9kvmv4ok,nwlozkrw,1
m1mxwox6,68wne448,w6jl9o5d,9kvmv4ok,ywe53zrw,1
m1mxwox6,68wne448,w6jl9o5d,9kvmv4ok,69z26mo9,1
m1mxwox6,68wne448,w6jl9o5d,9kvmv4ok,r9g4nyk9,1
m1mxwox6,68wne448,w6jl9o5d,9kvmv4ok,o9x7o11d,1
m1mxwox6,68wne448,w6jl9o5d,9kvmv4ok,4955zkj9,1
m1mxwox6,68wne448,w6jl9o5d,9kvmv4ok,rdq7oz19,1
m1mxwox6,68wne448,w6jl9o5d,9kvmv4ok,5d74xyvd,1
m1mxwox6,68wne448,w6jl9o5d,9kvmv4ok,kwjz67z9,1
m1mxwox6,68wne448,w6jl9o5d,9kvmv4ok,owo657yw,1
m1mxwox6,68wne448,o1y93526,8246zygd,None,2
m1mxwox6,68wne448,w6jl9o5d,zd36938d,rw6ogn6w,1
m1mxwox6,68wne448,w6jl9o5d,zd36938d,n934lgrd,1
m1mxwox6,68wne448,w6jl9o5d,zd36938d,z987581w,1
m1mxwox6,68wne448,w6jl9o5d,zd36938d,rdnzxp6d,1
m1mxwox6,68wne448,w6jl9o5d,zd36938d,ldygkp7d,1
m1mxwox6,68wne448,w6jl9o5d,zd36938d,gdrxoekd,1
m1mxwox6,68wne448,w6jl9o5d,zd36938d,nwlozlgw,1
m1mxwox6,68wne448,w6jl9o5d,zd36938d,ywe5314w,1
m1mxwox6,68wne448,w6jl9o5d,zd36938d,69z26349,1
m1mxwox6,68wne448,w6jl9o5d,zd36938d,r9g4n229,1
m1mxwox6,68wne448,w6jl9o5d,zd36938d,o9x7on7d,1
m1mxwox6,68wne448,w6jl9o5d,zd36938d,4955z649,1
m1mxwox6,68wne448,w6jl9o5d,zd36938d,rdq7ojg9,1
m1mxwox6,68wne448,w6jl9o5d,zd36938d,5d74xved,1
m1mxwox6,68wne448,w6jl9o5d,zd36938d,kwjz6519,1
m1mxwox6,68wne448,w6jl9o5d,zd36938d,owo6503w,1
m1mxwox6,68wne448,w6jl9o5d,zd36938d,xd12y7yw,1
m1mxwox6,68wne448,w6jl9o5d,zd36938d,ewpxoj4d,1
m1mxwox6,68wne448,w6jl9o5d,zd36938d,y9mxgj0w,1
m1mxwox6,68wne448,w6jl9o5d,zd36938d,5wk6ejx9,1
m1mxwox6,68wne448,w6jl9o5d,zd36938d,592qrz69,1
m1mxwox6,68wne448,w6jl9o5d,zd36938d,29v703x9,1
m1mxwox6,68wne448,w6jl9o5d,zd36938d,xd42ej8w,1
m1mxwox6,68wne448,w6jl9o5d,zd36938d,xd0qngj9,1
m1mxwox6,68wne448,w6jl9o5d,zd36938d,z987561w,1
m1mxwox6,68wne448,w6jl9o5d,zd36938d,gdrxoxkd,1
m1mxwox6,68wne448,w6jl9o5d,zd36938d,ywe5354w,1
m1mxwox6,68wne448,w6jl9o5d,zd36938d,rdnzx06d,1
m1mxwox6,68wne448,w6jl9o5d,zd36938d,ldygky7d,1
m1mxwox6,68wne448,w6jl9o5d,9kvmv4ok,592qrvr9,1
m1mxwox6,68wne448,w6jl9o5d,9kvmv4ok,29v701n9,1
m1mxwox6,68wne448,w6jl9o5d,9kvmv4ok,xd42evpw,1
m1mxwox6,68wne448,w6jl9o5d,9kvmv4ok,xd0qnv19,1
m1mxwox6,68wne448,w6jl9o5d,9kvmv4ok,rw6ogk7w,1
m1mxwox6,68wne448,w6jl9o5d,9kvmv4ok,n934l2ed,1
m1mxwox6,68wne448,w6jl9o5d,9kvmv4ok,z98752lw,1
m1mxwox6,68wne448,w6jl9o5d,9kvmv4ok,rdnzxkvd,1
m1mxwox6,68wne448,w6jl9o5d,9kvmv4ok,ldygk4zd,1
m1mxwox6,68wne448,w6jl9o5d,9kvmv4ok,y9mxgk1w,1
m1mxwox6,68wne448,w6jl9o5d,9kvmv4ok,5wk6egq9,1
m1mxwox6,68wne448,w6jl9o5d,zd36938d,ywe5384w,1
m1mxwox6,68wne448,w6jl9o5d,zd36938d,69z26449,1
m1mxwox6,68wne448,w6jl9o5d,zd36938d,r9g4n329,1
m1mxwox6,68wne448,w6jl9o5d,zd36938d,o9x7ol7d,1
m1mxwox6,68wne448,w6jl9o5d,zd36938d,4955z849,1
m1mxwox6,68wne448,w6jl9o5d,zd36938d,5d74x3ed,1
m1mxwox6,68wne448,w6jl9o5d,zd36938d,kwjz6e19,1
m1mxwox6,68wne448,w6jl9o5d,zd36938d,owo6523w,1
m1mxwox6,68wne448,w6jl9o5d,zd36938d,xd12y5yw,1
m1mxwox6,68wne448,w6jl9o5d,zd36938d,ewpxoq4d,1
m1mxwox6,68wne448,w6jl9o5d,zd36938d,y9mxgp0w,1
m1mxwox6,68wne448,w6jl9o5d,zd36938d,5wk6erx9,1
m1mxwox6,68wne448,w6jl9o5d,zd36938d,592qro69,1
m1mxwox6,68wne448,w6jl9o5d,zd36938d,29v70kx9,1
m1mxwox6,68wne448,w6jl9o5d,zd36938d,xd42e38w,1
m1mxwox6,68wne448,w6jl9o5d,zd36938d,xd0qn7j9,1
m1mxwox6,68wne448,o6glzy9d,mkezjq8k,None,4
m1mxwox6,68wne448,w6jl9o5d,9kvmv4ok,xd0q4r19,1
m1mxwox6,68wne448,w6jl9o5d,9kvmv4ok,rw6omp7w,1
m1mxwox6,68wne448,w6jl9o5d,9kvmv4ok,n934m5ed,1
m1mxwox6,68wne448,w6jl9o5d,9kvmv4ok,z987mvlw,1
m1mxwox6,68wne448,w6jl9o5d,9kvmv4ok,rdnzqjvd,1
m1mxwox6,68wne448,w6jl9o5d,9kvmv4ok,ldyg37zd,1
m1mxwox6,68wne448,w6jl9o5d,9kvmv4ok,gdrxy4zd,1
m1mxwox6,68wne448,w6jl9o5d,9kvmv4ok,nwlo2xrw,1
m1mxwox6,68wne448,w6jl9o5d,9kvmv4ok,69z57eg9,1
m1mxwox6,68wne448,w6jl9o5d,9kvmv4ok,ywe5qkrw,1
m1mxwox6,68wne448,w6jl9o5d,9kvmv4ok,69z28oo9,1
m1mxwox6,68wne448,w6jl9o5d,9kvmv4ok,r9g4nkk9,1
m1mxwox6,68wne448,w6jl9o5d,9kvmv4ok,o9x7om1d,1
m1mxwox6,68wne448,w6jl9o5d,9kvmv4ok,4955zvj9,1
m1mxwox6,68wne448,w6jl9o5d,9kvmv4ok,rdq7o619,1
m1mxwox6,68wne448,w6jl9o5d,9kvmv4ok,5d74x6vd,1
m1mxwox6,68wne448,w6jl9o5d,9kvmv4ok,kwjz6oz9,1
m1mxwox6,68wne448,w6jl9o5d,9kvmv4ok,owo65gyw,1
m1mxwox6,68wne448,w6jl9o5d,9kvmv4ok,xd12yv6w,1
m1mxwox6,68wne448,w6jl9o5d,9kvmv4ok,ewpxokzd,1
m1mxwox6,68wne448,4d7938g1,ndx756o2,None,3
m1mxwox6,68wne448,w6jl9o5d,9kvmv4ok,y9mx2q1w,1
m1mxwox6,68wne448,w6jl9o5d,9kvmv4ok,5wk6qzq9,1
m1mxwox6,68wne448,w6jl9o5d,9kvmv4ok,592q4gr9,1
m1mxwox6,68wne448,w6jl9o5d,9kvmv4ok,29v7zen9,1
m1mxwox6,68wne448,w6jl9o5d,9kvmv4ok,xd42k7pw,1
m1mxwox6,68wne448,pdvz5o46,xd1llg7k,None,4
m1mxwox6,68wne448,w6jl9o5d,9kvmv4ok,nwlo2qrw,1
m1mxwox6,68wne448,w6jl9o5d,9kvmv4ok,ywe5qrrw,1
m1mxwox6,68wne448,w6jl9o5d,9kvmv4ok,69z28yo9,1
m1mxwox6,68wne448,w6jl9o5d,9kvmv4ok,r9g470k9,1
m1mxwox6,68wne448,w6jl9o5d,9kvmv4ok,o9x7x51d,1
m1mxwox6,68wne448,w6jl9o5d,9kvmv4ok,4955moj9,1
m1mxwox6,68wne448,w6jl9o5d,9kvmv4ok,rdq7n219,1
m1mxwox6,68wne448,w6jl9o5d,9kvmv4ok,5d742kvd,1
m1mxwox6,68wne448,w6jl9o5d,9kvmv4ok,kwjzvlz9,1
m1mxwox6,68wne448,w6jl9o5d,9kvmv4ok,owo631yw,1
m1mxwox6,68wne448,w6jl9o5d,9kvmv4ok,xd124e6w,1
m1mxwox6,68wne448,w6jl9o5d,9kvmv4ok,ewpx8mzd,1
m1mxwox6,68wne448,lde3nml6,9d8x07l2,None,3
m1mxwox6,68wne448,lde3nml6,xd1ln6wk,None,1
m1mxwox6,68wne448,268eqvo6,wkp01lj2,None,2
m1mxwox6,68wne448,w6jl9o5d,9kvmv4ok,69z281g9,1
m1mxwox6,68wne448,w6jl9o5d,9kvmv4ok,r9g47pp9,1
m1mxwox6,68wne448,w6jl9o5d,9kvmv4ok,o9x7xjpd,1
m1mxwox6,68wne448,w6jl9o5d,9kvmv4ok,4955me39,1
m1mxwox6,68wne448,w6jl9o5d,9kvmv4ok,rdq7ne29,1
m1mxwox6,68wne448,w6jl9o5d,9kvmv4ok,nwl54mrd,1
m1mxwox6,68wne448,w6jl9o5d,9kvmv4ok,rw6og46w,1
m1mxwox6,68wne448,w6jl9o5d,9kvmv4ok,n934l7rd,1
m1mxwox6,68wne448,w6jl9o5d,9kvmv4ok,5d742o6d,1
m1mxwox6,68wne448,w6jl9o5d,9kvmv4ok,xd42k4pw,1
m1mxwox6,68wne448,w6jl9o5d,9kvmv4ok,xd0q4m19,1
m1mxwox6,68wne448,w6jl9o5d,9kvmv4ok,rw6om87w,1
m1mxwox6,68wne448,w6jl9o5d,9kvmv4ok,n934mved,1
m1mxwox6,68wne448,w6jl9o5d,9kvmv4ok,z987mylw,1
m1mxwox6,68wne448,w6jl9o5d,9kvmv4ok,rdnzq6vd,1
m1mxwox6,68wne448,w6jl9o5d,9kvmv4ok,ldyg3nzd,1
m1mxwox6,68wne448,w6jl9o5d,9kvmv4ok,gdrxymzd,1
m1mxwox6,68wne448,nd2mkq10,9kvjg7ek,None,9
m1mxwox6,68wne448,w6jl9o5d,9kvmv4ok,4955m139,1
m1mxwox6,68wne448,w6jl9o5d,9kvmv4ok,rdq7nk29,1
m1mxwox6,68wne448,w6jl9o5d,9kvmv4ok,5d742g6d,1
m1mxwox6,68wne448,w6jl9o5d,9kvmv4ok,kwjzv279,1
m1mxwox6,68wne448,w6jl9o5d,9kvmv4ok,owo63rkw,1
m1mxwox6,68wne448,w6jl9o5d,9kvmv4ok,xd124n5w,1
m1mxwox6,68wne448,w6jl9o5d,9kvmv4ok,ewpx8ljd,1
m1mxwox6,68wne448,w6jl9o5d,9kvmv4ok,y9mx2nxw,1
m1mxwox6,68wne448,w6jl9o5d,9kvmv4ok,5wk6q3p9,1
m1mxwox6,68wne448,w6jl9o5d,9kvmv4ok,592q4y39,1
m1mxwox6,68wne448,w6jl9o5d,9kvmv4ok,29v7zql9,1
m1mxwox6,68wne448,w6jl9o5d,9kvmv4ok,29v6nz3w,1
m1mxwox6,68wne448,w6jl9o5d,9kvmv4ok,xd42klrw,1
m1mxwox6,68wne448,w6jl9o5d,9kvmv4ok,xd0q4849,1
m1mxwox6,68wne448,w6jl9o5d,9kvmv4ok,rw6omzgw,1
m1mxwox6,68wne448,w6jl9o5d,9kvmv4ok,n934mrzd,1
m1mxwox6,68wne448,w6jl9o5d,9kvmv4ok,z987mxpw,1
m1mxwox6,68wne448,w6jl9o5d,9kvmv4ok,rdnzqy7d,1
m1mxwox6,68wne448,w6jl9o5d,9kvmv4ok,ldyg3ord,1
m1mxwox6,68wne448,w6jl9o5d,9kvmv4ok,gdrxyzld,1
m1mxwox6,68wne448,w6jl9o5d,9kvmv4ok,nwlo28ew,1
m1mxwox6,68wne448,w6jl9o5d,9kvmv4ok,ywe5qo7w,1
m1mxwox6,68wne448,w6jl9o5d,zd36938d,4955zj49,1
m1mxwox6,68wne448,w6jl9o5d,zd36938d,rdq7o0g9,1
m1mxwox6,68wne448,w6jl9o5d,zd36938d,kwjz6y19,1
m1mxwox6,68wne448,w6jl9o5d,zd36938d,5d74x7ed,1
m1mxwox6,68wne448,w6jl9o5d,zd36938d,owo65k3w,1
m1mxwox6,68wne448,w6jl9o5d,zd36938d,xd12y0yw,1
m1mxwox6,68wne448,w6jl9o5d,zd36938d,ewpxop4d,1
m1mxwox6,68wne448,w6jl9o5d,zd36938d,y9mxge0w,1
m1mxwox6,68wne448,w6jl9o5d,zd36938d,5wk6e2x9,1
m1mxwox6,68wne448,w6jl9o5d,zd36938d,592qrj69,1
m1mxwox6,68wne448,w6jl9o5d,zd36938d,xd42e68w,1
m1mxwox6,68wne448,w6jl9o5d,zd36938d,29v70yx9,1
m1mxwox6,68wne448,w6jl9o5d,zd36938d,xd0qn0j9,1
m1mxwox6,68wne448,w6jl9o5d,zd36938d,rw6ogv6w,1
m1mxwox6,68wne448,w6jl9o5d,zd36938d,n934l0rd,1
m1mxwox6,68wne448,w6jl9o5d,zd36938d,z9875j1w,1
m1mxwox6,68wne448,w6jl9o5d,zd36938d,xd1mzled,1
m1mxwox6,68wne448,w6jl9o5d,zd36938d,ewp32nkd,1
m1mxwox6,68wne448,w6jl9o5d,zd36938d,rdnzx56d,1
m1mxwox6,68wne448,w6jl9o5d,zd36938d,ldygke7d,1
m1mxwox6,68wne448,w6jl9o5d,zd36938d,gdrxoqkd,1
m1mxwox6,68wne448,w6jl9o5d,zd36938d,nwloz7gw,1
m1mxwox6,68wne448,w6jl9o5d,zd36938d,n934lqrd,1
m1mxwox6,68wne448,w6jl9o5d,zd36938d,z9875r1w,1
m1mxwox6,68wne448,w6jl9o5d,zd36938d,rdnzxo6d,1
m1mxwox6,68wne448,w6jl9o5d,zd36938d,gdrxojkd,1
m1mxwox6,68wne448,w6jl9o5d,zd36938d,nwloz6gw,1
m1mxwox6,68wne448,w6jl9o5d,zd36938d,ywe5344w,1
m1mxwox6,68wne448,w6jl9o5d,zd36938d,69z26r49,1
m1mxwox6,68wne448,w6jl9o5d,zd36938d,r9g4nz29,1
m1mxwox6,68wne448,w6jl9o5d,zd36938d,o9x7o27d,1
m1mxwox6,68wne448,w6jl9o5d,zd36938d,o9x7o11d,1
m1mxwox6,68wne448,w6jl9o5d,zd36938d,4955zkj9,1
m1mxwox6,68wne448,w6jl9o5d,zd36938d,rdq7oz19,1
m1mxwox6,68wne448,w6jl9o5d,zd36938d,5d74xyvd,1
m1mxwox6,68wne448,w6jl9o5d,zd36938d,kwjz67z9,1
m1mxwox6,68wne448,w6jl9o5d,zd36938d,owo657yw,1
m1mxwox6,68wne448,w6jl9o5d,zd36938d,xd12yj6w,1
m1mxwox6,68wne448,w6jl9o5d,zd36938d,ewpxo7zd,1
m1mxwox6,68wne448,w6jl9o5d,zd36938d,y9mxg51w,1
m1mxwox6,68wne448,w6jl9o5d,zd36938d,5wk6ekq9,1
m1mxwox6,68wne448,w6jl9o5d,zd36938d,592qr0r9,1
m1mxwox6,68wne448,w6jl9o5d,zd36938d,29v70mn9,1
m1mxwox6,68wne448,w6jl9o5d,zd36938d,xd42e0pw,1
m1mxwox6,68wne448,w6jl9o5d,zd36938d,xd0qnk19,1
m1mxwox6,68wne448,w6jl9o5d,zd36938d,rw6ogq7w,1
m1mxwox6,68wne448,w6jl9o5d,zd36938d,n934lqed,1
m1mxwox6,68wne448,w6jl9o5d,zd36938d,z9875rlw,1
m1mxwox6,68wne448,w6jl9o5d,zd36938d,rdnzxovd,1
m1mxwox6,68wne448,w6jl9o5d,zd36938d,ldygk1zd,1
m1mxwox6,68wne448,w6jl9o5d,zd36938d,rdq7o1g9,1
m1mxwox6,68wne448,w6jl9o5d,zd36938d,gdrxokzd,1
m1mxwox6,68wne448,w6jl9o5d,zd36938d,z98z8r79,1
m1mxwox6,68wne448,w6jl9o5d,zd36938d,rdnlponw,1
m1mxwox6,68wne448,w6jl9o5d,zd36938d,ldy5p1jw,1
m1mxwox6,68wne448,w6jl9o5d,zd36938d,gdr8qp89,1
m1mxwox6,68wne448,w6jl9o5d,zd36938d,nwly7gp9,1
m1mxwox6,68wne448,w6jl9o5d,zd36938d,ywej82qd,1
m1mxwox6,68wne448,w6jl9o5d,zd36938d,69zq4p69,1
m1mxwox6,68wne448,w6jl9o5d,zd36938d,r9gj3yq9,1
m1mxwox6,68wne448,w6jl9o5d,zd36938d,o9xzl16w,1
m1mxwox6,68wne448,w6jl9o5d,zd36938d,495r8k2d,1
m1mxwox6,68wne448,w6jl9o5d,zd36938d,rdq31zmw,1
m1mxwox6,68wne448,w6jl9o5d,zd36938d,5d7e3y5w,1
m1mxwox6,68wne448,w6jl9o5d,zd36938d,kwj8e7r9,1
m1mxwox6,68wne448,w6jl9o5d,zd36938d,owoe27vd,1
m1mxwox6,68wne448,w6jl9o5d,zd36938d,xd135jq9,1
m1mxwox6,68wne448,w6jl9o5d,zd36938d,ewpzq7l9,1
m1mxwox6,68wne448,w6jl9o5d,zd36938d,y9m6645w,1
m1mxwox6,68wne448,w6jl9o5d,zd36938d,5wkxx429,1
m1mxwox6,68wne448,w6jl9o5d,zd36938d,592kkeo9,1
m1mxwox6,68wne448,w6jl9o5d,zd36938d,29v66n3w,1
m1mxwox6,68wne448,w6jl9o5d,zd36938d,xd411g2d,1
m1mxwox6,68wne448,w6jl9o5d,zd36938d,xd0116xw,1
m1mxwox6,68wne448,w6jl9o5d,zd36938d,rw6115r9,1
m1mxwox6,68wne448,w6jl9o5d,zd36938d,n9311znd,1
m1mxwox6,68wne448,w6jl9o5d,zd36938d,z98334gd,1
m1mxwox6,68wne448,w6jl9o5d,zd36938d,rdn774q9,1
m1mxwox6,68wne448,w6jl9o5d,zd36938d,ldyxxlk9,1
m1mxwox6,68wne448,w6jl9o5d,zd36938d,n9311zzd,1
m1mxwox6,68wne448,w6jl9o5d,zd36938d,z98334pd,1
m1mxwox6,68wne448,w6jl9o5d,zd36938d,rdn77479,1
m1mxwox6,68wne448,w6jl9o5d,zd36938d,ldyxxlr9,1
m1mxwox6,68wne448,w6jl9o5d,zd36938d,gdrnn6l9,1
m1mxwox6,68wne448,w6jl9o5d,zd36938d,nwl554ed,1
m1mxwox6,68wne448,w6jl9o5d,zd36938d,nwlozkrw,1
m1mxwox6,68wne448,w6jl9o5d,zd36938d,ywe53zrw,1
m1mxwox6,68wne448,w6jl9o5d,zd36938d,69z26mo9,1
m1mxwox6,68wne448,w6jl9o5d,zd36938d,r9g4nyk9,1
m1mxwox6,68wne448,kdkzgegd,jdrv0v02,None,3
m1mxwox6,68wne448,w6jl9o5d,zd36938d,rw6omp7w,1
m1mxwox6,68wne448,w6jl9o5d,zd36938d,n934m5ed,1
m1mxwox6,68wne448,w6jl9o5d,zd36938d,z987mvlw,1
m1mxwox6,68wne448,w6jl9o5d,zd36938d,rdnzqjvd,1
m1mxwox6,68wne448,w6jl9o5d,zd36938d,ldyg37zd,1
m1mxwox6,68wne448,w6jl9o5d,zd36938d,gdrxy4zd,1
m1mxwox6,68wne448,w6jl9o5d,zd36938d,nwlo2xrw,1
m1mxwox6,68wne448,w6jl9o5d,zd36938d,69z57eg9,1
m1mxwox6,68wne448,w6jl9o5d,zd36938d,rdq7o619,1
m1mxwox6,68wne448,w6jl9o5d,zd36938d,5d74x6vd,1
m1mxwox6,68wne448,w6jl9o5d,zd36938d,kwjz6oz9,1
m1mxwox6,68wne448,w6jl9o5d,zd36938d,owo65gyw,1
m1mxwox6,68wne448,w6jl9o5d,zd36938d,xd12yv6w,1
m1mxwox6,68wne448,w6jl9o5d,zd36938d,ewpxokzd,1
m1mxwox6,68wne448,w6jl9o5d,zd36938d,y9mxgk1w,1
m1mxwox6,68wne448,w6jl9o5d,zd36938d,5wk6egq9,1
m1mxwox6,68wne448,w6jl9o5d,zd36938d,592qrvr9,1
m1mxwox6,68wne448,w6jl9o5d,zd36938d,29v701n9,1
m1mxwox6,68wne448,w6jl9o5d,zd36938d,xd42evpw,1
m1mxwox6,68wne448,w6jl9o5d,zd36938d,xd0qnv19,1
m1mxwox6,68wne448,w6jl9o5d,zd36938d,rw6ogk7w,1
m1mxwox6,68wne448,w6jl9o5d,zd36938d,n934l2ed,1
m1mxwox6,68wne448,w6jl9o5d,zd36938d,z98752lw,1
m1mxwox6,68wne448,w6jl9o5d,zd36938d,rdnzxkvd,1
m1mxwox6,68wne448,w6jl9o5d,zd36938d,ldygk4zd,1
m1mxwox6,68wne448,w6jl9o5d,zd36938d,xd01p14w,1
m1mxwox6,68wne448,yd4vzkde,zd3080nd,None,5
m1mxwox6,68wne448,w6jl9o5d,zd36938d,kwjzvlz9,1
m1mxwox6,68wne448,w6jl9o5d,zd36938d,owo631yw,1
m1mxwox6,68wne448,w6jl9o5d,zd36938d,xd124e6w,1
m1mxwox6,68wne448,w6jl9o5d,zd36938d,ewpx8mzd,1
m1mxwox6,68wne448,w6jl9o5d,zd36938d,y9mx2q1w,1
m1mxwox6,68wne448,w6jl9o5d,zd36938d,5wk6qzq9,1
m1mxwox6,68wne448,w6jl9o5d,zd36938d,592q4gr9,1
m1mxwox6,68wne448,w6jl9o5d,zd36938d,29v7zen9,1
m1mxwox6,68wne448,w6jl9o5d,zd36938d,xd42k7pw,1
m1mxwox6,68wne448,w6jl9o5d,zd36938d,xd0q4r19,1
m1mxwox6,68wne448,9d3r7lgd,w20wjrvd,None,8
m1mxwox6,68wne448,9doqzo1p,z273qw4d,None,18
m1mxwox6,68wne448,w6jl9o5d,zd36938d,ywe5qkrw,1
m1mxwox6,68wne448,w6jl9o5d,zd36938d,69z28oo9,1
m1mxwox6,68wne448,w6jl9o5d,zd36938d,r9g4nkk9,1
m1mxwox6,68wne448,w6jl9o5d,zd36938d,o9x7om1d,1
m1mxwox6,68wne448,w6jl9o5d,zd36938d,4955zvj9,1
m1mxwox6,68wne448,w6jl9o5d,zd36938d,ldygk17d,1
m1mxwox6,68wne448,w6jl9o5d,zd36938d,rw6og46w,1
m1mxwox6,68wne448,w6jl9o5d,zd36938d,n934l7rd,1
m1mxwox6,68wne448,w6jl9o5d,zd36938d,69z26nx9,1
m1mxwox6,68wne448,w6jl9o5d,zd36938d,r9g4n1j9,1
m1mxwox6,68wne448,w6jl9o5d,zd36938d,o9x7o33d,1
m1mxwox6,68wne448,w6jl9o5d,zd36938d,rw6om87w,1
m1mxwox6,68wne448,w6jl9o5d,zd36938d,n934mved,1
m1mxwox6,68wne448,w6jl9o5d,zd36938d,z987mylw,1
m1mxwox6,68wne448,w6jl9o5d,zd36938d,rdnzq6vd,1
m1mxwox6,68wne448,w6jl9o5d,zd36938d,ldyg3nzd,1
m1mxwox6,68wne448,w6jl9o5d,zd36938d,gdrxymzd,1
m1mxwox6,68wne448,w6jl9o5d,zd36938d,nwlo2qrw,1
m1mxwox6,68wne448,w6jl9o5d,zd36938d,ywe5qrrw,1
m1mxwox6,68wne448,w6jl9o5d,zd36938d,69z28yo9,1
m1mxwox6,68wne448,w6jl9o5d,zd36938d,r9g470k9,1
m1mxwox6,68wne448,w6jl9o5d,zd36938d,o9x7x51d,1
m1mxwox6,68wne448,w6jl9o5d,zd36938d,4955moj9,1
m1mxwox6,68wne448,w6jl9o5d,zd36938d,rdq7n219,1
m1mxwox6,68wne448,w6jl9o5d,zd36938d,5d742kvd,1
m1mxwox6,68wne448,w6jl9o5d,zd36938d,4955m139,1
m1mxwox6,68wne448,w6jl9o5d,zd36938d,rdq7nk29,1
m1mxwox6,68wne448,w6jl9o5d,zd36938d,kwjzv279,1
m1mxwox6,68wne448,w6jl9o5d,zd36938d,owo63rkw,1
m1mxwox6,68wne448,w6jl9o5d,zd36938d,xd124n5w,1
m1mxwox6,68wne448,w6jl9o5d,zd36938d,ewpx8ljd,1
m1mxwox6,68wne448,w6jl9o5d,zd36938d,y9mx2nxw,1
m1mxwox6,68wne448,w6jl9o5d,zd36938d,5wk6q3p9,1
m1mxwox6,68wne448,w6jl9o5d,zd36938d,592q4y39,1
m1mxwox6,68wne448,w6jl9o5d,zd36938d,29v7zql9,1
m1mxwox6,68wne448,w6jl9o5d,zd36938d,29v6nz3w,1
m1mxwox6,68wne448,w6jl9o5d,zd36938d,xd42klrw,1
m1mxwox6,68wne448,w6jl9o5d,zd36938d,xd0q4849,1
m1mxwox6,68wne448,w6jl9o5d,zd36938d,rw6omzgw,1
m1mxwox6,68wne448,w6jl9o5d,zd36938d,n934mrzd,1
m1mxwox6,68wne448,w6jl9o5d,zd36938d,z987mxpw,1
m1mxwox6,68wne448,w6jl3p4d,n2ygz9e2,xd16v0e9,1
m1mxwox6,68wne448,w6jl3p4d,n2ygz9e2,rdqg61k9,1
m1mxwox6,68wne448,w6jl3p4d,n2ygz9e2,kwj3oynd,1
m1mxwox6,68wne448,w6jl3p4d,n2ygz9e2,5923vood,1
m1mxwox6,68wne448,w6jl3p4d,n2ygz9e2,o9xkml0w,1
m1mxwox6,68wne448,w6jl3p4d,n2ygz9e2,xd4nvj2w,1
m1mxwox6,68wne448,w6jl3p4d,n2ygz9e2,owolg2ow,1
m1mxwox6,68wne448,w6jl3p4d,n2ygz9e2,ywenz1yw,1
m1mxwox6,68wne448,w6jl3p4d,n2ygz9e2,rdnrk0qw,1
m1mxwox6,68wne448,w6jl3p4d,n2ygz9e2,rw6rk4rw,1
m1mxwox6,68wne448,w6jl3p4d,n2ygz9e2,29vj1k39,1
m1mxwox6,68wne448,o6glm28d,rkl35jqk,None,3
m1mxwox6,68wne448,w6jl9o5d,zd36938d,5d742g6d,1
m1mxwox6,68wne448,w6jl9o5d,zd36938d,rdnzqy7d,1
m1mxwox6,68wne448,w6jl9o5d,zd36938d,ldyg3ord,1
m1mxwox6,68wne448,w6jl9o5d,zd36938d,gdrxyzld,1
m1mxwox6,68wne448,w6jl9o5d,zd36938d,nwlo28ew,1
m1mxwox6,68wne448,w6jl9o5d,zd36938d,ywe5qo7w,1
m1mxwox6,68wne448,w6jl9o5d,zd36938d,69z281g9,1
m1mxwox6,68wne448,w6jl9o5d,zd36938d,r9g47pp9,1
m1mxwox6,68wne448,w6jl9o5d,zd36938d,o9x7xjpd,1
m1mxwox6,68wne448,w6jl9o5d,zd36938d,4955me39,1
m1mxwox6,68wne448,w6jl9o5d,zd36938d,rdq7ne29,1
m1mxwox6,68wne448,w6jl9o5d,zd36938d,5d742o6d,1
m1mxwox6,68wne448,w6jl9o5d,zd36938d,nwl54mrd,1
m1mxwox6,68wne448,w6jl9o5d,zd36938d,xd42k4pw,1
m1mxwox6,68wne448,w6jl9o5d,zd36938d,xd0q4m19,1
m1mxwox6,68wne448,369p2wg1,rklvlwwd,None,4
m1mxwox6,68wne448,pdv29or6,zd3jylv2,None,2
m1mxwox6,68wne448,kdkzpkld,wdm55l52,None,1
m1mxwox6,68wne448,o6grood2,9d84orwk,59281or9,2
m1mxwox6,68wne448,o6grood2,n2yelq7k,None,12
m1mxwox6,68wne448,o6glm28d,rkl35jqk,None,1
m1mxwox6,68wne448,46we476r,vdoo9q9d,None,5
m1mxwox6,68wne448,46we476r,n2yom9md,xd4y4ypd,1
m1mxwox6,68wne448,3698y73d,9kv8yled,None,1
m1mxwox6,68wne448,3698y73d,9d8ygnqk,n931g0zd,1
m1mxwox6,68wne448,3698y73d,xd1j7q8d,z9838jpd,1
m1mxwox6,68wne448,3698y73d,zd3j7rn2,rdn7p579,1
m1mxwox6,68wne448,3698y73d,9kv8yl0d,ldyxper9,1
m1mxwox6,68wne448,3698y73d,rkl5jmw2,gdrnqjl9,1
m1mxwox6,68wne448,3698y73d,ndx31ljd,nwl576ed,1
m1mxwox6,68wne448,v1pz07d8,ndxmxpv2,None,1
m1mxwox6,68wne448,v1pz07d8,xk9r9e6k,xd13k869,1
m1mxwox6,68wne448,yd4komg6,q25xxwgk,None,5
m1mxwox6,68wne448,9do4976p,zdnweyxd,None,4
m1mxwox6,68wne448,3dx8xv1y,wdmw6wx2,None,2
m1mxwox6,68wne448,j1ng9l6p,xd1z4z28,None,1
m1mxwox6,68wne448,m1zk3qz1,wk6wo7x2,None,1
m1mxwox6,68wne448,ldejz9l1,jdrr9q5d,None,2
m1mxwox6,68wne448,j1nep8l1,mkexye9d,None,2
m1mxwox6,68wne448,369e7gdl,7dg8pox2,None,4
m1mxwox6,68wne448,w6jlj35d,rklvzvwd,None,1
m1mxwox6,68wne448,w6jlj35d,rklvzvwd,None,1
m1mxwox6,68wne448,369pog21,xk9noxx2,None,1
m1mxwox6,68wne448,369pog21,xk9noxx2,None,2
m1mxwox6,68wne448,v1p77z18,z27w9zok,None,1
m1mxwox6,68wne448,m1mzgjd2,zdnnoled,rdqy7519,2
m1mxwox6,68wne448,pdvre41w,5dw677l2,n93l41r9,2
m1mxwox6,68wne448,9d3ek91l,vdo1pxy2,y9mv2195,1
m1mxwox6,68wne448,9d3ek91l,vdo1pxy2,5wkvqqd4,1
m1mxwox6,68wne448,9d3ek91l,vdo1pxy2,592l17d6,1
m1mxwox6,68wne448,9d3ek91l,vdo1pxy2,kwjkk09g,1
m1mxwox6,68wne448,9d3ek91l,vdo1pxy2,n93enew0,1
m1mxwox6,68wne448,9d3ek91l,vdo1pxy2,owommj96,1
m1mxwox6,68wne448,9d3ek91l,vdo1pxy2,z98qzl9l,1
m1mxwox6,68wne448,9d3ek91l,vdo1pxy2,29vxvqwv,1
m1mxwox6,68wne448,9d3ek91l,vdo1pxy2,xd1zzzwo,1
m1mxwox6,68wne448,3dx8xv1y,xd11w17d,gdrrxyzd,1
m1mxwox6,68wne448,3dx8xv1y,7dggy9gd,None,1
m1mxwox6,68wne448,3dx8xv1y,7dggy9gd,None,1
m1mxwox6,68wne448,v1p77z18,z27w9zok,None,1
m1mxwox6,68wne448,pd0revde,wdm58l32,None,1
m1mxwox6,68wne448,268ejny6,7dg6zygk,None,1
m1mxwox6,68wne448,j1nzk91p,824m8yn2,None,2
m1mxwox6,68wne448,k6qw9q06,9kv8om8d,None,2
m1mxwox6,68wne448,76ropq68,jdz5rj3d,None,5
m1mxwox6,68wne448,j1lj2zdg,ndx33nvd,None,1
m1mxwox6,68wne448,76r39ge6,02q4llpd,None,3
m1mxwox6,68wne448,pdv2g5o6,xd1j79rd,n9317x2d,2
m1mxwox6,68wne448,pdv2g5o6,7dgm4g7d,None,6
m1mxwox6,68wne448,j1lq7ov6,rkl5jjn2,None,1
m1mxwox6,68wne448,j1lq7ov6,9kv8yy8d,None,1
m1mxwox6,68wne448,4d79oel1,02q38ppk,None,2
m1mxwox6,68wne448,w6jl3p4d,mkeqen8k,None,2
m1mxwox6,68wne448,v1pq47d8,q254x68d,None,1
m1mxwox6,68wne448,pd0revde,wdm58l32,None,1
m1mxwox6,68wne448,pd0revde,wdm58l32,None,1
m1mxwox6,68wne448,kdkmvjx1,7kjgq5nk,None,2
m1mxwox6,68wne448,j1npny6p,xk9nmz62,rdqlrp2w,6
m1mxwox6,68wne448,j1npny6p,xk9nmz62,4954g33w,6
m1mxwox6,68wne448,j1npny6p,xk9nmz62,r9gx5epw,6
m1mxwox6,68wne448,j1npny6p,xk9nmz62,o9x4q8pd,25
m1mxwox6,68wne448,j1npny6p,xd15v828,None,13
m1mxwox6,68wne448,k6q8vz6g,vdo0y7yd,None,3
m1mxwox6,68wne448,o1y5eodq,jdzwpw6d,None,3
m1mxwox6,68wne448,3dx8pv1y,n2yq1p7k,None,4
m1mxwox6,68wne448,3dx8pv1y,n2yq1p7k,None,5
m1mxwox6,68wne448,3dx8pv1y,wk60y0rk,ywe0mzq9,1
m1mxwox6,68wne448,3dx8pv1y,xk9p60vd,69z7nm6w,2
m1mxwox6,68wne448,3dx28n41,7dg4zq7d,None,1
m1mxwox6,68wne448,3dx28n41,7dg4zq7d,None,3
m1mxwox6,68wne448,nd287jrd,ndx3jyrd,None,1
m1mxwox6,68wne448,w6j7g376,n2ye89ek,None,1
m1mxwox6,68wne448,w6j7g376,wk60zeek,None,1
m1mxwox6,68wne448,m1mnxv3d,rkl9r98k,None,1
m1mxwox6,68wne448,nd2r9v60,ndxmzvj2,None,3
m1mxwox6,68wne448,w6j7g376,5dw9r6g2,None,1
m1mxwox6,68wne448,9d3eze1l,n2ywz7ko,None,4
m1mxwox6,68wne448,lde87jd3,xd1e7472,None,2
m1mxwox6,68wne448,m1zkkj01,5dw9x5n2,None,5
m1mxwox6,68wne448,kdkzxwld,9kvqmm8d,None,2
m1mxwox6,68wne448,k6qwppm6,9kvqv3od,None,2
m1mxwox6,68wne448,k6qwppm6,9kvqv3od,None,3
m1mxwox6,68wne448,k6qwppm6,9kvqv3od,None,2
m1mxwox6,68wne448,9down4o1,zd38x7yk,None,7
m1mxwox6,68wne448,268e9q76,02qon97k,None,5
m1mxwox6,68wne448,kdkzqlgd,wkpo4o82,None,2
m1mxwox6,68wne448,lde87jd3,wkpqlj8d,None,5
m1mxwox6,68wne448,lde87jd3,7dg5e8l2,None,3
m1mxwox6,68wne448,46wwx76r,w20pqm8k,None,2
m1mxwox6,68wne448,o6g84o12,vdo05gyd,None,1
m1mxwox6,68wne448,268e2xy6,wkpm3q0k,None,1
m1mxwox6,68wne448,268e2xy6,wkpm3q0k,None,1
m1mxwox6,68wne448,pdvk446w,xk9xggyk,None,1
m1mxwox6,68wne448,pdvk446w,xk9xggyk,None,2
m1mxwox6,68wne448,pdvk446w,xk9xggyk,None,2
m1mxwox6,68wne448,o1yn4vdq,mkeoxyxd,None,7
m1mxwox6,68wne448,o1yn4vdq,jdzex16d,None,3
m1mxwox6,68wne448,yd4oklk1,mker5xnd,None,3
m1mxwox6,68wne448,yd4oklk1,jdrn55xk,None,1
m1mxwox6,68wne448,yd4oklk1,jdrn55xk,None,1
m1mxwox6,68wne448,yd4oklk1,jdrn55xk,None,1
m1mxwox6,68wne448,268e2xy6,jdrelq0k,None,2
m1mxwox6,68wne448,v1pxxj76,jdzeoz6d,None,1
m1mxwox6,68wne448,yd4zw56e,zd30y3ed,None,2
m1mxwox6,68wne448,y65qn46e,xd1rmyzk,None,1
m1mxwox6,68wne448,j1negjx1,jdzvnxvk,None,1
m1mxwox6,68wne448,j1negjx1,jdzvnxvk,None,1
m1mxwox6,68wne448,kdkzxwld,9kvqmm8d,None,2
m1mxwox6,68wne448,m1zjjv26,jdz89yrd,None,1
m1mxwox6,68wne448,kdkzxwld,9kvqmm8d,None,2
m1mxwox6,68wne448,m1zjjv26,jdz89yrd,None,2
m1mxwox6,68wne448,9do393dp,wdmzqye2,None,5
m1mxwox6,68wne448,y65qn46e,jdrqp5nk,None,4
m1mxwox6,68wne448,y65qn46e,jdrqp5nk,None,3
m1mxwox6,68wne448,j1nnl91p,jdron75d,None,2
m1mxwox6,68wne448,j1nnl91p,jdz6nvg2,None,1
m1mxwox6,68wne448,m1znxz10,rklq4ow2,None,5
m1mxwox6,68wne448,9d33vgdl,7dg7w7d4,None,7
m1mxwox6,68wne448,o6gj0962,z27olwgd,None,3
m1mxwox6,68wne448,3dx2g8p1,rkl375wk,None,4
m1mxwox6,68wne448,x369481l,zd3y86y2,None,8
m1mxwox6,68wne448,268e2xy6,jdrelq0k,None,3
m1mxwox6,68wne448,lde3nml6,9d8x07l2,None,2
m1mxwox6,68wne448,lde3nml6,xd1ln6wk,None,1
m1mxwox6,68wne448,w6jl9o5d,wkp191gk,None,1
m1mxwox6,68wne448,lde3e8x6,mke9w9xd,ldy5ozjw,1
m1mxwox6,68wne448,w6jylx6j,wdmx1vxk,gdr1pk6w,1
m1mxwox6,68wne448,w6jylx6j,wdmx1vxk,z98gr27w,1
m1mxwox6,68wne448,w6jylx6j,wdmx1vxk,rdn2oknd,1
m1mxwox6,68wne448,w6jylx6j,wdmx1vxk,nwlpgk09,1
m1mxwox6,68wne448,w6jylx6j,wdmx1vxk,n93yq27d,1
m1mxwox6,68wne448,4d79jwg1,mke4jr62,None,2
m1mxwox6,68wne448,3698zmgd,jdze753d,None,2
m1mxwox6,68wne448,nd28k3rd,zdnn1zxd,None,2
m1mxwox6,68wne448,o1y99zr6,n2y5o7mk,None,2
m1mxwox6,68wne448,pd0qxyw1,n2ye3v1k,None,1
m1mxwox6,68wne448,76rx8m46,mkelp6nd,None,1
m1mxwox6,68wne448,y65koe6e,xk90mxvk,None,3
m1mxwox6,68wne448,3698pl2d,wk60r0qk,None,1
m1mxwox6,68wne448,m1mzgjd2,wkpo3o02,None,1
m1mxwox6,68wne448,3698pl2d,wk60r0qk,None,2
m1mxwox6,68wne448,3698pl2d,wk60r0qk,None,2
m1mxwox6,68wne448,yd4zw56e,z27mjy02,xd1p246d,1
m1mxwox6,68wne448,v1pol846,xk9g7qyd,None,2
m1mxwox6,68wne448,9d3qy91l,n2yqwwmk,None,2
m1mxwox6,68wne448,3dx2vv51,z27l9jgd,None,3
m1mxwox6,68wne448,yd43mp1e,xk90z34k,None,1
m1mxwox6,68wne448,yd43mp1e,7kjv0mnk,None,2
m1mxwox6,68wne448,yd4zw56e,z27g7j42,None,5
m1mxwox6,68wne448,369p0k21,5dwgqw0k,None,4
m1mxwox6,68wne448,3698pl2d,xk9p5p4d,None,2
m1mxwox6,68wne448,yd4zw56e,jdzere3d,owo863yd,2
m1mxwox6,68wne448,3698pl2d,xk9p5p4d,None,2
m1mxwox6,68wne448,3698pl2d,xk9p5p4d,None,9
m1mxwox6,68wne448,m1mzgjd2,n2yq1z7k,None,8
m1mxwox6,68wne448,9d3xkedl,n2yn0y8k,None,1
m1mxwox6,68wne448,9d3xkedl,n2yn0y8k,None,1
m1mxwox6,68wne448,9d3xkedl,n2yn0y8k,None,2
m1mxwox6,68wne448,9d3xkedl,n2yn0y8k,None,2
m1mxwox6,68wne448,m1z5l010,02q8vrj2,None,2
m1mxwox6,68wne448,j1l7kedg,9kvx31o2,None,1
m1mxwox6,68wne448,pd05m01e,z270nzd0,None,5
m1mxwox6,68wne448,3dxmov6y,q258rmg2,None,1
m1mxwox6,68wne448,76r4wl18,rklxxeqk,None,1
m1mxwox6,68wne448,w6jylx6j,wdmx1vxk,592nvgg9,1
m1mxwox6,68wne448,w6jylx6j,wdmx1vxk,29v5m11d,1
m1mxwox6,68wne448,v1pxmy86,02q9om9k,None,2
m1mxwox6,68wne448,o1y9lzr6,z27409z2,None,1
m1mxwox6,68wne448,76rxmrl6,w2030ov2,None,1
m1mxwox6,68wne448,o1y9k8v6,wkp3yqw2,None,2
m1mxwox6,68wne448,m1z5l010,02q8vrj2,None,3
m1mxwox6,68wne448,m1z5l010,02q8vrj2,None,2
m1mxwox6,68wne448,76rmmv18,9d8j5rlk,None,1
m1mxwox6,68wne448,o1y9lzr6,xk9eo962,None,1
m1mxwox6,68wne448,o6ggg862,rklgz3wd,None,1
m1mxwox6,68wne448,76rmmv18,9d8j5rlk,None,1
m1mxwox6,68wne448,76rxmrl6,ndx4yq12,None,1
m1mxwox6,68wne448,v1po2z86,w20xr982,None,1
m1mxwox6,68wne448,4d78gg67,xd1mje8d,None,3
m1mxwox6,68wne448,4d78gg67,xd1mje8d,None,4
m1mxwox6,68wne448,4d78gg67,xd1mje8d,None,2
m1mxwox6,68wne448,o6gmon62,n2y9nz1d,None,2
m1mxwox6,68wne448,3dx2g8p1,vdoxreyd,None,3
m1mxwox6,68wne448,v1po2z86,wkp085v2,None,4
m1mxwox6,68wne448,j1l7kedg,9kvx31o2,None,3
m1mxwox6,68wne448,pd05m01e,z270nzd0,None,4
m1mxwox6,68wne448,76r4wl18,rklxxeqk,None,6
m1mxwox6,68wne448,3dxmov6y,q258rmg2,None,4
m1mxwox6,68wne448,4d78gg67,9kvx8m02,None,2
m1mxwox6,68wne448,4d78gg67,9kvx8m02,None,3
m1mxwox6,68wne448,pdvz30o6,mkez5ynk,None,3
m1mxwox6,68wne448,76r4wl18,mke45j26,None,9
m1mxwox6,68wne448,o6g84o12,wkpj5egk,None,1
m1mxwox6,68wne448,46wwx76r,zd3vznr2,None,1
m1mxwox6,68wne448,4d79qor1,wk6vz3ed,None,3
m1mxwox6,68wne448,pd0jj36e,02q8e592,None,1
m1mxwox6,68wne448,9d3eze1l,7kjxw323,None,12
m1mxwox6,68wne448,j1lvvjdg,z2779452,None,1
m1mxwox6,68wne448,36984ldl,5dw4m0kg,None,1
m1mxwox6,68wne448,v1pojnm6,7kjq31nd,None,1
m1mxwox6,68wne448,o1y92lk6,xk980o62,None,4
m1mxwox6,68wne448,nd2qpvd0,5dwyvp0k,None,3
m1mxwox6,68wne448,o6gk8o12,n2yj7r82,None,9
m1mxwox6,68wne448,v1pon8m6,xk9e6w42,None,1
m1mxwox6,68wne448,m1zjn306,xd1736rd,None,6
m1mxwox6,68wne448,v1pojop6,wk6ojvxk,None,2
m1mxwox6,68wne448,pdv294v6,mkexjj6d,None,7
m1mxwox6,68wne448,pd0wpn21,5dw740gk,None,2
m1mxwox6,68wne448,m1zj7j36,jdz930x2,None,4
m1mxwox6,68wne448,76rxo946,n2y7oe82,None,3
m1mxwox6,68wne448,m1zjn306,02qp3jyd,None,4
m1mxwox6,68wne448,9d3rj90d,7kj6vg32,None,4
m1mxwox6,68wne448,3dxrr5dy,wkpm1r8k,None,8
m1mxwox6,68wne448,76rz75d8,02qp97pd,None,2
m1mxwox6,68wne448,j1nepel1,jdrx3vld,None,2
m1mxwox6,68wne448,k6q482xd,q253mowk,None,2
m1mxwox6,68wne448,y65jo3de,ndx79rv2,None,5
m1mxwox6,68wne448,v1poy946,7dg440pd,None,3
m1mxwox6,68wne448,k6q489xd,vdom8g92,None,3
m1mxwox6,68wne448,j1nnl91p,z277yyz2,None,1
m1mxwox6,68wne448,9dow9q71,xd1gyy7d,None,3
m1mxwox6,68wne448,3dx2pwp1,ndx9xx5d,None,2
m1mxwox6,68wne448,yd49zp1e,q25m74yd,None,2
m1mxwox6,68wne448,v1pogy76,xk9rj4xk,None,5
m1mxwox6,68wne448,yd4oq451,jdrv5xl2,None,2
m1mxwox6,68wne448,o6g3jnd2,9d8lw672,None,2
m1mxwox6,68wne448,lde385l6,7dg0xpgk,None,2
m1mxwox6,68wne448,ldepgl13,wkpqopvd,None,4
m1mxwox6,68wne448,9dowy931,wdmlwr3k,None,7
m1mxwox6,68wne448,pd0pp36e,02q3z3zk,None,4
m1mxwox6,68wne448,pdvz30o6,jdrvqwn2,None,4
m1mxwox6,68wne448,v1po8476,wk681jq2,None,3
m1mxwox6,68wne448,v1po8476,n2ygj1z2,None,2
m1mxwox6,68wne448,36984ldl,mke90nd6,None,6
m1mxwox6,68wne448,yd4v5gde,rklxvznk,None,12
m1mxwox6,68wne448,o6gk8o12,n2yj7r82,None,3
m1mxwox6,68wne448,v1poop76,jdz791xk,None,1
m1mxwox6,68wne448,v1po49z6,824j6nn2,None,2
m1mxwox6,68wne448,kdk90l6m,xd1mwn4d,None,4
m1mxwox6,68wne448,kdk90l6m,rklnzm82,owonj4kd,2
m1mxwox6,68wne448,3dx2xgp1,q25g9qwd,None,2
m1mxwox6,68wne448,3dx2xgp1,wk6n4mo2,None,2
m1mxwox6,68wne448,j1newve1,wdm66e4k,None,2
m1mxwox6,68wne448,pd0wkw01,n2ygpg72,29vzx01d,4
m1mxwox6,68wne448,pd0wkw01,n2ygpg72,xd4kze0w,3
m1mxwox6,68wne448,pd0wkw01,n2ygpg72,xd04yn0w,3
m1mxwox6,68wne448,pd0wkw01,n2ygpg72,n93mel7d,3
m1mxwox6,68wne448,lde0ox63,rkllj7wk,None,1
m1mxwox6,68wne448,nd2g0e10,z27jro20,None,3
m1mxwox6,68wne448,y65je8de,wdmll3ek,None,5
m1mxwox6,68wne448,kdk9826m,7dggymxd,None,15
m1mxwox6,68wne448,46wjw7dr,9d8y87kn,None,4
m1mxwox6,68wne448,268jg5dp,ndx8l7ok,None,8
m1mxwox6,68wne448,lde0ox63,9d8j95qk,None,1
m1mxwox6,68wne448,lde0ox63,9d8j95qk,None,1
m1mxwox6,68wne448,lde0ox63,9d8j95qk,None,1
m1mxwox6,68wne448,lde0ox63,rkllj7wk,None,4
m1mxwox6,68wne448,lde0ox63,9d8j95qk,None,6
m1mxwox6,68wne448,lde0ox63,824m4q32,None,1
m1mxwox6,68wne448,lde0ox63,824m4q32,None,1
m1mxwox6,68wne448,lde0ox63,824m4q32,None,1
m1mxwox6,68wne448,lde0ox63,824m4q32,None,2
m1mxwox6,68wne448,lde0ox63,02q8zez2,None,1
m1mxwox6,68wne448,lde0ox63,02q8zez2,None,1
m1mxwox6,68wne448,lde0ox63,02q8zez2,None,1
m1mxwox6,68wne448,lde0ox63,02q8zez2,None,6
m1mxwox6,68wne448,m1mxgxp6,9d8437qk,None,2
m1mxwox6,68wne448,m1mxgxp6,7dgn6z42,None,2
m1mxwox6,68wne448,m1mxgxp6,02q3vqzk,None,2
m1mxwox6,68wne448,m1mxgxp6,q25ggywd,None,2
m1mxwox6,68wne448,m1mxgxp6,xd1gv68d,None,3
m1mxwox6,68wne448,m1mxgxp6,824ggw32,None,3
m1mxwox6,68wne448,m1mxgxp6,zd3wxpnk,None,2
m1mxwox6,68wne448,m1mxgxp6,q25gm0wd,None,3
m1mxwox6,68wne448,m1mxgxp6,wk6n8me2,None,3
m1mxwox6,68wne448,m1mxgxp6,jdrvlg02,None,3
m1mxwox6,68wne448,m1mxgxp6,7dgn0672,None,2
m1mxwox6,68wne448,m1mxgxp6,jdrvvz02,None,2
m1mxwox6,68wne448,m1mxgxp6,wkp103gk,None,3
m1mxwox6,68wne448,m1mxgxp6,mke9l48d,None,2
m1mxwox6,68wne448,nd2lj360,z2736vgd,None,2
m1mxwox6,68wne448,nd2lj360,7kjzp9xd,None,2
m1mxwox6,68wne448,nd2lj360,xk9jg5yd,None,2
m1mxwox6,68wne448,m1mxgxp6,zdn00672,None,2
m1mxwox6,68wne448,m1mxgxp6,5dw4g0gk,None,3
m1mxwox6,68wne448,m1mxgxp6,jdz99yx2,None,3
m1mxwox6,68wne448,m1mxgxp6,jdz9wqx2,None,3
m1mxwox6,68wne448,m1mxgxp6,wkp13pvk,None,2
m1mxwox6,68wne448,m1mxgxp6,zdn08m72,None,3
m1mxwox6,68wne448,m1mxgxp6,w20g30zk,None,2
m1mxwox6,68wne448,m1mxgxp6,824g0y32,None,2
m1mxwox6,68wne448,w6j5zx1j,jdrpz402,None,1
m1mxwox6,68wne448,369pve01,q253q0vk,None,7
m1mxwox6,68wne448,kdkzvmld,n2y5pv7k,None,49
m1mxwox6,68wne448,kdkzvmld,xk9gowvd,None,23
m1mxwox6,68wne448,j1ner0y1,rkll0onk,None,10
m1mxwox6,68wne448,k6q4exdg,xd13z18k,None,16
m1mxwox6,68wne448,m1mzxkd2,wkpjpwjk,None,18
m1mxwox6,68wne448,lde3ee63,7dggqo4d,None,60
m1mxwox6,68wne448,369pm5g1,w20g41jk,None,2
m1mxwox6,68wne448,j1nn3l1p,9d8o8562,None,4
m1mxwox6,68wne448,pdvzj2v6,mker569d,None,2
m1mxwox6,68wne448,nd2er83d,jdzv5n6k,None,2
m1mxwox6,68wne448,y657v8de,w201m3zk,None,9
m1mxwox6,68wne448,o6gl3kxd,mker5m9d,None,4
m1mxwox6,68wne448,3dx87v1y,9kvpmojk,nwlrjgwv,3
m1mxwox6,68wne448,3dx3zydy,zdnw0q7d,z98rje7d,2
m1mxwox6,68wne448,3dxqxv1y,jdzve8xk,None,8
m1mxwox6,68wne448,k6q4exdg,xd13z18k,None,30
m1mxwox6,68wne448,76rxy2e6,mkeqz96k,None,1
m1mxwox6,68wne448,lde3ee63,7dggqo4d,None,66
m1mxwox6,68wne448,lde3ee63,7dggqo4d,None,58
m1mxwox6,68wne448,m1mzxkd2,vdo06e6d,None,23
m1mxwox6,68wne448,v1poe3p6,xd1lg08k,None,4
m1mxwox6,68wne448,76rxy2e6,7dg4rnpd,None,1
m1mxwox6,68wne448,nd2e59vd,5dw754lk,None,1
m1mxwox6,68wne448,nd2ej0qd,z271gw42,None,4
m1mxwox6,68wne448,4d75kz67,jdreewlk,None,15
m1mxwox6,68wne448,268w7jy6,wkpepyjd,None,4
m1mxwox6,68wne448,9donnk1p,5dwyx00k,None,9
m1mxwox6,68wne448,m1mxp8j6,jdrl40gd,None,1
m1mxwox6,68wne448,kdkzo2ld,7kj3zeg2,None,1
m1mxwox6,68wne448,kdkzo2ld,zdn0rj72,None,1
m1mxwox6,68wne448,m1mxp8j6,jdrl40gd,None,2
m1mxwox6,68wne448,y65w506e,jdz5gjgd,None,9
m1mxwox6,68wne448,9dowgm31,wkp300w2,None,2
m1mxwox6,68wne448,9do03edp,q25850g2,None,1
m1mxwox6,68wne448,9do03edp,824mqyn2,None,1
m1mxwox6,68wne448,4d7z0l67,xk9zrg20,None,4
m1mxwox6,68wne448,nd29z360,zd301lvd,None,2
m1mxwox6,68wne448,pdvzzk6w,wdmvx4dq,ldygqjd3,3
m1mxwox6,68wne448,pdvzzk6w,wdmvx4dq,z987p7wl,3
m1mxwox6,68wne448,pdvzzk6w,wdmvx4dq,rw6o2nw7,3
m1mxwox6,68wne448,pdvzzk6w,wdmvx4dq,xd0qp09q,2
m1mxwox6,68wne448,pdvzzk6w,wdmvx4dq,29v7g19v,2
m1mxwox6,68wne448,pdvzzk6w,wdmvx4dq,xd42p0wm,2
m1mxwox6,68wne448,pdvzzk6w,wdmvx4dq,592qeg96,3
m1mxwox6,68wne448,pdvzzk6w,wdmvx4dq,y9mx4lw5,2
m1mxwox6,68wne448,pdvzzk6w,wdmvx4dq,5wk64594,3
m1mxwox6,68wne448,k6qv5xdg,7kjz4q3d,ywe8o4yw,5
m1mxwox6,68wne448,k6qv5xdg,7kjz4q3d,o9xlj209,6
m1mxwox6,68wne448,k6qv5xdg,7kjz4q3d,rw6nznrd,5
m1mxwox6,68wne448,9doxy3dp,jdzp09rk,r9g3p2pw,8
m1mxwox6,68wne448,2689v51p,wk61werd,592olqrd,5
m1mxwox6,68wne448,k6q4e0od,zdnlpze2,None,1
m1mxwox6,68wne448,k6q4ox9d,z2717n02,None,3
m1mxwox6,68wne448,m1mxq9j6,9kv9x102,None,2
m1mxwox6,68wne448,m1mxwqj6,wk6vezod,None,2
m1mxwox6,68wne448,76rr2l68,n2y79r82,None,3
m1mxwox6,68wne448,pdvook1w,zdn887xd,None,2
m1mxwox6,68wne448,ldee05d3,ndx8pvok,None,3
m1mxwox6,68wne448,v1p54zd8,ndxpj852,rdnpoq79,6
m1mxwox6,68wne448,v1p54zd8,ndxpj852,ldyp13rd,8
m1mxwox6,68wne448,k6q4e00d,02qmwrjd,y9mgolx9,3
m1mxwox6,68wne448,k6q4e00d,02qmwrjd,5wke7ypw,3
m1mxwox6,68wne448,k6q4e00d,02qmwrjd,592r7x3d,2
m1mxwox6,68wne448,369p4w81,zd3xp38d,None,1
m1mxwox6,68wne448,nd20ov60,jdro1j5d,None,1
m1mxwox6,68wne448,w6jlexed,9kvy8z3k,None,5
m1mxwox6,68wne448,w6jlexed,rklj5y8d,None,4
m1mxwox6,68wne448,268emo96,rkllvwqk,None,5
m1mxwox6,68wne448,369p4w81,jdrvp1g2,None,8
m1mxwox6,68wne448,9doweo71,zd3w3wek,None,2
m1mxwox6,68wne448,m1mxpep6,vdo130y2,None,2
m1mxwox6,68wne448,46wnl36r,z2793j0d,None,10
m1mxwox6,68wne448,v1pqemd8,zd3yxzv2,None,7
m1mxwox6,68wne448,w6j3w7dj,zd3xo88d,None,1
m1mxwox6,68wne448,w6j3w7dj,5dwjpm5k,None,1
m1mxwox6,68wne448,76rvll18,zdnq9xxd,None,6
m1mxwox6,68wne448,yd45w56e,9kvp88jk,None,9
m1mxwox6,68wne448,4d79k7l1,7kjpqj3k,None,2
m1mxwox6,68wne448,o1y93526,8246zygd,None,3
m1mxwox6,68wne448,o1y93526,8246zygd,None,5
m1mxwox6,68wne448,o6glzy9d,mkezjq8k,None,4
m1mxwox6,68wne448,268zok6p,wk69gok1,None,61
m1mxwox6,68wne448,36950ldl,wk6jrqqd,None,3
m1mxwox6,68wne448,nd2pl310,mkezelnk,None,5
m1mxwox6,68wne448,pdvre41w,wk69rpk1,None,17
m1mxwox6,68wne448,m1mj3x12,jdz3vn32,None,5
m1mxwox6,68wne448,kdk2wedm,xd1rx87k,None,1
m1mxwox6,68wne448,kdkzk0xd,rklv3gwd,None,7
m1mxwox6,68wne448,3dxnzp1y,824mnom2,None,4
m1mxwox6,68wne448,yd4z0k6e,rklxxlrk,None,5
m1mxwox6,68wne448,m1mxx9k6,n2y5968k,None,2
m1mxwox6,68wne448,m1z022d0,wkpy590k,None,5
m1mxwox6,68wne448,m1z022d0,wkpy590k,None,3
m1mxwox6,68wne448,nd2jov10,7kjr4l42,z98j3m1w,7
m1mxwox6,68wne448,nd2jov10,xk9l156k,z98j3m1w,6
m1mxwox6,68wne448,nd2jov10,z277y5z2,z98j3m1w,6
m1mxwox6,68wne448,nd2jov10,zdnqpo9d,z98j3m1w,7
m1mxwox6,68wne448,46w3jjl1,7kjpjn4k,None,7
m1mxwox6,68wne448,m1m49j12,wdmqz9o2,None,15
m1mxwox6,68wne448,pdvzqmv6,wdm6xn4k,None,1
m1mxwox6,68wne448,yd4z0k6e,rklxxlrk,None,11
m1mxwox6,68wne448,kdk2wedm,xd1rx87k,None,6
m1mxwox6,68wne448,9done31p,8240yrnd,None,2
m1mxwox6,68wne448,pd0m3l6e,wkpyol8k,None,9
m1mxwox6,68wne448,nd2eqy5d,n2ygo4m2,None,6
m1mxwox6,68wne448,76rvll18,zdnq9xxd,None,7
m1mxwox6,68wne448,76rvll18,zdnq9xxd,None,13
m1mxwox6,68wne448,o1ywpkdq,wkpo7zv2,None,2
m1mxwox6,68wne448,nd2mze10,q25qzog2,None,3
m1mxwox6,68wne448,76reped8,9d869062,None,4
m1mxwox6,68wne448,9dowo8k1,jdzww1xd,None,2
m1mxwox6,68wne448,9d3r330d,ndx47ev2,None,2
m1mxwox6,68wne448,9d3m5e6l,jdzp9m6k,None,1
m1mxwox6,68wne448,3dx9q4dy,9d8jejqk,None,1
m1mxwox6,68wne448,m1mxpep6,wdm68z5k,None,2
m1mxwox6,68wne448,m1mxpep6,w203yp82,None,2
m1mxwox6,68wne448,9d3exw1l,vdojz92p,None,17
m1mxwox6,68wne448,nd2m3r10,q251nn8d,None,1
m1mxwox6,68wne448,46wnl36r,z2793j0d,None,15
m1mxwox6,68wne448,9d3xkedl,n2yn0y8k,None,2
m1mxwox6,68wne448,nd2m3r10,q251nn8d,None,1
m1mxwox6,68wne448,nd2m3r10,q251nn8d,None,1
m1mxwox6,68wne448,lde3nzl6,q253gzgk,None,1
m1mxwox6,68wne448,y659y31e,wk619qed,None,4
m1mxwox6,68wne448,y659y31e,wk619qed,None,4
m1mxwox6,68wne448,m1zyg260,wdmw8l52,None,4
m1mxwox6,68wne448,k6q489xd,wdmlxo3k,None,2
m1mxwox6,68wne448,m1zyg260,xd14x7d8,None,10
m1mxwox6,68wne448,m1zyg260,wdmw8l52,None,5
m1mxwox6,68wne448,o1y93v46,z276xzzd,None,2
m1mxwox6,68wne448,9d3r9q9d,rkllyg6k,None,1
m1mxwox6,68wne448,y65je8de,02qjzm7d,None,7
m1mxwox6,68wne448,268e5ok6,wk6og5xk,None,7
m1mxwox6,68wne448,46wjw7dr,jdzlog2v,None,6
m1mxwox6,68wne448,4d79qor1,w20vjnzk,None,2
m1mxwox6,68wne448,3dx2pwp1,rkll66rk,None,2
m1mxwox6,68wne448,9dow9q71,9d84qq6k,None,4
m1mxwox6,68wne448,76rxo946,wk6vn0xd,None,5
m1mxwox6,68wne448,w6jl4red,9kv7q38k,None,4
m1mxwox6,68wne448,m1zj7j36,zdn0wp72,None,3
m1mxwox6,68wne448,46w5mq6r,9kvqmy8d,None,1
m1mxwox6,68wne448,j1lr5j1g,zd3yvm82,None,4
m1mxwox6,68wne448,v1pogy76,rklj9rqd,None,6
m1mxwox6,68wne448,v1poy946,vdommxv2,None,6
m1mxwox6,68wne448,j1l7kedg,7kj9vz23,None,6
m1mxwox6,68wne448,j1nyw96p,824pqxn2,None,10
m1mxwox6,68wne448,y658g86e,n2y1y482,gdrj7vew,5
m1mxwox6,68wne448,pd0pp36e,zdn09072,None,4
m1mxwox6,68wne448,m1mxol46,xd11qerd,None,9
m1mxwox6,68wne448,lde3nml6,xd1ln6wk,None,3
m1mxwox6,68wne448,9d32jg1l,ndxpj0o2,None,6
m1mxwox6,68wne448,pd09ylde,w20v0ejk,None,13
m1mxwox6,68wne448,y658g86e,n2y1y482,ldye0vpw,7
m1mxwox6,68wne448,pd05m01e,mkew18k6,None,8
m1mxwox6,68wne448,3dxmov6y,q25olxgk,None,7
m1mxwox6,68wne448,y658g86e,n2y1y482,rdn5gv5d,6
m1mxwox6,68wne448,76r4wl18,mke45j26,None,10
m1mxwox6,68wne448,pdvz3lv6,z2766j4d,kwj50jr9,4
m1mxwox6,68wne448,m1zj2zx6,zd366eed,ewpjnylw,1
m1mxwox6,68wne448,y65vj8de,7kjzpmgd,None,5
m1mxwox6,68wne448,j1lpyzdg,wk6p0rqd,None,3
m1mxwox6,68wne448,yd4oovw1,mke4oz62,None,1
m1mxwox6,68wne448,369eygdl,7kjvw6zk,69zp5rgw,6
m1mxwox6,68wne448,m1zx3md0,w20po3jk,5wkkxjpw,7
m1mxwox6,68wne448,m1m0zx62,z27gx3g2,5920k2od,1
m1mxwox6,68wne448,k6qylzdg,rklxly8k,None,12
m1mxwox6,68wne448,yd45ng6e,wdmljgok,None,2
m1mxwox6,68wne448,9d3exw1l,824pjem2,None,7
m1mxwox6,68wne448,76rxeqe6,9d84m4wk,None,2
m1mxwox6,68wne448,yd4onj51,jdz9m9r2,None,1
m1mxwox6,68wne448,46w89q6r,5dw4w6gk,None,10
m1mxwox6,68wne448,46w89q6r,5dw4w6gk,None,9
m1mxwox6,68wne448,46w89q6r,5dw4w6gk,None,3
m1mxwox6,68wne448,46w89q6r,5dw4w6gk,None,3
m1mxwox6,68wne448,46w89q6r,mke96l9d,None,17
m1mxwox6,68wne448,46w89q6r,mke96l9d,None,16
m1mxwox6,68wne448,v1p0o468,5dwg40nk,None,2
m1mxwox6,68wne448,w6j0z5dj,xd1mwn7d,None,3
m1mxwox6,68wne448,v1poek86,7kj1onzk,None,2
m1mxwox6,68wne448,yd4ooex1,zdn4l89k,None,3
m1mxwox6,68wne448,kdkrgq6m,zd30y9ed,None,7
m1mxwox6,68wne448,yd4zq56e,wk6pjxod,None,11
m1mxwox6,68wne448,m1mxwmx6,xk98vj62,None,1
m1mxwox6,68wne448,pdvlv91w,n2yorvzd,None,2
m1mxwox6,68wne448,v1po0jm6,zdn089n2,None,2
m1mxwox6,68wne448,9d3r9q9d,ndx9q8od,None,1
m1mxwox6,68wne448,j1nexre1,jdrvx8n2,None,1
m1mxwox6,68wne448,k6qq906g,wk6vw7ed,None,3
m1mxwox6,68wne448,k6q4myzd,7kjpzznk,None,1
m1mxwox6,68wne448,3dxxz4dy,7dg5vng2,None,3
m1mxwox6,68wne448,3dxxz4dy,7dg5vng2,None,3
m1mxwox6,68wne448,k6q4myzd,7kjpzznk,None,5
m1mxwox6,68wne448,j1lnpv6g,ndxp7e52,None,10
m1mxwox6,68wne448,76re74d8,wkpm99gk,None,1
m1mxwox6,68wne448,m1mp3p12,n2y3jyed,None,2
m1mxwox6,68wne448,kdk5zqdm,q254l88d,None,3
m1mxwox6,68wne448,pd0revde,ndx8evrk,None,4
m1mxwox6,68wne448,lde39p56,n2y557zk,None,3
m1mxwox6,68wne448,kdkz39gd,wk677vqd,None,3
m1mxwox6,68wne448,pdv9m41w,02qmxjdy,None,2
m1mxwox6,68wne448,369mr01l,vdo4zev2,None,2
m1mxwox6,68wne448,j1llpw41,z27r5v0d,None,2
m1mxwox6,68wne448,j1lzkv6g,5dw6yq52,None,1
m1mxwox6,68wne448,3dx2xgp1,q25g9qwd,None,3
m1mxwox6,68wne448,pdvwxo6w,w2015lok,592o777d,11
m1mxwox6,68wne448,w6jlxq7d,z27r5jgd,None,1
m1mxwox6,68wne448,w6jlxq7d,xk9r57yk,None,1
m1mxwox6,68wne448,9d3xledl,jdrpj402,None,6
m1mxwox6,68wne448,yd45ng6e,rklvl66d,None,5
m1mxwox6,68wne448,j1ln8v6g,zdn1yoek,None,1
m1mxwox6,68wne448,369vpg1l,9d8g3mwk,None,3
m1mxwox6,68wne448,369vpg1l,9d8g3mwk,None,2
m1mxwox6,68wne448,j1neqxe1,7dg40g4d,None,9
m1mxwox6,68wne448,369vpg1l,9d8g3mwk,None,3
m1mxwox6,68wne448,369vpg1l,9d8g3mwk,None,2
m1mxwox6,68wne448,369vpg1l,9d8g3mwk,None,3
m1mxwox6,68wne448,y65zo76e,wkpj8jgk,rdnogx6w,2
m1mxwox6,68wne448,3dxvzg6y,wdmrjlxk,None,4
m1mxwox6,68wne448,lde33kx6,9d8649l2,None,2
m1mxwox6,68wne448,y65j2ede,zdn17y9k,None,2
m1mxwox6,68wne448,9d3pey6l,z2773eo2,None,26
m1mxwox6,68wne448,o1yry26q,wdmw5ee2,kwj5l7r9,17
m1mxwox6,68wne448,nd2qj3d0,w20gx85k,None,2
m1mxwox6,68wne448,n2688k6p,zjdz062v,None,6
m1mxwox6,68wne448,yd4vygde,7kj185gk,None,2
m1mxwox6,68wne448,76r34le6,wdm9g64k,None,1
m1mxwox6,68wne448,nd2e0ovd,7kj3eq32,None,2
m1mxwox6,68wne448,j1lqn8v6,vdozw1ok,None,1
m1mxwox6,68wne448,j1l9nz1g,ndx49m52,None,15
m1mxwox6,68wne448,9d3r8qwd,z276515d,None,3
m1mxwox6,68wne448,pdvjjkdw,jdzrg32v,None,18
m1mxwox6,68wne448,9d3lmwdl,vdo49192,None,3
m1mxwox6,68wne448,9d3lmwdl,wk6p84qd,None,3
m1mxwox6,68wne448,9d3lmwdl,rklg6r8d,None,3
m1mxwox6,68wne448,268v45dp,vdo4p092,None,9
m1mxwox6,68wne448,pdvzppk6,7kj16xgk,None,5
m1mxwox6,68wne448,j1neqgl1,7dg4684d,None,2
m1mxwox6,68wne448,9do3l3dp,02q9wvyk,None,2
m1mxwox6,68wne448,76r7ne18,wk6068rk,None,4
m1mxwox6,68wne448,m1m49j12,wdmqz9o2,None,10
m1mxwox6,68wne448,3dx8xv1y,q25o46jk,None,6
m1mxwox6,68wne448,k6qo0x1g,zd3y51v2,None,3
m1mxwox6,68wne448,k6qo0x1g,82489gmk,rw6x2y7w,2
m1mxwox6,68wne448,m1mxejj6,9kvm11jk,None,3
m1mxwox6,68wne448,46wnp76r,wkpy4z0k,None,1
m1mxwox6,68wne448,46wnp76r,vdo49712,None,2
m1mxwox6,68wne448,m1mqzkd2,ndx8nork,None,11
m1mxwox6,68wne448,kdkzj42d,7dg9467k,None,10
m1mxwox6,68wne448,369p7731,vdo3q3yd,None,4
m1mxwox6,68wne448,k6qyl9dg,zd3y50r2,None,4
m1mxwox6,68wne448,j1nzk91p,ndxj8xo2,None,4
m1mxwox6,68wne448,yd4q456e,n2y1el82,None,3
m1mxwox6,68wne448,369p7731,5dwxy9g2,None,1
m1mxwox6,68wne448,y65ym3de,9kvplp3k,None,5
m1mxwox6,68wne448,46w32l1r,q25yg8do,None,32
m1mxwox6,68wne448,kdkjoq1m,5dw5r3gd,None,2
m1mxwox6,68wne448,3dxzwg1y,ndxnorkq,xd02r49q,2
m1mxwox6,68wne448,y650me1e,wkpgvjkr,rw6ev7d7,2
m1mxwox6,68wne448,yd4k9x6e,xk9r54k0,None,3
m1mxwox6,68wne448,369p53l1,9kv76x0k,None,7
m1mxwox6,68wne448,pd0w4m01,8241jp32,None,5
m1mxwox6,68wne448,4d795qr1,vdo85m1k,None,1
m1mxwox6,68wne448,yd4o58k1,xk98v0x2,None,1
m1mxwox6,68wne448,m1mxwox6,n2y7gqe2,None,1
m1mxwox6,68wne448,m1m7vx12,zdn10enk,None,12
m1mxwox6,68wne448,9d32jg1l,ndxpj0o2,None,6
m1mxwox6,68wne448,m1mxol46,5dw8elld,None,7
m1mxwox6,68wne448,46wx071r,9d86n132,None,3
m1mxwox6,68wne448,9do393dp,wdmzqye2,None,8
m1mxwox6,68wne448,yd4ozxp1,q2537nwk,None,5
m1mxwox6,68wne448,yd4ozxp1,xk98n4x2,None,8
m1mxwox6,68wne448,yd4ozxp1,z27loq5d,None,7
m1mxwox6,68wne448,yd4ozxp1,zdnx1j72,None,6
m1mxwox6,68wne448,j1negvx1,wk6o3yxk,None,10
m1mxwox6,68wne448,j1negvx1,wk6o3yxk,None,7
m1mxwox6,68wne448,j1negvx1,wk6o3yxk,None,5
m1mxwox6,68wne448,j1negvx1,wk6o3yxk,None,8
m1mxwox6,68wne448,j1negvx1,wk6o3yxk,None,9
m1mxwox6,68wne448,j1negvx1,wk6o3yxk,None,7
m1mxwox6,68wne448,j1negvx1,wk6o3yxk,None,6
m1mxwox6,68wne448,j1negvx1,wk6o3yxk,None,6
m1mxwox6,68wne448,j1negvx1,wk6o3yxk,None,6
m1mxwox6,68wne448,j1negvx1,wk6o3yxk,None,7
m1mxwox6,68wne448,o1yq72dq,7kj7jnk3,None,27
m1mxwox6,68wne448,ldezrxd3,mkez319k,None,2
m1mxwox6,68wne448,4d70qg17,9kvl4o2g,None,17
m1mxwox6,68wne448,j1lllr41,jdr9r9xd,None,5
m1mxwox6,68wne448,nd2v4310,z27390gd,None,1
m1mxwox6,68wne448,46wq896r,9d8jnq3k,None,2
m1mxwox6,68wne448,4d7rpn17,jdz5glrd,None,6
m1mxwox6,68wne448,4d79mkn1,9d836662,None,1
m1mxwox6,68wne448,46w32l1r,9kvjmjkg,None,11
m1mxwox6,68wne448,j1llj971,8241wwm2,None,2
m1mxwox6,68wne448,y65qn46e,xd1rmyzk,None,1
m1mxwox6,68wne448,pdvnmo6w,824xp7ed,None,4
m1mxwox6,68wne448,yd4oxqx1,xd14xn4d,None,3
m1mxwox6,68wne448,w6j37xdj,z27gg5o2,None,8
m1mxwox6,68wne448,k6q88m6g,vdo0zlvd,None,2
m1mxwox6,68wne448,m1mn58jd,9d8n0vqd,None,1
m1mxwox6,68wne448,2688056p,w208mzzd,None,5
m1mxwox6,68wne448,lde0ex63,ndxel8jk,None,6
m1mxwox6,68wne448,pd0jy26e,9kvxr7e2,None,6
m1mxwox6,68wne448,9d3rog9d,jdreq8nk,None,6
m1mxwox6,68wne448,o6g45862,9d8voy7k,None,2
m1mxwox6,68wne448,v1pqk7d8,zd3venr2,None,2
m1mxwox6,68wne448,268eemo6,wk678wqd,None,4
m1mxwox6,68wne448,nd2e2oed,rklv966d,None,3
m1mxwox6,68wne448,lde08e63,824r09gd,None,6
m1mxwox6,68wne448,nd2e93qd,5dw7rngk,None,1
m1mxwox6,68wne448,ldelo563,jdr1mqx2,None,1
m1mxwox6,68wne448,o6glr45d,rkljpzwd,None,6
m1mxwox6,68wne448,m1mz7xd2,jdzv61rk,None,4
m1mxwox6,68wne448,m1mz7xd2,824rj5ed,None,3
m1mxwox6,68wne448,j1ne47l1,02qowmzk,None,5
m1mxwox6,68wne448,369p3w81,jdrvrq02,None,2
m1mxwox6,68wne448,v1pwjmd8,xk981x62,None,4
m1mxwox6,68wne448,j1ll2mj1,xk981lv2,None,2
m1mxwox6,68wne448,3dx232y1,xk9nlry2,None,2
m1mxwox6,68wne448,2682456p,vdo4w192,None,4
m1mxwox6,68wne448,lde32le6,wk6vyood,None,2
m1mxwox6,68wne448,yd4qpg6e,7dgglp4d,None,4
m1mxwox6,68wne448,k6qo391g,7kjr4y42,None,3
m1mxwox6,68wne448,ldeyqx13,ndx8rjvk,None,3
m1mxwox6,68wne448,lde3nml6,9d8x07l2,None,5
m1mxwox6,68wne448,v1p99z68,vdoqgxok,None,6
m1mxwox6,68wne448,v1pojop6,n2y3178d,None,2
m1mxwox6,68wne448,4d79p3g1,xd1e9072,None,1
m1mxwox6,68wne448,76r4p418,wk6verxd,None,1
m1mxwox6,68wne448,pd0w5pv1,rklq4pr2,None,2
m1mxwox6,68wne448,w6jl4red,rklv9mnd,None,3
m1mxwox6,68wne448,3dx2pz41,5dw4vzlk,None,2
m1mxwox6,68wne448,46w707dr,7dg4xx7d,None,2
m1mxwox6,68wne448,v1polpz6,02qox9zk,None,3
m1mxwox6,68wne448,369vpg1l,xd137q4k,None,3
m1mxwox6,68wne448,46w3rrl1,wdmw18e2,None,4
m1mxwox6,68wne448,46wx8l1r,9d8vzoqk,None,1
m1mxwox6,68wne448,v1po4rp6,vdoxqqvd,None,2
m1mxwox6,68wne448,m1zjmz60,xk9gg5gd,None,86
m1mxwox6,68wne448,ldey7e13,zd30xged,None,2
m1mxwox6,68wne448,nd22jvd0,vdom8wo2,None,1
m1mxwox6,68wne448,o6glk7od,7dgrvngk,None,4
m1mxwox6,68wne448,kdkx4g6m,wdmlx73k,None,1
m1mxwox6,68wne448,o6gljend,824l78wd,None,2
m1mxwox6,68wne448,369pjxg1,zdnl6z72,None,1
m1mxwox6,68wne448,4d7ezl67,w208mn8d,None,3
m1mxwox6,68wne448,n4d7zg67,4xk9wy20,None,11
m1mxwox6,68wne448,76rxrke6,9kvoyz02,None,3
m1mxwox6,68wne448,46w39391,5dw8p7ld,None,2
m1mxwox6,68wne448,3dx0xpdy,7kjwpxd3,None,43
m1mxwox6,68wne448,pdvzve46,8241z7g2,None,2
m1mxwox6,68wne448,m1mr0p62,7kjpm0gk,None,1
m1mxwox6,68wne448,k6qjg9dg,wdm7godq,None,7
m1mxwox6,68wne448,46w34871,mke9y76d,None,2
m1mxwox6,68wne448,pd0003de,wk6vn7rd,None,2
m1mxwox6,68wne448,m1mx2946,xd1lz5rk,None,1
m1mxwox6,68wne448,4d78wg67,w20v888k,None,2
m1mxwox6,68wne448,v1pezpd8,wkpm33gk,None,4
m1mxwox6,68wne448,3dxpo56y,wkpy950k,None,2
m1mxwox6,68wne448,46wge3dr,xd17g17d,None,4
m1mxwox6,68wne448,268e3j76,jdrxxvgd,None,2
m1mxwox6,68wne448,268e5ok6,n2y3608d,None,3
m1mxwox6,68wne448,76rx4le6,wk67qnod,None,3
m1mxwox6,68wne448,m1zj3ez6,vdoowjyd,None,2
m1mxwox6,68wne448,m1zj0g06,wkp3j5j2,None,2
m1mxwox6,68wne448,j1llxvj1,02qvmmjd,None,2
m1mxwox6,68wne448,o1y93v46,9kv7ovek,None,1
m1mxwox6,68wne448,k6q4zx0d,02qpq0yd,None,4
m1mxwox6,68wne448,369qwldl,jdznj3rd,None,4
m1mxwox6,68wne448,m1ml5362,z271e4z2,None,2
m1mxwox6,68wne448,pdvzp7o6,9kv780ek,None,2
m1mxwox6,68wne448,j1l5o46g,824pv3w2,None,3
m1mxwox6,68wne448,j1llypj1,9kvor532,None,2
m1mxwox6,68wne448,lde3ex56,vdo8zr6k,None,1
m1mxwox6,68wne448,4d78gg67,9kvx8m02,None,6
m1mxwox6,68wne448,nd2ew2vd,7kj39142,None,3
m1mxwox6,68wne448,j1n5wl1p,02qlje9k,None,5
m1mxwox6,68wne448,m1zq8310,mkeo9v8d,None,9
m1mxwox6,68wne448,76r77v18,z27g1l52,None,5
m1mxwox6,68wne448,pd0yjv6e,7kj135gk,None,1
m1mxwox6,68wne448,9dowxy31,5dw53xnd,None,9
m1mxwox6,68wne448,yd4opjk1,z27464o2,None,1
m1mxwox6,68wne448,pd0wy4l1,zdnxo3q2,None,4
m1mxwox6,68wne448,9d3zve1l,wk61r6qd,None,1
m1mxwox6,68wne448,y654557d,xd1jrord,None,1
m1mxwox6,68wne448,46w3g8l1,zdn8qp7d,None,2
m1mxwox6,68wne448,yd437x1e,zdnwv0xd,None,6
m1mxwox6,68wne448,yd4og2x1,q25758jd,None,3
m1mxwox6,68wne448,v1pp3z18,wdmy34dq,None,6
m1mxwox6,98rzez3x,3dxk7x51,7dg3z04k,None,1
m1mxwox6,98rzez3x,y655j536,02q78p7d,None,1
m1mxwox6,98rzez3x,9d380ke1,jdr83jlk,None,1
m1mxwox6,98rzez3x,9d380ke1,jdzog162,None,1
m1mxwox6,98rzez3x,ldej4xe1,z27908od,None,2
m1mxwox6,98rzez3x,ldej4xe1,zdn75exk,None,1
m1mxwox6,98rzez3x,ldej4xe1,q259lrgk,None,1
m1mxwox6,98rzez3x,9d380ke1,jdr83jlk,None,1
m1mxwox6,98rzez3x,o1yjx0o1,7dg7wwld,None,1
m1mxwox6,98rzez3x,3dxkrz41,xd1q3xr2,None,2
m1mxwox6,98rzez3x,46w2nrq6,xk99e1vk,None,1
m1mxwox6,98rzez3x,o1yj8e21,zdn77zqk,None,2
m1mxwox6,98rzez3x,j1lqv746,xd1q3182,None,2
m1mxwox6,98rzez3x,36980r0d,xk99mw4k,None,1
m1mxwox6,98rzez3x,46w235n6,zd3qvqrk,None,1
m1mxwox6,98rzez3x,o1yjkv21,w205grvd,None,1
m1mxwox6,98rzez3x,ldejo8x1,ndx08yvd,None,2
m1mxwox6,98rzez3x,76r3krl6,z279z9gd,None,2
m1mxwox6,98rzez3x,m1zk0ex1,02q7lo9d,None,2
m1mxwox6,98rzez3x,3dxko9v1,9d8n07qd,None,2
m1mxwox6,98rzez3x,yd4opjk1,z27464o2,None,1
m1mxwox6,98rzez3x,kdkmgox1,zd3r0vnd,None,2
m1mxwox6,98rzez3x,w6jro7dj,zd3539vk,None,1
m1mxwox6,98rzez3x,yd4lgw1e,z27o4p5d,None,1
m1mxwox6,98rzez3x,o6gn5qx1,jdzoxov2,None,1
m1mxwox6,98rzez3x,j1ne7vl1,5dwx30g2,None,1
m1mxwox6,98rzez3x,k6qw58o6,9kvl1w02,None,2
m1mxwox6,98rzez3x,kdkm5kg1,wdm7pz4d,None,2
m1mxwox6,98rzez3x,yd4kpgp6,z279e7zd,None,1
m1mxwox6,98rzez3x,yd4kpgp6,zdn73q9k,None,2
m1mxwox6,98rzez3x,yd4kpgp6,q259p4vk,None,1
m1mxwox6,98rzez3x,k6q487zd,9d8n58wd,None,1
m1mxwox6,98rzez3x,3dxko041,7dg7e5xd,None,2
m1mxwox6,98rzez3x,9d389291,xd1w0wr2,None,1
m1mxwox6,98rzez3x,46w2nrq6,z2794y4d,None,1
m1mxwox6,98rzez3x,m1mp3p12,jdz8963d,None,1
m1mxwox6,98rzez3x,46w2lj96,zd3qjwvk,None,1
m1mxwox6,98rzez3x,46w2lj96,824889nk,xd4zkm8w,1
m1mxwox6,98rzez3x,46w2lj96,824889nk,xd0y4jjw,1
m1mxwox6,98rzez3x,46w2lj96,824889nk,rw6xm06w,1
m1mxwox6,98rzez3x,46w2lj96,824889nk,n93emprw,1
m1mxwox6,98rzez3x,46w2lj96,824889nk,z98qm019,1
m1mxwox6,98rzez3x,46w2lj96,824889nk,rdn8qv6d,1
m1mxwox6,98rzez3x,46w2lj96,824889nk,ldy63v79,1
m1mxwox6,98rzez3x,46w2lj96,824889nk,n93emj2w,1
m1mxwox6,98rzez3x,46w2lj96,824889nk,z98qmkr9,1
m1mxwox6,98rzez3x,46w2lj96,824889nk,rdn8q15d,1
m1mxwox6,98rzez3x,y655w036,jdzo0ev2,None,1
m1mxwox6,98rzez3x,k6q4wgzd,7kjpl4nk,None,2
m1mxwox6,98rzez3x,kdkyle1m,wkpj330k,None,4
m1mxwox6,98rzez3x,kdkm93e1,jdzo51v2,None,1
m1mxwox6,98rzez3x,m1mnp3pd,02q79r9d,None,1
m1mxwox6,98rzez3x,m1mnp3pd,8249l8nd,None,1
m1mxwox6,98rzez3x,v1pxypp6,7dg738xd,None,1
m1mxwox6,98rzez3x,v1pxypp6,7kj9g3x2,None,1
m1mxwox6,98rzez3x,m1mnp3pd,9d8nolld,None,1
m1mxwox6,98rzez3x,yd4kpkw6,wk6461rd,None,1
m1mxwox6,98rzez3x,yd4kzjw6,vdoy1eo2,None,1
m1mxwox6,98rzez3x,m1mnp3pd,02q79r9d,None,1
m1mxwox6,98rzez3x,m1mnp3pd,8249l8nd,None,1
m1mxwox6,98rzez3x,268wlek6,wk6445od,None,2
m1mxwox6,98rzez3x,y6558746,n2ymme82,None,2
m1mxwox6,98rzez3x,o6gne9o1,q25998vk,None,1
m1mxwox6,98rzez3x,4d7nmwg6,7kj7754k,None,1
m1mxwox6,98rzez3x,9do8gm31,7dg71o4d,None,2
m1mxwox6,98rzez3x,268w4g56,9d8n50qd,None,2
m1mxwox6,98rzez3x,j1n8wve1,zd3r5med,None,1
m1mxwox6,98rzez3x,pd0qvk31,7dg778xd,None,1
m1mxwox6,98rzez3x,o6gne581,ndx0r75d,None,2
m1mxwox6,98rzez3x,y6558j76,ndx0rj1d,None,2
m1mxwox6,98rzez3x,76r30ev6,n2ymnv12,None,2
m1mxwox6,98rzez3x,j1lqxrj6,zdn7yzxk,None,2
m1mxwox6,98rzez3x,pd0qvr31,wdm7r53d,None,2
m1mxwox6,98rzez3x,m1mnp2xd,9d8nylld,None,2
m1mxwox6,98rzez3x,9do8gje1,zdn7nyxk,None,1
m1mxwox6,98rzez3x,o6gneqx1,wdm7rw5d,None,2
m1mxwox6,98rzez3x,yd4keyk6,rklz5n82,None,1
m1mxwox6,98rzez3x,3698xy8d,5dwx6eg2,None,2
m1mxwox6,98rzez3x,o6gngrn1,wdm7woxd,None,2
m1mxwox6,98rzez3x,o1yj82r1,w2053rvd,None,2
m1mxwox6,98rzez3x,ldejpln1,jdzowlr2,None,2
m1mxwox6,98rzez3x,m1mnqy4d,wdm765ed,None,1
m1mxwox6,98rzez3x,j1n8n5y1,z2791w4d,None,3
m1mxwox6,98rzez3x,m1zkg701,w205pqzd,None,2
m1mxwox6,98rzez3x,m1mnqkjd,9kvl9x82,None,1
m1mxwox6,98rzez3x,o6gng2o1,xd1qvm72,None,2
m1mxwox6,98rzez3x,kdkm9nq1,zdn7059k,None,2
m1mxwox6,98rzez3x,w6j70q76,n2ymopm2,None,2
m1mxwox6,98rzez3x,o6gnge81,8249g0nd,None,2
m1mxwox6,98rzez3x,46w2gnl6,q259gmgk,None,2
m1mxwox6,98rzez3x,4d7njjr6,xk99rgyk,None,3
m1mxwox6,98rzez3x,o6gmon62,n2y9nz1d,None,1
m1mxwox6,98rzez3x,pd0qjj31,ndx07o5d,None,2
m1mxwox6,98rzez3x,j1n8nne1,wk64vyrd,None,2
m1mxwox6,98rzez3x,pd0qj3l1,zdn7x8xk,None,2
m1mxwox6,98rzez3x,268wjx76,7dg7rngd,None,2
m1mxwox6,98rzez3x,v1pxz446,zd3rlwed,None,2
m1mxwox6,98rzez3x,pdv2wpv6,zdn714xk,None,1
m1mxwox6,98rzez3x,9d38jly1,7dg795ld,None,2
m1mxwox6,98rzez3x,268wj576,5dwx5en2,None,2
m1mxwox6,98rzez3x,m1mnqokd,9kvlmgj2,None,2
m1mxwox6,98rzez3x,46w2ge36,wk6476rd,None,2
m1mxwox6,98rzez3x,3698k5gd,xk99gxxk,None,2
m1mxwox6,98rzez3x,j1n8n9w1,n2ym5712,None,2
m1mxwox6,98rzez3x,o1yjk041,82496ged,None,2
m1mxwox6,98rzez3x,kdkm98g1,mke7z4j2,None,1
m1mxwox6,98rzez3x,pd0qjnw1,jdr8185k,None,2
m1mxwox6,98rzez3x,m1mnq7pd,q2598wvk,None,1
m1mxwox6,98rzez3x,3698kw8d,zdn7rn7k,None,1
m1mxwox6,98rzez3x,m1mnqv4d,ndx08grd,None,2
m1mxwox6,98rzez3x,nd28j8rd,n2ym1882,None,3
m1mxwox6,98rzez3x,k6qwomz6,7dg7gqpd,None,1
m1mxwox6,98rzez3x,3dxkpgp1,wdm7q1xd,None,3
m1mxwox6,98rzez3x,yd4kqxw6,9kvlxq02,None,1
m1mxwox6,98rzez3x,3dxkpwp1,q2594ewk,None,1
m1mxwox6,98rzez3x,9d389gw1,jdzo5ex2,None,1
m1mxwox6,98rzez3x,o6gn4951,mke75v92,None,2
m1mxwox6,98rzez3x,m1mnlk4d,n2ym1q12,None,2
m1mxwox6,98rzez3x,yd4kq2w6,xd1qmrw2,None,2
m1mxwox6,98rzez3x,yd4kqng6,jdr8q90k,None,1
m1mxwox6,98rzez3x,pd0qrll1,mkewnxxk,None,2
m1mxwox6,98rzez3x,4d7n8vl6,wdmme5xd,None,2
m1mxwox6,98rzez3x,ldejo0l1,5dwqoj0d,None,1
m1mxwox6,98rzez3x,9do89yo1,jdrwzqlk,None,1
m1mxwox6,98rzez3x,m1mnljxd,xd1w0rw2,None,1
m1mxwox6,98rzez3x,j1n8kzl1,q255y0g2,None,2
m1mxwox6,98rzez3x,3dx8n41y,9kvmr43k,None,6
m1mxwox6,98rzez3x,ldejoyl1,7kjlxp32,None,2
m1mxwox6,98rzez3x,y654wq3d,9d8357w2,None,1
m1mxwox6,98rzez3x,y654wq3d,8240qyed,None,2
m1mxwox6,98rzez3x,268w8jk6,xd15vz82,rw6xnynw,1
m1mxwox6,98rzez3x,yd4o58k1,xk98v0x2,None,1
m1mxwox6,98rzez3x,yd4o58k1,xk98v0x2,None,1
m1mxwox6,98rzez3x,yd4o58k1,xk98v0x2,None,1
m1mxwox6,98rzez3x,9d38p0g1,xk95me62,None,1
m1mxwox6,98rzez3x,4d7nl2g6,mkew6lxk,None,1
m1mxwox6,98rzez3x,m1mxwox6,n2y7gqe2,None,1
m1mxwox6,98rzez3x,m1mxwox6,n2y7gqe2,None,1
m1mxwox6,98rzez3x,m1mxwox6,n2y7gqe2,None,1
m1mxwox6,98rzez3x,w6jlry4d,jdroop5d,None,1
m1mxwox6,98rzez3x,w6jlry4d,jdroop5d,None,1
m1mxwox6,98rzez3x,w6jlry4d,jdroop5d,None,1
m1mxwox6,98rzez3x,w6jlry4d,jdroop5d,None,1
m1mxwox6,98rzez3x,9d38p3y1,n2yrxp7d,None,2
m1mxwox6,98rzez3x,9d38p3y1,9kvr35e2,kwjm5xnw,3
m1mxwox6,98rzez3x,9d38p3y1,9kvr35e2,owov0oo9,4
m1mxwox6,98rzez3x,9d38p3y1,9kvr35e2,xd1o7ke9,2
m1mxwox6,98rzez3x,9d38p3y1,9kvr35e2,ewpvjmkw,3
m1mxwox6,98rzez3x,9d38p3y1,9kvr35e2,y9mvjq59,3
m1mxwox6,98rzez3x,9d38p3y1,9kvr35e2,5wkvjz2d,3
m1mxwox6,98rzez3x,9d38p3y1,9kvr35e2,5921zgow,2
m1mxwox6,98rzez3x,9d38p3y1,9kvr35e2,29vv3e39,2
m1mxwox6,98rzez3x,9d38p3y1,9kvr35e2,xd4mj72d,2
m1mxwox6,98rzez3x,9d38p3y1,9kvr35e2,xd0jgrxw,2
m1mxwox6,98rzez3x,9d38p3y1,9kvr35e2,rw604prw,2
m1mxwox6,98rzez3x,9d38p3y1,9kvr35e2,n93p75nd,2
m1mxwox6,98rzez3x,9d38p3y1,9kvr35e2,z9806vgd,2
m1mxwox6,98rzez3x,9d38p3y1,9kvr35e2,rdnv0jq9,2
m1mxwox6,98rzez3x,9d38p3y1,9kvr35e2,ldyvy7kd,3
m1mxwox6,98rzez3x,9d38p3y1,9kvr35e2,n93p75zd,2
m1mxwox6,98rzez3x,9d38p3y1,9kvr35e2,z9806vpd,2
m1mxwox6,98rzez3x,9d38p3y1,9kvr35e2,rdnv0j79,1
m1mxwox6,98rzez3x,9d38p3y1,9kvr35e2,ldyvy7rd,1
m1mxwox6,98rzez3x,9d38p3y1,9kvr35e2,nwlvlxe9,2
m1mxwox6,98rzez3x,9d38p3y1,9kvr35e2,ywe71k7d,2
m1mxwox6,98rzez3x,9d38p3y1,9kvr35e2,69zv3ogw,2
m1mxwox6,98rzez3x,9d38p3y1,9kvr35e2,r9go20pw,2
m1mxwox6,98rzez3x,9d38p3y1,9kvr35e2,o9xvn5pd,2
m1mxwox6,98rzez3x,9do8p3o1,9kvrq682,None,1
m1mxwox6,98rzez3x,9do8p3o1,9kvrq682,None,1
m1mxwox6,98rzez3x,9do8p3o1,9kvrq682,None,1
m1mxwox6,98rzez3x,9do8p3o1,9kvrq682,None,1
m1mxwox6,98rzez3x,ldejg0l1,q2557482,None,1
m1mxwox6,98rzez3x,268wn8y6,xd1w7m42,None,2
m1mxwox6,98rzez3x,9do873o1,ndxrmo5d,None,2
m1mxwox6,98rzez3x,ldejgj51,9d85joqd,None,1
m1mxwox6,98rzez3x,nd28y3vd,7dg1zqpd,None,1
m1mxwox6,98rzez3x,j1n8q391,rklnymn2,None,3
m1mxwox6,98rzez3x,o6gnvwx1,jdrnrlxk,None,2
m1mxwox6,98rzez3x,kdkmy3g1,9kvnqn3d,None,2
m1mxwox6,98rzez3x,76rx7lv6,xk9xel4k,None,1
m1mxwox6,98rzez3x,yd4kzjw6,w20n39zd,None,2
m1mxwox6,98rzez3x,yd4kzjw6,7dgy6v4d,y9m3pmzw,1
m1mxwox6,98rzez3x,yd4kzjw6,7dgy6v4d,5wkormv9,1
m1mxwox6,98rzez3x,yd4kzjw6,7dgy6v4d,592lo67d,1
m1mxwox6,98rzez3x,yd4kzjw6,7dgy6v4d,29vxk8qw,1
m1mxwox6,98rzez3x,yd4kzjw6,7dgy6v4d,xd4z35qw,1
m1mxwox6,98rzez3x,yd4kzjw6,7dgy6v4d,xd0y7emw,1
m1mxwox6,98rzez3x,yd4kzjw6,7dgy6v4d,rw6xn7pw,1
m1mxwox6,98rzez3x,yd4kzjw6,7dgy6v4d,n93ege2w,1
m1mxwox6,98rzez3x,yd4kzjw6,7dgy6v4d,z98q8qr9,1
m1mxwox6,98rzez3x,yd4kzjw6,7dgy6v4d,rdn8p85d,1
m1mxwox6,98rzez3x,yd4kzjw6,7dgy6v4d,ldy6p6p9,1
m1mxwox6,98rzez3x,yd4kzjw6,7dgy6v4d,n93ege7w,1
m1mxwox6,98rzez3x,yd4kzjw6,7dgy6v4d,z98q8q79,1
m1mxwox6,98rzez3x,yd4kzjw6,7dgy6v4d,rdn8p8nd,1
m1mxwox6,98rzez3x,yd4kzjw6,7dgy6v4d,nwl171p9,1
m1mxwox6,98rzez3x,m1mnzq4d,5dwngzgd,None,1
m1mxwox6,98rzez3x,268w8jk6,xd15vz82,xd0y7o0w,1
m1mxwox6,98rzez3x,268w8jk6,xd15vz82,xd4z380w,1
m1mxwox6,98rzez3x,268w8jk6,xd15vz82,29vxkp1w,1
m1mxwox6,98rzez3x,268w8jk6,xd15vz82,592lolgd,1
m1mxwox6,98rzez3x,268w8jk6,xd15vz82,5wkoro59,1
m1mxwox6,98rzez3x,268w8jk6,xd15vz82,y9m3p3lw,1
m1mxwox6,98rzez3x,268w8jk6,xd15vz82,ewpyqylw,1
m1mxwox6,98rzez3x,268w8jk6,82480z3k,None,1
m1mxwox6,98rzez3x,j1n8zqe1,02qr3lpk,None,2
m1mxwox6,98rzez3x,yd4onj51,824813wk,owon76yd,1
m1mxwox6,98rzez3x,yd4onj51,824813wk,xd1rj269,1
m1mxwox6,98rzez3x,yd4onj51,824813wk,ewpy7xzw,1
m1mxwox6,98rzez3x,yd4onj51,824813wk,y9m35x1w,1
m1mxwox6,98rzez3x,yd4onj51,824813wk,5wkok6q9,1
m1mxwox6,98rzez3x,yd4onj51,824813wk,592l0qrd,1
m1mxwox6,98rzez3x,yd4onj51,824813wk,29vxm7nw,1
m1mxwox6,98rzez3x,yd4onj51,824813wk,xd4z02pw,1
m1mxwox6,98rzez3x,yd4onj51,824813wk,xd0ykq1w,1
m1mxwox6,98rzez3x,yd4onj51,824813wk,rw6xqo7w,1
m1mxwox6,98rzez3x,46w34871,jdrne55k,kwjj7p1w,1
m1mxwox6,98rzez3x,46w34871,jdrne55k,owon7y3d,1
m1mxwox6,98rzez3x,46w34871,jdrne55k,xd1rjxy9,1
m1mxwox6,98rzez3x,46w34871,jdrne55k,ewpy7r4w,1
m1mxwox6,98rzez3x,46w34871,jdrne55k,y9m3580w,1
m1mxwox6,98rzez3x,46w34871,jdrne55k,5wkokpx9,1
m1mxwox6,98rzez3x,46w34871,jdrne55k,592l056d,1
m1mxwox6,98rzez3x,9d3r9q9d,02qrpnyk,29vxm2xw,1
m1mxwox6,98rzez3x,9d3r9q9d,02qrpnyk,xd4z0x8w,1
m1mxwox6,98rzez3x,9d3r9q9d,02qrpnyk,y9m35r0w,1
m1mxwox6,98rzez3x,9d3r9q9d,02qrpnyk,xd0ykxjw,1
m1mxwox6,98rzez3x,9d3r9q9d,02qrpnyk,rw6xq36w,1
m1mxwox6,98rzez3x,9d3r9q9d,02qrpnyk,n93eqorw,1
m1mxwox6,98rzez3x,9d3r9q9d,02qrpnyk,z98qrn19,1
m1mxwox6,98rzez3x,9d3r9q9d,02qrpnyk,rdn8on6d,1
m1mxwox6,98rzez3x,9d3r9q9d,02qrpnyk,5wkoknx9,1
m1mxwox6,98rzez3x,9d3r9q9d,02qrpnyk,ldy61279,1
m1mxwox6,98rzez3x,9d3r9q9d,02qrpnyk,gdrlpgkd,1
m1mxwox6,98rzez3x,9d3r9q9d,02qrpnyk,nwl1gng9,1
m1mxwox6,98rzez3x,9d3r9q9d,02qrpnyk,yweg2n4d,1
m1mxwox6,98rzez3x,9d3r9q9d,02qrpnyk,69zjpx4w,1
m1mxwox6,98rzez3x,9d3r9q9d,02qrpnyk,r9g5yr2d,1
m1mxwox6,98rzez3x,76rxmrl6,z27vlw42,592lvxod,1
m1mxwox6,98rzez3x,76rxmrl6,z27vlw42,29vx1o3w,1
m1mxwox6,98rzez3x,76rxmrl6,z27vlw42,xd4zvq2w,1
m1mxwox6,98rzez3x,76rxmrl6,z27vlw42,xd0yvzxw,1
m1mxwox6,98rzez3x,76rxmrl6,z27vlw42,rw6xkjrw,1
m1mxwox6,98rzez3x,76rxmrl6,z27vlw42,n93e26nw,1
m1mxwox6,98rzez3x,76rxmrl6,z27vlw42,z98q21g9,1
m1mxwox6,98rzez3x,o1y9lzr6,zd3q8jek,ldy64mk9,1
m1mxwox6,98rzez3x,o1y9lzr6,zd3q8jek,n93e26zw,1
m1mxwox6,98rzez3x,o1y9lzr6,zd3q8jek,z98q21p9,1
m1mxwox6,98rzez3x,o1y9lzr6,zd3q8jek,rdn8ke7d,1
m1mxwox6,98rzez3x,o1y9lzr6,zd3q8jek,ldy64mr9,1
m1mxwox6,98rzez3x,o1y9lzr6,zd3q8jek,gdrlk5ld,1
m1mxwox6,98rzez3x,o1y9lzr6,zd3q8jek,nwl1kre9,1
m1mxwox6,98rzez3x,y65ng86e,q2513zwd,5wkokkp9,1
m1mxwox6,98rzez3x,y65ng86e,q2513zwd,592l003d,1
m1mxwox6,98rzez3x,y65ng86e,q2513zwd,29vxmmlw,1
m1mxwox6,98rzez3x,y65ng86e,q2513zwd,xd4z00rw,1
m1mxwox6,98rzez3x,y65ng86e,q2513zwd,xd0ykk4w,1
m1mxwox6,98rzez3x,y65ng86e,q2513zwd,rw6xqqgw,1
m1mxwox6,98rzez3x,y65ng86e,q2513zwd,n93eqqzw,1
m1mxwox6,98rzez3x,y65ng86e,q2513zwd,z98qrrp9,1
m1mxwox6,98rzez3x,y65ng86e,q2513zwd,rdn8oo7d,1
m1mxwox6,98rzez3x,y65ng86e,q2513zwd,ldy611r9,1
m1mxwox6,98rzez3x,y65ng86e,q2513zwd,n93eqqew,1
m1mxwox6,98rzez3x,y65ng86e,q2513zwd,z98qrrl9,1
m1mxwox6,98rzez3x,y65ng86e,q2513zwd,rdn8oovd,1
m1mxwox6,98rzez3x,y65ng86e,q2513zwd,ldy611z9,1
m1mxwox6,98rzez3x,y65ng86e,q2513zwd,gdrlppzd,1
m1mxwox6,98rzez3x,pd0wgw01,02qvxwjd,None,2
m1mxwox6,98rzez3x,k6qwr506,wkpnqrvd,None,3
m1mxwox6,98rzez3x,kdkz00xd,xd1l9vzk,None,1
m1mxwox6,98rzez3x,369pp481,zdny4xxk,None,1
m1mxwox6,98rzez3x,nd28745d,zd3jy982,None,2
m1mxwox6,98rzez3x,yd4kovw6,9kv84w3d,None,1
m1mxwox6,98rzez3x,268e40y6,ndx44j12,None,1
m1mxwox6,98rzez3x,ldejxwl1,9d8yzy6k,None,2
m1mxwox6,98rzez3x,m1mp3p12,jdrxvogd,None,1
m1mxwox6,98rzez3x,pd09ylde,rklvw06d,None,11
m1mxwox6,98rzez3x,y65ng86e,ndx7ee52,None,2
m1mxwox6,98rzez3x,9d3lmwdl,ndx99ojd,None,3
m1mxwox6,98rzez3x,4d7938g1,ndx756o2,None,3
m1mxwox6,98rzez3x,268eqvo6,wkp01lj2,None,2
m1mxwox6,98rzez3x,w6jl3p4d,n2ygz9e2,xd16v0e9,1
m1mxwox6,98rzez3x,w6jl3p4d,n2ygz9e2,rdqg61k9,1
m1mxwox6,98rzez3x,w6jl3p4d,n2ygz9e2,kwj3oynd,1
m1mxwox6,98rzez3x,w6jl3p4d,n2ygz9e2,5923vood,1
m1mxwox6,98rzez3x,w6jl3p4d,n2ygz9e2,o9xkml0w,1
m1mxwox6,98rzez3x,w6jl3p4d,n2ygz9e2,xd4nvj2w,1
m1mxwox6,98rzez3x,w6jl3p4d,n2ygz9e2,owolg2ow,1
m1mxwox6,98rzez3x,w6jl3p4d,n2ygz9e2,ywenz1yw,1
m1mxwox6,98rzez3x,w6jl3p4d,n2ygz9e2,rdnrk0qw,1
m1mxwox6,98rzez3x,w6jl3p4d,n2ygz9e2,rw6rk4rw,1
m1mxwox6,98rzez3x,w6jl3p4d,n2ygz9e2,29vj1k39,1
m1mxwox6,98rzez3x,pdv29or6,zd3jylv2,None,2
m1mxwox6,98rzez3x,3698y73d,9kv8yled,None,1
m1mxwox6,98rzez3x,3698y73d,9d8ygnqk,n931g0zd,1
m1mxwox6,98rzez3x,3698y73d,xd1j7q8d,z9838jpd,1
m1mxwox6,98rzez3x,3698y73d,zd3j7rn2,rdn7p579,1
m1mxwox6,98rzez3x,3698y73d,9kv8yl0d,ldyxper9,1
m1mxwox6,98rzez3x,3698y73d,rkl5jmw2,gdrnqjl9,1
m1mxwox6,98rzez3x,3698y73d,ndx31ljd,nwl576ed,1
m1mxwox6,98rzez3x,j1ng9l6p,xd1z4z28,None,1
m1mxwox6,98rzez3x,m1zk3qz1,wk6wo7x2,None,1
m1mxwox6,98rzez3x,ldejz9l1,jdrr9q5d,None,2
m1mxwox6,98rzez3x,j1nep8l1,mkexye9d,None,2
m1mxwox6,98rzez3x,369e7gdl,7dg8pox2,None,4
m1mxwox6,98rzez3x,369pog21,xk9noxx2,None,1
m1mxwox6,98rzez3x,369pog21,xk9noxx2,None,2
m1mxwox6,98rzez3x,v1p77z18,z27w9zok,None,1
m1mxwox6,98rzez3x,3dx8xv1y,7dggy9gd,None,1
m1mxwox6,98rzez3x,v1p77z18,z27w9zok,None,1
m1mxwox6,98rzez3x,k6qw9q06,9kv8om8d,None,2
m1mxwox6,98rzez3x,j1lj2zdg,ndx33nvd,None,1
m1mxwox6,98rzez3x,4d79oel1,02q38ppk,None,2
m1mxwox6,98rzez3x,w6jl3p4d,mkeqen8k,None,2
m1mxwox6,98rzez3x,kdkmvjx1,7kjgq5nk,None,2
m1mxwox6,98rzez3x,m1mnxv3d,rkl9r98k,None,1
m1mxwox6,98rzez3x,o1yn4vdq,jdzex16d,None,3
m1mxwox6,98rzez3x,x369481l,zd3y86y2,None,8
m1mxwox6,98rzez3x,lde3e8x6,mke9w9xd,ldy5ozjw,1
m1mxwox6,98rzez3x,w6jylx6j,wdmx1vxk,gdr1pk6w,1
m1mxwox6,98rzez3x,w6jylx6j,wdmx1vxk,z98gr27w,1
m1mxwox6,98rzez3x,w6jylx6j,wdmx1vxk,rdn2oknd,1
m1mxwox6,98rzez3x,w6jylx6j,wdmx1vxk,nwlpgk09,1
m1mxwox6,98rzez3x,w6jylx6j,wdmx1vxk,n93yq27d,1
m1mxwox6,98rzez3x,4d79jwg1,mke4jr62,None,2
m1mxwox6,98rzez3x,3698zmgd,jdze753d,None,2
m1mxwox6,98rzez3x,pd0qxyw1,n2ye3v1k,None,1
m1mxwox6,98rzez3x,m1z5l010,02q8vrj2,None,2
m1mxwox6,98rzez3x,j1l7kedg,9kvx31o2,None,1
m1mxwox6,98rzez3x,pd05m01e,z270nzd0,None,5
m1mxwox6,98rzez3x,3dxmov6y,q258rmg2,None,1
m1mxwox6,98rzez3x,76r4wl18,rklxxeqk,None,1
m1mxwox6,98rzez3x,w6jylx6j,wdmx1vxk,592nvgg9,1
m1mxwox6,98rzez3x,w6jylx6j,wdmx1vxk,29v5m11d,1
m1mxwox6,98rzez3x,o1y9lzr6,z27409z2,None,1
m1mxwox6,98rzez3x,76rxmrl6,w2030ov2,None,1
m1mxwox6,98rzez3x,o1y9k8v6,wkp3yqw2,None,2
m1mxwox6,98rzez3x,m1z5l010,02q8vrj2,None,3
m1mxwox6,98rzez3x,m1z5l010,02q8vrj2,None,2
m1mxwox6,98rzez3x,76rmmv18,9d8j5rlk,None,1
m1mxwox6,98rzez3x,o6ggg862,rklgz3wd,None,1
m1mxwox6,98rzez3x,76rmmv18,9d8j5rlk,None,1
m1mxwox6,98rzez3x,o6gmon62,n2y9nz1d,None,2
m1mxwox6,98rzez3x,j1l7kedg,9kvx31o2,None,3
m1mxwox6,98rzez3x,pd05m01e,z270nzd0,None,4
m1mxwox6,98rzez3x,76r4wl18,rklxxeqk,None,6
m1mxwox6,98rzez3x,3dxmov6y,q258rmg2,None,4
m1mxwox6,98rzez3x,4d78gg67,9kvx8m02,None,2
m1mxwox6,98rzez3x,4d78gg67,9kvx8m02,None,3
m1mxwox6,98rzez3x,o6g84o12,wkpj5egk,None,1
m1mxwox6,98rzez3x,46wwx76r,zd3vznr2,None,1
m1mxwox6,98rzez3x,4d79qor1,wk6vz3ed,None,3
m1mxwox6,98rzez3x,pd0jj36e,02q8e592,None,1
m1mxwox6,98rzez3x,j1lvvjdg,z2779452,None,1
m1mxwox6,98rzez3x,v1pojnm6,7kjq31nd,None,1
m1mxwox6,98rzez3x,nd2qpvd0,5dwyvp0k,None,3
m1mxwox6,98rzez3x,o6gk8o12,n2yj7r82,None,9
m1mxwox6,98rzez3x,v1pon8m6,xk9e6w42,None,1
m1mxwox6,98rzez3x,pdv294v6,mkexjj6d,None,7
m1mxwox6,98rzez3x,pd0wpn21,5dw740gk,None,2
m1mxwox6,98rzez3x,m1zj7j36,jdz930x2,None,4
m1mxwox6,98rzez3x,76rxo946,n2y7oe82,None,3
m1mxwox6,98rzez3x,m1zjn306,02qp3jyd,None,4
m1mxwox6,98rzez3x,9d3rj90d,7kj6vg32,None,4
m1mxwox6,98rzez3x,3dxrr5dy,wkpm1r8k,None,8
m1mxwox6,98rzez3x,76rz75d8,02qp97pd,None,2
m1mxwox6,98rzez3x,j1nepel1,jdrx3vld,None,2
m1mxwox6,98rzez3x,k6q482xd,q253mowk,None,2
m1mxwox6,98rzez3x,y65jo3de,ndx79rv2,None,5
m1mxwox6,98rzez3x,v1poy946,7dg440pd,None,3
m1mxwox6,98rzez3x,k6q489xd,vdom8g92,None,3
m1mxwox6,98rzez3x,9dow9q71,xd1gyy7d,None,3
m1mxwox6,98rzez3x,3dx2pwp1,ndx9xx5d,None,2
m1mxwox6,98rzez3x,yd49zp1e,q25m74yd,None,2
m1mxwox6,98rzez3x,v1pogy76,xk9rj4xk,None,5
m1mxwox6,98rzez3x,yd4oq451,jdrv5xl2,None,2
m1mxwox6,98rzez3x,o6g3jnd2,9d8lw672,None,2
m1mxwox6,98rzez3x,ldepgl13,wkpqopvd,None,4
m1mxwox6,98rzez3x,pd0pp36e,02q3z3zk,None,4
m1mxwox6,98rzez3x,pdvz30o6,jdrvqwn2,None,4
m1mxwox6,98rzez3x,yd4v5gde,rklxvznk,None,12
m1mxwox6,98rzez3x,o6gk8o12,n2yj7r82,None,3
m1mxwox6,98rzez3x,v1poop76,jdz791xk,None,1
m1mxwox6,98rzez3x,v1po49z6,824j6nn2,None,2
m1mxwox6,98rzez3x,y65je8de,wdmll3ek,None,5
m1mxwox6,98rzez3x,kdk9826m,7dggymxd,None,15
m1mxwox6,98rzez3x,46wjw7dr,9d8y87kn,None,4
m1mxwox6,98rzez3x,nd2ej0qd,z271gw42,None,4
m1mxwox6,98rzez3x,kdkzo2ld,7kj3zeg2,None,1
m1mxwox6,98rzez3x,kdkzo2ld,zdn0rj72,None,1
m1mxwox6,98rzez3x,9do03edp,q25850g2,None,1
m1mxwox6,98rzez3x,9do03edp,824mqyn2,None,1
m1mxwox6,98rzez3x,4d7z0l67,xk9zrg20,None,4
m1mxwox6,98rzez3x,nd29z360,zd301lvd,None,2
m1mxwox6,98rzez3x,pdvzzk6w,wdmvx4dq,ldygqjd3,3
m1mxwox6,98rzez3x,pdvzzk6w,wdmvx4dq,z987p7wl,3
m1mxwox6,98rzez3x,pdvzzk6w,wdmvx4dq,rw6o2nw7,3
m1mxwox6,98rzez3x,pdvzzk6w,wdmvx4dq,xd0qp09q,2
m1mxwox6,98rzez3x,pdvzzk6w,wdmvx4dq,29v7g19v,2
m1mxwox6,98rzez3x,pdvzzk6w,wdmvx4dq,xd42p0wm,2
m1mxwox6,98rzez3x,pdvzzk6w,wdmvx4dq,592qeg96,3
m1mxwox6,98rzez3x,pdvzzk6w,wdmvx4dq,y9mx4lw5,2
m1mxwox6,98rzez3x,pdvzzk6w,wdmvx4dq,5wk64594,3
m1mxwox6,98rzez3x,k6q4ox9d,z2717n02,None,3
m1mxwox6,98rzez3x,m1mxq9j6,9kv9x102,None,2
m1mxwox6,98rzez3x,m1mxwqj6,wk6vezod,None,2
m1mxwox6,98rzez3x,76rr2l68,n2y79r82,None,3
m1mxwox6,98rzez3x,369p4w81,zd3xp38d,None,1
m1mxwox6,98rzez3x,nd20ov60,jdro1j5d,None,1
m1mxwox6,98rzez3x,9doweo71,zd3w3wek,None,2
m1mxwox6,98rzez3x,m1mxx9k6,n2y5968k,None,2
m1mxwox6,98rzez3x,46w3jjl1,7kjpjn4k,None,7
m1mxwox6,98rzez3x,m1m49j12,wdmqz9o2,None,15
m1mxwox6,98rzez3x,pdvzqmv6,wdm6xn4k,None,1
m1mxwox6,98rzez3x,9done31p,8240yrnd,None,2
m1mxwox6,98rzez3x,pd0m3l6e,wkpyol8k,None,9
m1mxwox6,98rzez3x,9dowo8k1,jdzww1xd,None,2
m1mxwox6,98rzez3x,9d3r330d,ndx47ev2,None,2
m1mxwox6,98rzez3x,lde3nzl6,q253gzgk,None,1
m1mxwox6,98rzez3x,m1zyg260,wdmw8l52,None,4
m1mxwox6,98rzez3x,m1zyg260,wdmw8l52,None,5
m1mxwox6,98rzez3x,yd4oovw1,mke4oz62,None,1
m1mxwox6,98rzez3x,yd4onj51,jdz9m9r2,None,1
m1mxwox6,98rzez3x,v1p0o468,5dwg40nk,None,2
m1mxwox6,98rzez3x,v1poek86,7kj1onzk,None,2
m1mxwox6,98rzez3x,yd4ooex1,zdn4l89k,None,3
m1mxwox6,98rzez3x,m1mxwmx6,xk98vj62,None,1
m1mxwox6,98rzez3x,pdvlv91w,n2yorvzd,None,2
m1mxwox6,98rzez3x,v1po0jm6,zdn089n2,None,2
m1mxwox6,98rzez3x,9d3r9q9d,ndx9q8od,None,1
m1mxwox6,98rzez3x,j1nexre1,jdrvx8n2,None,1
m1mxwox6,98rzez3x,k6qq906g,wk6vw7ed,None,3
m1mxwox6,98rzez3x,j1lnpv6g,ndxp7e52,None,10
m1mxwox6,98rzez3x,76re74d8,wkpm99gk,None,1
m1mxwox6,98rzez3x,w6jlxq7d,z27r5jgd,None,1
m1mxwox6,98rzez3x,w6jlxq7d,xk9r57yk,None,1
m1mxwox6,98rzez3x,lde33kx6,9d8649l2,None,2
m1mxwox6,98rzez3x,y65j2ede,zdn17y9k,None,2
m1mxwox6,98rzez3x,nd2qj3d0,w20gx85k,None,2
m1mxwox6,98rzez3x,yd4vygde,7kj185gk,None,2
m1mxwox6,98rzez3x,j1l9nz1g,ndx49m52,None,15
m1mxwox6,98rzez3x,m1m49j12,wdmqz9o2,None,10
m1mxwox6,98rzez3x,369p53l1,9kv76x0k,None,7
m1mxwox6,98rzez3x,pd0w4m01,8241jp32,None,5
m1mxwox6,98rzez3x,4d795qr1,vdo85m1k,None,1
m1mxwox6,98rzez3x,yd4o58k1,xk98v0x2,None,1
m1mxwox6,98rzez3x,m1mxwox6,n2y7gqe2,None,1
m1mxwox6,98rzez3x,m1m7vx12,zdn10enk,None,12
m1mxwox6,98rzez3x,9d32jg1l,ndxpj0o2,None,6
m1mxwox6,98rzez3x,m1mxol46,5dw8elld,None,7
m1mxwox6,98rzez3x,4d79mkn1,9d836662,None,1
m1mxwox6,98rzez3x,j1llj971,8241wwm2,None,2
m1mxwox6,98rzez3x,w6j37xdj,z27gg5o2,None,8
m1mxwox6,98rzez3x,k6q88m6g,vdo0zlvd,None,2
m1mxwox6,98rzez3x,m1mn58jd,9d8n0vqd,None,1
m1mxwox6,98rzez3x,v1pqk7d8,zd3venr2,None,2
m1mxwox6,98rzez3x,nd2e2oed,rklv966d,None,3
m1mxwox6,98rzez3x,lde08e63,824r09gd,None,6
m1mxwox6,98rzez3x,nd2e93qd,5dw7rngk,None,1
m1mxwox6,98rzez3x,ldelo563,jdr1mqx2,None,1
m1mxwox6,98rzez3x,m1mz7xd2,jdzv61rk,None,4
m1mxwox6,98rzez3x,m1mz7xd2,824rj5ed,None,3
m1mxwox6,98rzez3x,369p3w81,jdrvrq02,None,2
m1mxwox6,98rzez3x,v1pwjmd8,xk981x62,None,4
m1mxwox6,98rzez3x,j1ll2mj1,xk981lv2,None,2
m1mxwox6,98rzez3x,3dx232y1,xk9nlry2,None,2
m1mxwox6,98rzez3x,lde32le6,wk6vyood,None,2
m1mxwox6,98rzez3x,yd4qpg6e,7dgglp4d,None,4
m1mxwox6,98rzez3x,k6qo391g,7kjr4y42,None,3
m1mxwox6,98rzez3x,v1pojop6,n2y3178d,None,2
m1mxwox6,98rzez3x,4d79p3g1,xd1e9072,None,1
m1mxwox6,98rzez3x,76r4p418,wk6verxd,None,1
m1mxwox6,98rzez3x,pd0w5pv1,rklq4pr2,None,2
m1mxwox6,98rzez3x,w6jl4red,rklv9mnd,None,3
m1mxwox6,98rzez3x,3dx2pz41,5dw4vzlk,None,2
m1mxwox6,98rzez3x,46w707dr,7dg4xx7d,None,2
m1mxwox6,98rzez3x,v1polpz6,02qox9zk,None,3
m1mxwox6,98rzez3x,369vpg1l,xd137q4k,None,3
m1mxwox6,98rzez3x,46w3rrl1,wdmw18e2,None,4
m1mxwox6,98rzez3x,46wx8l1r,9d8vzoqk,None,1
m1mxwox6,98rzez3x,v1po4rp6,vdoxqqvd,None,2
m1mxwox6,98rzez3x,ldey7e13,zd30xged,None,2
m1mxwox6,98rzez3x,nd22jvd0,vdom8wo2,None,1
m1mxwox6,98rzez3x,o6glk7od,7dgrvngk,None,4
m1mxwox6,98rzez3x,o6gljend,824l78wd,None,2
m1mxwox6,98rzez3x,369pjxg1,zdnl6z72,None,1
m1mxwox6,98rzez3x,4d7ezl67,w208mn8d,None,3
m1mxwox6,98rzez3x,76rxrke6,9kvoyz02,None,3
m1mxwox6,98rzez3x,46w39391,5dw8p7ld,None,2
m1mxwox6,98rzez3x,pdvzve46,8241z7g2,None,2
m1mxwox6,98rzez3x,46w34871,mke9y76d,None,2
m1mxwox6,98rzez3x,pd0003de,wk6vn7rd,None,2
m1mxwox6,98rzez3x,m1mx2946,xd1lz5rk,None,1
m1mxwox6,98rzez3x,4d78wg67,w20v888k,None,2
m1mxwox6,98rzez3x,v1pezpd8,wkpm33gk,None,4
m1mxwox6,98rzez3x,3dxpo56y,wkpy950k,None,2
m1mxwox6,98rzez3x,46wge3dr,xd17g17d,None,4
m1mxwox6,98rzez3x,268e3j76,jdrxxvgd,None,2
m1mxwox6,98rzez3x,268e5ok6,n2y3608d,None,3
m1mxwox6,98rzez3x,76rx4le6,wk67qnod,None,3
m1mxwox6,98rzez3x,m1zj3ez6,vdoowjyd,None,2
m1mxwox6,98rzez3x,m1zj0g06,wkp3j5j2,None,2
m1mxwox6,98rzez3x,j1llxvj1,02qvmmjd,None,2
m1mxwox6,98rzez3x,o1y93v46,9kv7ovek,None,1
m1mxwox6,98rzez3x,k6q4zx0d,02qpq0yd,None,4
m1mxwox6,98rzez3x,369qwldl,jdznj3rd,None,4
m1mxwox6,98rzez3x,m1ml5362,z271e4z2,None,2
m1mxwox6,98rzez3x,pdvzp7o6,9kv780ek,None,2
m1mxwox6,98rzez3x,j1l5o46g,824pv3w2,None,3
m1mxwox6,98rzez3x,j1llypj1,9kvor532,None,2
m1mxwox6,98rzez3x,lde3ex56,vdo8zr6k,None,1
m1mxwox6,98rzez3x,4d78gg67,9kvx8m02,None,6
m1mxwox6,98rzez3x,nd2ew2vd,7kj39142,None,3
m1mxwox6,98rzez3x,j1n5wl1p,02qlje9k,None,5
m1mxwox6,98rzez3x,m1zq8310,mkeo9v8d,None,9
m1mxwox6,98rzez3x,76r77v18,z27g1l52,None,5
m1mxwox6,98rzez3x,pd0yjv6e,7kj135gk,None,1
m1mxwox6,98rzez3x,yd4opjk1,z27464o2,None,1
m1mxwox6,98rzez3x,9d3zve1l,wk61r6qd,None,1
m1mxwox6,98rzez3x,46w3g8l1,zdn8qp7d,None,2
m1mxwox6,98rzez3x,yd437x1e,zdnwv0xd,None,6
m1mxwox6,98rzez3x,v1pp3z18,wdmy34dq,None,6
m1mxwox6,qjoylv7x,76rxo946,jdzwew3d,None,3
m1mxwox6,qjoylv7x,76rxo946,jdzwew3d,None,8
m1mxwox6,qjoylv7x,v1pogy76,rklj9rqd,None,3
m1mxwox6,qjoylv7x,v1pogy76,xk9rj4xk,None,2
m1mxwox6,qjoylv7x,pd09ylde,xd1g5w7d,None,7
m1mxwox6,qjoylv7x,m1zj7j36,jdz930x2,None,1
m1mxwox6,qjoylv7x,k6q88m6g,vdo0zlvd,None,1
m1mxwox6,qjoylv7x,3dxrr5dy,wkpm1r8k,None,2
m1mxwox6,qjoylv7x,pd09ylde,xd1g5w7d,None,6
m1mxwox6,qjoylv7x,kdk9826m,wk6v68ed,None,6
m1mxwox6,qjoylv7x,3dxrr5dy,wkpm1r8k,None,1
m1mxwox6,qjoylv7x,kdk9826m,wk6v68ed,None,4
m1mxwox6,qjoylv7x,76rxo946,jdzwew3d,None,4
m1mxwox6,qjoylv7x,pd09ylde,xd1g5w7d,None,5
m1mxwox6,qjoylv7x,76rxo946,jdzwew3d,None,5
m1mxwox6,qjoylv7x,pd09ylde,xd1g5w7d,None,3
m1mxwox6,qjoylv7x,yd4o5zk1,zd38xlyk,None,4
m1mxwox6,qjoylv7x,pd09ylde,ndx7rpj2,None,1
m1mxwox6,qjoylv7x,pd09ylde,5dw91302,None,1
m1mxwox6,qjoylv7x,k6q88m6g,wdmz93o2,None,1
m1mxwox6,qjoylv7x,3dxrr5dy,7dg69g7k,None,1
m1mxwox6,qjoylv7x,76rxo946,jdzwew3d,None,7
m1mxwox6,qjoylv7x,kdk9826m,wk6v68ed,None,2
m1mxwox6,qjoylv7x,nd2e2oed,rklv966d,None,2
m1mxwox6,qjoylv7x,j1negge1,5dw6l002,None,4
m1mxwox6,qjoylv7x,yd437x1e,zdnwv0xd,None,5
m1mxwox6,qjoylv7x,m1mxwox6,wk6v8ped,None,3
m1mxwox6,qjoylv7x,kdk9826m,wk6v68ed,None,2
m1mxwox6,qjoylv7x,v1poek86,7dg4xpld,None,1
m1mxwox6,qjoylv7x,76rxo946,n2y7oe82,None,1
m1mxwox6,qjoylv7x,nd2e2oed,9kv7qvek,None,2
m1mxwox6,qjoylv7x,j1nex2l1,5dw4ymnk,None,1
m1mxwox6,qjoylv7x,j1nex2l1,mke9jgxd,None,1
m1mxwox6,qjoylv7x,nd28745d,wdm5zox2,None,1
m1mxwox6,qjoylv7x,nd28745d,zd3jy982,None,1
m1mxwox6,qjoylv7x,nd2ej0qd,xk9v0wvd,None,1
m1mxwox6,qjoylv7x,nd2ej0qd,z271gw42,None,1
m1mxwox6,qjoylv7x,m1mz7xd2,jdzv61rk,None,1
m1mxwox6,qjoylv7x,m1mz7xd2,jdzv61rk,None,1
m1mxwox6,qjoylv7x,yd49zp1e,z2733mgd,None,2
m1mxwox6,qjoylv7x,nd2e93qd,5dw7rngk,None,1
m1mxwox6,qjoylv7x,m1mz7xd2,jdzv61rk,None,1
m1mxwox6,qjoylv7x,76rmo418,vdo4yw92,None,27
m1mxwox6,qjoylv7x,m1mz7xd2,jdzv61rk,None,1
m1mxwox6,qjoylv7x,9d3lmwdl,wk6p84qd,None,6
m1mxwox6,qjoylv7x,yd4o5zk1,wkp0xyj2,None,2
m1mxwox6,qjoylv7x,yd4o5zk1,q251qq8d,None,1
m1mxwox6,qjoylv7x,ldejz9l1,q25jxovd,None,1
m1mxwox6,qjoylv7x,ldelo563,zdnrvwq2,None,1
m1mxwox6,qjoylv7x,ldelo563,zdnrvwq2,None,1
m1mxwox6,qjoylv7x,ldelo563,zdnrvwq2,None,1
m1mxwox6,qjoylv7x,ldelo563,zdnrvwq2,None,1
m1mxwox6,qjoylv7x,m1m7vx12,zdn10enk,None,6
m1mxwox6,qjoylv7x,ldejz9l1,jdrr9q5d,None,3
m1mxwox6,qjoylv7x,lde0ex63,9kvq3p0d,None,1
m1mxwox6,qjoylv7x,kdk9826m,7dggymxd,None,2
m1mxwox6,qjoylv7x,kdk9826m,7dggymxd,None,3
m1mxwox6,qjoylv7x,76rxo946,jdzwew3d,None,1
m1mxwox6,qjoylv7x,v1po0jm6,z27r1j4d,None,1
m1mxwox6,qjoylv7x,kdk9826m,wk6v68ed,None,3
m1mxwox6,qjoylv7x,kdk9826m,7dggymxd,None,5
m1mxwox6,qjoylv7x,9do3l3dp,02q9wvyk,None,1
m1mxwox6,qjoylv7x,9do3l3dp,02q9wvyk,None,1
m1mxwox6,qjoylv7x,9do3l3dp,02q9wvyk,None,1
m1mxwox6,qjoylv7x,9do3l3dp,02q9wvyk,None,1
m1mxwox6,qjoylv7x,9do3l3dp,02q9wvyk,None,1
m1mxwox6,qjoylv7x,9do3l3dp,02q9wvyk,None,1
m1mxwox6,qjoylv7x,9do3l3dp,02q9wvyk,None,2
m1mxwox6,qjoylv7x,yd4o58k1,7kj16vgk,None,1
m1mxwox6,qjoylv7x,w6jl4red,wk68owp2,None,1
m1mxwox6,qjoylv7x,j1nexre1,q25gq9jd,None,1
m1mxwox6,qjoylv7x,v1po0jm6,zdn089n2,None,1
m1mxwox6,qjoylv7x,j1nexre1,q25gq9jd,None,1
m1mxwox6,qjoylv7x,9d3lmwdl,ndx99ojd,None,6
m1mxwox6,qjoylv7x,kdkz0xed,zdnn5ged,None,1
m1mxwox6,qjoylv7x,3dxrr5dy,wkpm1r8k,None,4
m1mxwox6,qjoylv7x,9d3lmwdl,ndx99ojd,None,5
m1mxwox6,qjoylv7x,yd4o5zk1,824j38w2,None,2
m1mxwox6,qjoylv7x,m1mxwox6,wk6v8ped,None,2
m1mxwox6,qjoylv7x,m1mxwox6,wk6v8ped,None,3
m1mxwox6,qjoylv7x,yd4o58k1,7kj16vgk,None,1
m1mxwox6,qjoylv7x,yd4o58k1,7kj16vgk,None,1
m1mxwox6,qjoylv7x,yd4o58k1,7kj16vgk,None,1
m1mxwox6,qjoylv7x,9do3l3dp,02q9wvyk,None,1
m1mxwox6,qjoylv7x,9do3l3dp,02q9wvyk,None,2
m1mxwox6,qjoylv7x,9do3l3dp,02q9wvyk,None,1
m1mxwox6,qjoylv7x,9do3l3dp,02q9wvyk,None,2
m1mxwox6,qjoylv7x,9d3lmwdl,ndx99ojd,None,1
m1mxwox6,qjoylv7x,3dxrr5dy,wkpm1r8k,None,5
m1mxwox6,qjoylv7x,76rxo946,wk6vn0xd,None,1
m1mxwox6,qjoylv7x,9do3l3dp,02q9wvyk,None,1
m1mxwox6,qjoylv7x,kdk9826m,wk6v68ed,None,1
m1mxwox6,qjoylv7x,kdk9826m,7dggymxd,None,6
m1mxwox6,qjoylv7x,pd09ylde,rklvw06d,None,12
m1mxwox6,qjoylv7x,kdk9826m,wk6v68ed,None,2
m1mxwox6,qjoylv7x,kdk9826m,wk6v68ed,None,3
m1mxwox6,qjoylv7x,9d3rjn0d,ndx48pr2,None,2
m1mxwox6,qjoylv7x,kdk9826m,wk6v68ed,None,1
m1mxwox6,qjoylv7x,9d3lmwdl,ndx99ojd,None,4
m1mxwox6,qjoylv7x,j1ner2l1,mke9v3jd,None,1
m1mxwox6,qjoylv7x,9d3lmwdl,ndx99ojd,None,2
m1mxwox6,qjoylv7x,kdk9826m,wk6v68ed,None,1
m1mxwox6,qjoylv7x,kdk9826m,wk6v68ed,None,1
m1mxwox6,qjoylv7x,76rxo946,jdzwew3d,None,6
m1mxwox6,qjoylv7x,3dxrr5dy,wkpm1r8k,None,7
m1mxwox6,qjoylv7x,j1nexre1,jdrvx8n2,None,1
m1mxwox6,qjoylv7x,j1nexre1,jdrvx8n2,None,1
m1mxwox6,qjoylv7x,k6q4ox9d,z2717n02,None,1
m1mxwox6,qjoylv7x,o1y9k8v6,wkp3yqw2,None,1
m1mxwox6,qjoylv7x,kdk9826m,9d8jmglk,None,2
m1mxwox6,qjoylv7x,ldeppj13,7kjr4442,None,6
m1mxwox6,qjoylv7x,kdk9826m,wk6v68ed,None,2
m1mxwox6,qjoylv7x,kdk9826m,wk6v68ed,None,2
m1mxwox6,qjoylv7x,o1y9k8v6,vdo14qv2,None,1
m1mxwox6,qjoylv7x,j1nepry1,vdoojl1d,None,4
m1mxwox6,qjoylv7x,kdk9826m,wk6v68ed,None,1
m1mxwox6,qjoylv7x,j1ner2l1,n2yoe87d,None,1
m1mxwox6,qjoylv7x,k6q4ox9d,xk9vlq4d,None,1
m1mxwox6,qjoylv7x,kdk9826m,wk6v68ed,None,1
m1mxwox6,qjoylv7x,kdk9826m,wk6v68ed,None,1
m1mxwox6,qjoylv7x,9d3lmwdl,ndx99ojd,None,8
m1mxwox6,qjoylv7x,kdk9826m,wk6v68ed,None,1
m1mxwox6,qjoylv7x,76rxo946,jdrl9lgd,None,1
m1mxwox6,qjoylv7x,kdkz8jxd,9kvy6yjk,None,1
m1mxwox6,qjoylv7x,76rxo946,jdzwew3d,None,2
m1mxwox6,qjoylv7x,3dxrr5dy,wkpm1r8k,None,3
m1mxwox6,qjoylv7x,w6jl4red,rklv9mnd,None,1
m1mxwox6,qjoylv7x,w6jl4red,n2yg3v12,None,1
m1mxwox6,qjoylv7x,9dow9q71,xd1gyy7d,None,2
m1mxwox6,qjoylv7x,3dx2pwp1,ndx9xx5d,None,3
m1mxwox6,qjoylv7x,pdv29or6,9kv8xj8d,None,1
m1mxwox6,qjoylv7x,pd09ylde,ndx7yro2,None,2
m1mxwox6,qjoylv7x,pd09ylde,ndx7yro2,None,3
m1mxwox6,qjoylv7x,kdk9826m,wk6v68ed,None,4
m1mxwox6,qjoylv7x,pd09ylde,xd1g5w7d,None,4
m1mxwox6,qjoylv7x,pd09ylde,ndx7yro2,None,5
m1mxwox6,qjoylv7x,9do3l3dp,02q9wvyk,None,3
m1mxwox6,qjoylv7x,9do3l3dp,02q9wvyk,None,1
m1mxwox6,qjoylv7x,9do3l3dp,02q9wvyk,None,2
m1mxwox6,qjoylv7x,9do3l3dp,02q9wvyk,None,1
m1mxwox6,qjoylv7x,9do3l3dp,02q9wvyk,None,3
m1mxwox6,qjoylv7x,2688056p,w208mzzd,None,3
m1mxwox6,qjoylv7x,j1ln8v6g,xk9nx542,None,3
m1mxwox6,qjoylv7x,j1ln8v6g,xk9nx542,None,3
m1mxwox6,qjoylv7x,9do3l3dp,02q9wvyk,None,4
m1mxwox6,qjoylv7x,9do3l3dp,02q9wvyk,None,4
m1mxwox6,qjoylv7x,9do3l3dp,02q9wvyk,None,1
m1mxwox6,qjoylv7x,w6jl8q7d,mke9qr8d,None,3
m1mxwox6,qjoylv7x,w6jl8q7d,q25g37yd,None,3
m1mxwox6,qjoylv7x,w6jl8q7d,9kvo7v02,None,2
m1mxwox6,qjoylv7x,lde0ex63,9kvq3p0d,None,3
m1mxwox6,qjoylv7x,2688056p,w208mzzd,None,3
m1mxwox6,qjoylv7x,46wjw7dr,9d8y87kn,None,6
m1mxwox6,qjoylv7x,k6q489xd,vdom8g92,None,2
m1mxwox6,qjoylv7x,v1poek86,7kj1onzk,None,1
m1mxwox6,qjoylv7x,2688056p,w208mzzd,None,2
m1mxwox6,qjoylv7x,2688056p,w208mzzd,None,3
m1mxwox6,qjoylv7x,2688056p,w208mzzd,None,1
m1mxwox6,qjoylv7x,2688056p,w208mzzd,None,1
m1mxwox6,qjoylv7x,2688056p,w208mzzd,None,2
m1mxwox6,qjoylv7x,4d78gg67,9kvx8m02,None,4
m1mxwox6,qjoylv7x,2688056p,w208mzzd,None,3
m1mxwox6,qjoylv7x,2688056p,w208mzzd,None,1
m1mxwox6,qjoylv7x,2688056p,w208mzzd,None,2
m1mxwox6,qjoylv7x,2688056p,w208mzzd,None,1
m1mxwox6,qjoylv7x,2688056p,w208mzzd,None,2
m1mxwox6,qjoylv7x,2688056p,w208mzzd,None,2
m1mxwox6,qjoylv7x,lde0ex63,9kvq3p0d,None,3
m1mxwox6,qjoylv7x,lde0ex63,9kvq3p0d,None,3
m1mxwox6,qjoylv7x,lde0ex63,9kvq3p0d,None,3
m1mxwox6,qjoylv7x,2688056p,w208mzzd,None,3
m1mxwox6,qjoylv7x,2688056p,w208mzzd,None,3
m1mxwox6,qjoylv7x,2688056p,w208mzzd,None,1
m1mxwox6,qjoylv7x,2688056p,w208mzzd,None,1
m1mxwox6,qjoylv7x,9d32jg1l,ndxpj0o2,None,1
m1mxwox6,qjoylv7x,lde0ex63,9kvq3p0d,None,2
m1mxwox6,qjoylv7x,lde0ex63,9kvq3p0d,None,1
m1mxwox6,qjoylv7x,9d32jg1l,ndxpj0o2,None,2
m1mxwox6,qjoylv7x,pd09ylde,vdo8gq6k,None,2
m1mxwox6,qjoylv7x,lde0ex63,9kvq3p0d,None,3
m1mxwox6,qjoylv7x,lde0ex63,9kvq3p0d,None,2
m1mxwox6,qjoylv7x,pd09ylde,xd1g5w7d,None,2
m1mxwox6,qjoylv7x,9d32jg1l,ndxpj0o2,None,3
m1mxwox6,qjoylv7x,lde0ex63,9kvq3p0d,None,3
m1mxwox6,qjoylv7x,lde0ex63,9kvq3p0d,None,1
m1mxwox6,qjoylv7x,lde0ex63,9kvq3p0d,None,1
m1mxwox6,qjoylv7x,2688056p,w208mzzd,None,3
m1mxwox6,qjoylv7x,2688056p,w208mzzd,None,2
m1mxwox6,qjoylv7x,2688056p,w208mzzd,None,2
m1mxwox6,qjoylv7x,2688056p,w208mzzd,None,4
m1mxwox6,qjoylv7x,pd09ylde,rklvw06d,None,3
m1mxwox6,qjoylv7x,2688056p,w208mzzd,None,2
m1mxwox6,qjoylv7x,2688056p,w208mzzd,None,7
m1mxwox6,qjoylv7x,pd09ylde,rklvw06d,None,5
m1mxwox6,qjoylv7x,pd09ylde,ndx7yro2,None,4
m1mxwox6,qjoylv7x,pd09ylde,rklvw06d,None,10
m1mxwox6,qjoylv7x,o1y92q26,jdz8573d,None,7
m1mxwox6,qjoylv7x,m1mxx246,xd1egyz2,None,15
m1mxwox6,qjoylv7x,j1l05z1g,824m68g2,None,16
m1mxwox6,qjoylv7x,nd2okv60,n2y3gjmd,None,4
m1mxwox6,qjoylv7x,w6jl8q7d,jdrveeg2,None,3
m1mxwox6,qjoylv7x,j1negge1,ndx15112,None,9
m1mxwox6,qjoylv7x,k6ql4z1g,9d8vwewk,None,6
m1mxwox6,qjoylv7x,j1l05z1g,824m68g2,None,17
m1mxwox6,qjoylv7x,pd09ylde,rklvw06d,None,9
m1mxwox6,8rp7np3j,m1mnljxd,xd1w0rw2,None,1
m1mxwox6,8rp7np3j,m1mnljxd,9kvr0p32,None,1
m1mxwox6,8rp7np3j,9do89yo1,824qwxnk,None,1
m1mxwox6,8rp7np3j,9do89yo1,q255yog2,None,1
m1mxwox6,8rp7np3j,j1ne7vl1,9d86g672,None,1
m1mxwox6,8rp7np3j,o6glzy9d,9d8nmw3d,69z1z4ow,1
m1mxwox6,8rp7np3j,pd0wq31e,n2y1y72o,None,984
m1mxwox6,8rp7np3j,ldeg3e13,wk6pqzqd,None,1
m1mxwox6,8rp7np3j,ldeg3e13,zd3679ed,None,1
m1mxwox6,8rp7np3j,kdkmvpe1,02qr187k,None,1
m1mxwox6,8rp7np3j,kdkmvpe1,02qr187k,None,1
m1mxwox6,8rp7np3j,kdkmvpe1,02qr187k,None,1
m1mxwox6,8rp7np3j,kdkmvpe1,02qr187k,None,1
m1mxwox6,8rp7np3j,kdkmvpe1,02qr187k,None,1
m1mxwox6,8rp7np3j,kdkmvpe1,02qr187k,None,1
m1mxwox6,8rp7np3j,kdkmvpe1,02qr187k,None,1
m1mxwox6,8rp7np3j,kdkmvpe1,02qr187k,None,1
m1mxwox6,8rp7np3j,pdv8wo6w,mkeo03xd,None,1
m1mxwox6,8rp7np3j,pdv8wo6w,rklreqnk,None,1
m1mxwox6,8rp7np3j,4d7n8ql6,02q7qj9d,None,1
m1mxwox6,8rp7np3j,4d7n8ql6,jdr8gplk,None,1
m1mxwox6,8rp7np3j,4d7n8ql6,jdr8gplk,None,1
m1mxwox6,8rp7np3j,kdkx4g6m,mkezeq6k,None,2
m1mxwox6,8rp7np3j,w6jl9xed,zd36gznd,None,1
m1mxwox6,8rp7np3j,pdv8wo6w,rklreqnk,None,1
m1mxwox6,8rp7np3j,4d7rpn17,824pvne2,None,1
m1mxwox6,8rp7np3j,4d78ol67,wkpy0ggk,None,1
m1mxwox6,8rp7np3j,4d78ol67,vdo4xpy2,None,1
m1mxwox6,8rp7np3j,yd4oq451,q25gnqgd,None,2
m1mxwox6,8rp7np3j,76r3x9e6,z27wen4k,None,3
m1mxwox6,8rp7np3j,76r3x9e6,7dgyz4gd,None,1
m1mxwox6,8rp7np3j,o6g3jnd2,n2y651do,None,2
m1mxwox6,8rp7np3j,o6g3jnd2,9kv7r18k,None,2
m1mxwox6,8rp7np3j,o6g3jnd2,9kv7r18k,None,2
m1mxwox6,8rp7np3j,m1z022d0,n2yr7g1d,ywep0q7d,2
m1mxwox6,8rp7np3j,k6qwke06,zd35yzyk,None,1
m1mxwox6,8rp7np3j,k6qwke06,mkew51xk,None,1
m1mxwox6,8rp7np3j,ldejxwl1,824nznmk,None,1
m1mxwox6,8rp7np3j,j1lq4246,02q9nypk,None,4
m1mxwox6,8rp7np3j,m1mxx9k6,n2y5968k,None,1
m1mxwox6,8rp7np3j,m1mxx9k6,n2y5968k,None,2
m1mxwox6,8rp7np3j,m1mxx9k6,7kjp8yxk,None,1
m1mxwox6,8rp7np3j,m1mxx9k6,7kjp8yxk,None,1
m1mxwox6,8rp7np3j,m1mxx9k6,7kjp8yxk,None,1
m1mxwox6,8rp7np3j,m1mxx9k6,n2y5968k,None,1
m1mxwox6,8rp7np3j,m1mxx9k6,n2y5968k,None,2
m1mxwox6,8rp7np3j,m1mxx9k6,7kjp8yxk,None,1
m1mxwox6,8rp7np3j,m1mxx9k6,7kjp8yxk,None,1
m1mxwox6,8rp7np3j,m1mxx9k6,7kjp8yxk,None,1
m1mxwox6,8rp7np3j,m1mp3p12,xd1mzmwd,None,5
m1mxwox6,8rp7np3j,m1mxx9k6,7kjp8yxk,None,2
m1mxwox6,8rp7np3j,m1mxx9k6,q25qe6g2,rdqjk8g9,1
m1mxwox6,8rp7np3j,m1mxx9k6,q25qe6g2,5d7vm1ed,2
m1mxwox6,8rp7np3j,m1mxx9k6,q25qe6g2,kwj5qg19,1
m1mxwox6,8rp7np3j,m1mxx9k6,q25qe6g2,owo0pj3w,1
m1mxwox6,8rp7np3j,m1mxx9k6,q25qe6g2,xd17qmyd,1
m1mxwox6,8rp7np3j,m1mxx9k6,q25qe6g2,ewpj634w,1
m1mxwox6,8rp7np3j,m1mxx9k6,q25qe6g2,592z7k69,1
m1mxwox6,8rp7np3j,m1mxx9k6,q25qe6g2,29v3r6xw,1
m1mxwox6,8rp7np3j,m1mxx9k6,q25qe6g2,y9mjo609,1
m1mxwox6,8rp7np3j,m1mxx9k6,q25qe6g2,5wkj7xxd,1
m1mxwox6,8rp7np3j,m1mxx9k6,7kjp8yxk,None,2
m1mxwox6,8rp7np3j,m1mxx9k6,n2y5968k,None,1
m1mxwox6,8rp7np3j,m1mxx9k6,n2y5968k,None,1
m1mxwox6,8rp7np3j,k6qn396g,wk6jwoed,None,2
m1mxwox6,8rp7np3j,pdv25e46,9d8lnwl2,None,1
m1mxwox6,8rp7np3j,pd0jj36e,02q8e592,None,1
m1mxwox6,8rp7np3j,m1mxwox6,wk6v8ped,None,2
m1mxwox6,8rp7np3j,76rx7lv6,9d8g1r6k,None,2
m1mxwox6,8rp7np3j,nd28ne3d,zd3jn3v2,None,1
m1mxwox6,8rp7np3j,nd28ne3d,824nw03k,None,1
m1mxwox6,8rp7np3j,3dxxz4dy,w20q6pjd,None,2
m1mxwox6,8rp7np3j,j1nnl91p,jdron75d,None,3
m1mxwox6,8rp7np3j,j1llne71,q25qvpv2,None,2
m1mxwox6,8rp7np3j,pd0wqol1,xd1eoo72,None,1
m1mxwox6,8rp7np3j,o6glzy9d,mkezjq8k,None,2
m1mxwox6,8rp7np3j,k6qkyx6g,wkp1eegk,None,1
m1mxwox6,8rp7np3j,j1nzk91p,824m8yn2,None,1
m1mxwox6,8rp7np3j,76r3x9e6,7dgyz4gd,None,1
m1mxwox6,8rp7np3j,pdvzppk6,7kj16xgk,None,2
m1mxwox6,8rp7np3j,j1neqxe1,7dg40g4d,None,4
m1mxwox6,8rp7np3j,m1mnxv3d,q25xmjgk,None,1
m1mxwox6,8rp7np3j,76r3x9e6,zd3voyy2,None,1
m1mxwox6,8rp7np3j,76r3x9e6,9kvq6xjd,None,1
m1mxwox6,8rp7np3j,76r3x9e6,xd114mrd,None,1
m1mxwox6,8rp7np3j,kdkmvpe1,02qr187k,None,1
m1mxwox6,8rp7np3j,kdkmvpe1,02qr187k,None,1
m1mxwox6,8rp7np3j,kdkmvpe1,02qr187k,None,1
m1mxwox6,8rp7np3j,kdkmvpe1,02qr187k,None,1
m1mxwox6,8rp7np3j,kdkmvpe1,02qr187k,None,1
m1mxwox6,8rp7np3j,kdkmvpe1,02qr187k,None,1
m1mxwox6,8rp7np3j,kdkmvpe1,02qr187k,None,1
m1mxwox6,8rp7np3j,kdkmvpe1,02qr187k,None,1
m1mxwox6,8rp7np3j,76rmmv18,9d8j5rlk,None,1
m1mxwox6,8rp7np3j,m1mxx9k6,n2y5968k,None,2
m1mxwox6,8rp7np3j,m1mxx9k6,n2y5968k,None,2
m1mxwox6,8rp7np3j,m1mxx9k6,n2y5968k,None,5
m1mxwox6,8rp7np3j,m1mxx9k6,n2y5968k,None,5
m1mxwox6,8rp7np3j,o6gmon62,zd3lrond,None,1
m1mxwox6,8rp7np3j,o6gmon62,zd3lrond,None,2
m1mxwox6,8rp7np3j,369ek0dl,wdm64wok,None,1
m1mxwox6,8rp7np3j,o6gmm862,n2yjx9e2,None,1
m1mxwox6,8rp7np3j,o6gmon62,xd14qe8d,None,2
m1mxwox6,8rp7np3j,369ek0dl,7dg8olx2,None,1
m1mxwox6,8rp7np3j,w6jvke6j,w204nzkn,None,2
m1mxwox6,8rp7np3j,v1po4rp6,wdmv44od,None,1
m1mxwox6,8rp7np3j,kdkzmmxd,mkezxy8k,None,2
m1mxwox6,8rp7np3j,j1ne47l1,jdrx61nd,None,1
m1mxwox6,8rp7np3j,j1lvvjdg,z2779452,None,2
m1mxwox6,8rp7np3j,w6jvke6j,wdm1r4dq,None,2
m1mxwox6,8rp7np3j,k6qyv0dg,mkeo4p6d,None,2
m1mxwox6,8rp7np3j,kdkz4rgd,wdm6lzxk,None,1
m1mxwox6,8rp7np3j,kdkz4rgd,wdm6lzxk,None,1
m1mxwox6,8rp7np3j,268e4zo6,7kj6q6x2,None,1
m1mxwox6,8rp7np3j,y659471e,rkle7en2,None,1
m1mxwox6,8rp7np3j,y659471e,ndxpopr2,None,1
m1mxwox6,8rp7np3j,v1p2rmd8,9d867x32,None,1
m1mxwox6,8rp7np3j,3dx2rnv1,5dwgy10k,None,2
m1mxwox6,8rp7np3j,pdv8wo6w,mkeo03xd,None,1
m1mxwox6,8rp7np3j,pdv8wo6w,mkeo03xd,None,1
m1mxwox6,8rp7np3j,v1p99z68,vdoqgxok,None,4
m1mxwox6,8rp7np3j,lde3w856,ndxmx5o2,None,1
m1mxwox6,8rp7np3j,w6j027dj,w20glyok,None,1
m1mxwox6,8rp7np3j,k6qkyx6g,zdnw7z7d,None,2
m1mxwox6,8rp7np3j,ldeg3e13,7dg8vl72,None,1
m1mxwox6,8rp7np3j,lde3w856,ndxmx5o2,None,1
m1mxwox6,8rp7np3j,w6j027dj,rkllpj8k,None,1
m1mxwox6,8rp7np3j,kdk2lqdm,z27ge552,None,2
m1mxwox6,8rp7np3j,k6qkyx6g,wkp1eegk,None,1
m1mxwox6,8rp7np3j,k6qkyx6g,wkp1eegk,None,2
m1mxwox6,8rp7np3j,m1mxwmx6,wk6v81rd,None,2
m1mxwox6,8rp7np3j,369ek0dl,7dg8olx2,None,1
m1mxwox6,8rp7np3j,k6qkyx6g,wkp1eegk,None,1
m1mxwox6,8rp7np3j,m1mxwmx6,wk6v81rd,None,1
m1mxwox6,8rp7np3j,yd4q456e,mkeqmg6k,None,3
m1mxwox6,8rp7np3j,j1n8jx1p,824plzg2,n937znd0,4
m1mxwox6,8rp7np3j,j1n8jx1p,824plzg2,69z3eld1,4
m1mxwox6,8rp7np3j,j1n8jx1p,824plzg2,29v301wv,4
m1mxwox6,8rp7np3j,m1z022d0,q25mmx8d,None,5
m1mxwox6,8rp7np3j,o6gmon62,xd13q48k,None,1
m1mxwox6,8rp7np3j,yd4o58k1,7kj16vgk,None,1
m1mxwox6,8rp7np3j,y654g90d,jdrv6952,None,1
m1mxwox6,8rp7np3j,m1mxwox6,wk6v8ped,None,1
m1mxwox6,8rp7np3j,4d7nw367,7dggp0gd,None,2
m1mxwox6,8rp7np3j,m1mxl7p6,wk6wx0r2,None,21
m1mxwox6,8rp7np3j,k6qkyx6g,xk909wxk,None,2
m1mxwox6,jnzwmewj,o6gn4j51,q2594nyk,None,1
m1mxwox6,jnzwmewj,o6gn4j51,q2594nyk,None,1
m1mxwox6,jnzwmewj,o6gn4j51,q2594nyk,None,1
m1mxwox6,jnzwmewj,o6gn4j51,q2594nyk,None,1
m1mxwox6,jnzwmewj,o6gn4j51,q2594nyk,None,1
m1mxwox6,jnzwmewj,9d38q3y1,zdnonnx2,None,7
m1mxwox6,jnzwmewj,3dxk7x51,wdmmrzxd,None,1
m1mxwox6,jnzwmewj,9down4o1,9kv79yjk,None,3
m1mxwox6,jnzwmewj,9d38lze1,xk9x1n6k,None,1
m1mxwox6,jnzwmewj,lde322j6,5dw63r02,None,1
m1mxwox6,jnzwmewj,9d38lze1,xk9x1n6k,None,1
m1mxwox6,jnzwmewj,9d38lze1,xk9x1n6k,None,1
m1mxwox6,jnzwmewj,9d38lze1,xk9x1n6k,None,1
m1mxwox6,jnzwmewj,9d38lze1,xk9x1n6k,None,1
m1mxwox6,jnzwmewj,9d38lze1,xk9x1n6k,None,1
m1mxwox6,jnzwmewj,369p7r81,824n16gk,None,1
m1mxwox6,jnzwmewj,m1mxwox6,wk6v8ped,None,1
m1mxwox6,jnzwmewj,m1mxwox6,wk6v8ped,None,2
m1mxwox6,jnzwmewj,m1mxwox6,wk6v8ped,None,1
m1mxwox6,jnzwmewj,m1mxwox6,wk6v8ped,None,1
m1mxwox6,jnzwmewj,76rx7lv6,7kj98rn2,None,2
m1mxwox6,jnzwmewj,j1neqxe1,9kv613o2,None,2
m1mxwox6,jnzwmewj,j1neqxe1,rkl3omrk,None,2
m1mxwox6,jnzwmewj,j1neqxe1,7dg40g4d,None,3
m1mxwox6,jnzwmewj,76r3x9e6,z27wen4k,None,1
m1mxwox6,jnzwmewj,76r3x9e6,xk9w6qv2,None,1
m1mxwox6,jnzwmewj,nd2e94vd,8241wzw2,None,1
m1mxwox6,jnzwmewj,268e2xy6,jdrelq0k,None,1
m1mxwox6,jnzwmewj,9down4o1,zd38x7yk,None,3
m1mxwox6,jnzwmewj,268e2xy6,jdrelq0k,None,1
m1mxwox6,jnzwmewj,yd4o58k1,7kj16vgk,None,1
m1mxwox6,j9rdppoj,m1mzoxd2,mkeoomjd,None,10
m1mxwox6,j9rdppoj,j1n8vnl1,wdmo0x4k,None,1
m1mxwox6,j9rdppoj,9d3rjn0d,ndx48pr2,None,1
m1mxwox6,j9rdppoj,369m921l,wdmq7rx2,None,3
m1mxwox6,j9rdppoj,ldevr513,rklzrow2,None,1
m1mxwox6,j9rdppoj,kdkmrge1,9d8l3ll2,None,2
m1mxwox6,j9rdppoj,m1zk4401,wk6450qd,None,1
m1mxwox6,j9rdppoj,kdkmrge1,824808nk,None,1
m1mxwox6,j9rdppoj,m1mxwox6,wk6v8ped,None,2
m1mxwox6,j9rdppoj,3dxoxydy,jdrpzex2,None,8
m1mxwox6,j9rdppoj,ldej5k51,02q7nzpd,None,1
m1mxwox6,j9rdppoj,ldej5k51,5dwxe4e2,None,1
m1mxwox6,j9rdppoj,ldej5k51,jdzomzv2,None,1
m1mxwox6,j9rdppoj,ldej5k51,7dg7en7d,None,1
m1mxwox6,j9rdppoj,kdkzv52d,02qlqw7k,None,4
m1mxwox6,j9rdppoj,3dxoxydy,jdz5y7vd,None,5
m1mxwox6,j9rdppoj,4d795kz1,zd38jmvk,None,12
m1mxwox6,j9rdppoj,4d795kz1,w20q09vd,None,4
m1mxwox6,j9rdppoj,pd0qgw01,xd1qypw2,None,1
m1mxwox6,j9rdppoj,pd0qgw01,zd3r9erd,None,1
m1mxwox6,j9rdppoj,kdkzvmld,82465o3d,None,5
m1mxwox6,j9rdppoj,pd0qgw01,9kvlvz32,None,1
m1mxwox6,j9rdppoj,kdkzvmld,xk9gowvd,None,5
m1mxwox6,j9rdppoj,kdkzvmld,n2y5pv7k,None,3
m1mxwox6,j9rdppoj,kdkzv52d,02qlqw7k,None,5
m1mxwox6,j9rdppoj,pdv2r0k6,mkeye9j2,None,2
m1mxwox6,j9rdppoj,pdv2r0k6,5dwn045d,None,2
m1mxwox6,j9rdppoj,yd4keow6,wk64emqd,None,1
m1mxwox6,j9rdppoj,ldej5k51,vdonv8yk,None,1
m1mxwox6,j9rdppoj,9d38kne1,7dgmovpd,None,6
m1mxwox6,j9rdppoj,76rxy2e6,7dg4rnpd,None,1
m1mxwox6,j9rdppoj,j1nexre1,q25gq9jd,None,1
m1mxwox6,j9rdppoj,ldelo563,zdnrvwq2,None,5
m1mxwox6,j9rdppoj,m1mxwox6,wk6v8ped,None,1
m1mxwox6,j9rdppoj,46w2x876,9d8npl7d,None,1
m1mxwox6,j9rdppoj,j1nexre1,q25gq9jd,None,1
m1mxwox6,j9rdppoj,ldej5k51,xk996r4k,None,1
m1mxwox6,j9rdppoj,ldej5k51,xk996r4k,None,1
m1mxwox6,j9rdppoj,ldej5k51,xk996r4k,None,1
m1mxwox6,j9rdppoj,9do854m1,q259pgyk,None,1
m1mxwox6,j9rdppoj,k6qw5zo6,wkprl6j2,None,2
m1mxwox6,j9rdppoj,9do854m1,zdn730ek,None,1
m1mxwox6,j9rdppoj,k6qwr4x6,wk6w9zx2,None,1
m1mxwox6,j9rdppoj,46wpq9dr,z276glgd,None,3
m1mxwox6,j9rdppoj,268mkydp,z277p602,None,7
m1mxwox6,j9rdppoj,46w0271r,824mg6w2,None,18
m1mxwox6,j9rdppoj,j1lq9546,z27wyp5k,None,4
m1mxwox6,j9rdppoj,yd4kex56,xd1qqg72,None,1
m1mxwox6,j9rdppoj,m1zkorz1,5dwxx4e2,None,1
m1mxwox6,j9rdppoj,lder2l63,jdz5qv3d,None,42
m1mxwox6,j9rdppoj,pdv2g5o6,7dgm4g7d,None,4
m1mxwox6,j9rdppoj,j1lz8z6g,z27ggx42,None,42
m1mxwox6,j9rdppoj,3dxoxydy,jdrpzex2,None,8
m1mxwox6,j9rdppoj,nd2eqeed,mke4z962,None,4
m1mxwox6,j9rdppoj,o6glvznd,n2y7w972,None,5
m1mxwox6,j9rdppoj,nd22oed0,9d8ploqk,None,40
m1mxwox6,j9rdppoj,j1nel3w1,824jjen2,None,6
m1mxwox6,j9rdppoj,w6jlkk2d,5dwg9gek,None,2
m1mxwox6,j9rdppoj,j1lo7z1g,zd3zlvkn,None,8
m1mxwox6,j9rdppoj,yd4keow6,n2ym94z2,None,2
m1mxwox6,j9rdppoj,m1mxvz46,9kvmxz0k,None,9
m1mxwox6,j9rdppoj,46w3v591,02qpe19d,None,6
m1mxwox6,j9rdppoj,4d7n9en6,02q998yk,None,3
m1mxwox6,j9rdppoj,m1mxvz46,w20vmjok,None,10
m1mxwox6,j9rdppoj,v1po7576,n2y7w6e2,None,1
m1mxwox6,j9rdppoj,v1po7576,7kj1xygk,None,1
m1mxwox6,j9rdppoj,o6gql912,mkez3xjk,None,8
m1mxwox6,j9rdppoj,v1po7576,n2y7w6e2,None,1
m1mxwox6,j9rdppoj,v1po7576,n2y7w6e2,None,1
m1mxwox6,j9rdppoj,w6jlrjxd,mke46l92,None,5
m1mxwox6,j9rdppoj,j1n29w1p,z2739god,None,68
m1mxwox6,j9rdppoj,kdk59ldm,jdzpqn6k,None,14
m1mxwox6,j9rdppoj,ldeje0l1,w20e4q5d,None,2
m1mxwox6,j9rdppoj,v1po7576,jdz7y0xk,None,2
m1mxwox6,j9rdppoj,v1po7576,jdz7y0xk,None,1
m1mxwox6,j9rdppoj,v1po7576,jdz7y0xk,None,1
m1mxwox6,j9rdppoj,v1poegp6,9d8x40w2,None,3
m1mxwox6,j9rdppoj,3dx20pp1,mkelr4nd,None,2
m1mxwox6,j9rdppoj,3dx20pp1,z27owegd,None,6
m1mxwox6,j9rdppoj,3dx20pp1,5dw68602,None,3
m1mxwox6,j9rdppoj,pdv23v96,w208wrvd,None,1
m1mxwox6,j9rdppoj,3dx20pp1,zdnojr72,None,3
m1mxwox6,j9rdppoj,3dx20pp1,zdn1z3qk,None,1
m1mxwox6,j9rdppoj,3dx20pp1,9kv6qq82,None,3
m1mxwox6,1xy5d5y8,yd437x1e,wk6plnpd,None,14
m1mxwox6,1xy5d5y8,yd437x1e,wkp1o4vk,None,2
m1mxwox6,1xy5d5y8,46w22zl6,9kvqr00d,None,2
m1mxwox6,1xy5d5y8,yd4v5gde,9d8pxn3k,None,3
m1mxwox6,1xy5d5y8,46w3rrl1,wdmw18e2,None,3
m1mxwox6,1xy5d5y8,yd4v5gde,zd308rvd,None,5
m1mxwox6,1xy5d5y8,j1l7kedg,rklgmord,None,4
m1mxwox6,1xy5d5y8,pdv294v6,mkexjj6d,None,11
m1mxwox6,1xy5d5y8,kdkzgj2d,z27ryy0d,None,1
m1mxwox6,1xy5d5y8,nd2ekyed,7dgr50pk,None,2
m1mxwox6,1xy5d5y8,ldemgn13,wk6j4vod,None,12
m1mxwox6,1xy5d5y8,yd4v5gde,xd1rlq4k,None,5
m1mxwox6,1xy5d5y8,kdkz7ldm,02ql6pky,None,309
m1mxwox6,1xy5d5y8,nd2qj3d0,vdo4le12,None,2
m1mxwox6,1xy5d5y8,y65j2ede,xk9n9x62,None,2
m1mxwox6,1xy5d5y8,yd4v5gde,9d8pxn3k,None,2
m1mxwox6,1xy5d5y8,268eg76p,xd13708k,None,5
m1mxwox6,1xy5d5y8,m1mq93d2,jdz507rd,None,6
m1mxwox6,1xy5d5y8,w6jlz07d,xd1l9yrk,None,1
m1mxwox6,1xy5d5y8,9d32pg1l,wdm86wx2,None,3
m1mxwox6,1xy5d5y8,w6jlz07d,9d8x1q72,None,2
m1mxwox6,1xy5d5y8,j1neq7x1,zd3885rk,None,5
m1mxwox6,1xy5d5y8,j1neq7x1,xd1llwwk,None,6
m1mxwox6,1xy5d5y8,m1mxwox6,wk6v8ped,None,3
m1mxwox6,1xy5d5y8,w6j775x6,7dgxpr4k,None,4
m1mxwox6,1xy5d5y8,nd2ekyed,7dgr50pk,None,4
m1mxwox6,1xy5d5y8,lde3g9e6,z27ljyzd,None,6
m1mxwox6,1xy5d5y8,ldemgn13,5dwpx75k,None,10
m1mxwox6,1xy5d5y8,m1m7vx12,vdozp1kp,None,6
m1mxwox6,1xy5d5y8,9dogje6p,z277eq02,None,3
m1mxwox6,1xy5d5y8,v1pzq7d8,824xp53d,None,7
m1mxwox6,1xy5d5y8,kdkwredm,02q8ry92,None,3
m1mxwox6,1xy5d5y8,j1n4z96p,q25e8j2o,None,12
m1mxwox6,1xy5d5y8,yd4v5gde,rklxvznk,None,3
m1mxwox6,1xy5d5y8,268eg76p,zd3l7gnd,None,5
m1mxwox6,1xy5d5y8,4d70jn17,xd1oork8,None,115
m1mxwox6,1xy5d5y8,ldepgl13,vdoy4no2,None,1
m1mxwox6,1xy5d5y8,ldepgl13,wkpygxwk,None,2
m1mxwox6,1xy5d5y8,9d3lmwdl,rklg6r8d,None,4
m1mxwox6,1xy5d5y8,w6j775x6,7dgxpr4k,None,2
m1mxwox6,1xy5d5y8,lde3kle6,wkpvxpwk,None,1
m1mxwox6,1xy5d5y8,w6j775x6,7dgxpr4k,None,2
m1mxwox6,1xy5d5y8,268pmkdp,n2ynj1ko,None,13
m1mxwox6,1xy5d5y8,kdk9826m,7dggymxd,None,12
m1mxwox6,1xy5d5y8,kdkwredm,02q8ry92,None,2
m1mxwox6,1xy5d5y8,pdvnmo6w,wk6pj5od,None,14
m1mxwox6,1xy5d5y8,om1mkxd2,rklg9ndn,None,69
m1mxwox6,1xy5d5y8,3dxy056y,jdzwg6dv,None,28
m1mxwox6,1xy5d5y8,kdk9826m,7dggymxd,None,9
m1mxwox6,1xy5d5y8,yd4v5gde,jdzlz6g2,None,3
m1mxwox6,1xy5d5y8,o6g975d2,vdoqeq9k,None,6
m1mxwox6,1xy5d5y8,kdkwredm,02q8ry92,None,3
m1mxwox6,j265w0ox,ldej5k51,vdonv8yk,None,2
m1mxwox6,j265w0ox,m1zkwk31,5dwqv0gd,None,1
m1mxwox6,j265w0ox,m1zkwk31,824qe8gk,r9go2kpw,1
m1mxwox6,j265w0ox,m1zkwk31,5dwqv0gd,None,1
m1mxwox6,j265w0ox,m1zkwk31,5dwqv0gd,None,1
m1mxwox6,j265w0ox,9down4o1,9kv79yjk,None,2
m1mxwox6,j265w0ox,m1mx8zp6,z274p002,None,1
m1mxwox6,j265w0ox,lde34ol6,jdzwmm3d,None,1
m1mxwox6,j265w0ox,m1mxwox6,wk6v8ped,None,2
m1mxwox6,j265w0ox,9do8j271,zdnywlnk,None,1
m1mxwox6,j265w0ox,o1y97826,rklljrnk,xd02nxm9,1
m1mxwox6,j265w0ox,o1y97826,zdn018q2,None,1
m1mxwox6,j265w0ox,9down4o1,zd38x7yk,None,2
m1mxwox6,j265w0ox,3dx25vv1,q25evl82,None,11
